code/mhm/set_up/Parthe_0p0625/mhm_setup/morph/facc.asc
ncols                160
nrows                168
xllcorner            12.421875
yllcorner            51.125
cellsize             0.001953125
nodata_value         -9999
[rows 0 to 73 of 168, columns 0 to 95 of 160]
0 9 1 0 0 0 35 0 3 0 0 7 9 13 1 0 3 6 0 0 1 108 40 38 37 35 30 29 26 0 1 0 0 0 0 0 0 0 0 1 2 1 4 0 2 1 2 2 1 1 1 2 0 1 0 2 0 1 0 0 0 0 0 0 0 0 0 0 1 1 1 1 1 1 1 2 0 0 0 0 0 0 0 0 3 1 1 1 2 1 0 1 2 0 0 2
1 8 2 0 0 32 9 1 1 0 6 0 7 3 6 0 2 2 2 0 5 5 54 43 42 15 10 9 1 0 0 0 0 0 0 0 0 0 0 0 0 0 0 2 1 0 1 1 0 0 0 0 0 0 0 0 0 0 0 0 0 0 0 0 0 0 0 0 0 0 0 0 0 0 0 0 0 0 0 9 12 13 16 19 22 33 36 39 3 2 1 2 3 1 1 3
0 1 2 1 2 7 9 8 0 0 5 5 0 2 4 0 1 1 1 4 1 2 8 0 24 0 3 0 6 3 1 1 0 2 1 0 2 0 0 0 0 0 0 0 0 0 0 0 0 0 0 0 0 1 0 0 0 0 0 2 1 0 2 1 1 2 0 0 0 0 0 0 0 0 0 1 2 6 7 0 0 0 0 0 2 0 1 3 50 51 55 234 4 4 4 0
0 0 1 0 1 6 1 6 7 0 4 2 1 1 0 2 0 0 0 3 0 1 3 3 0 22 0 0 0 0 2 1 0 5 0 1 3 1 1 1 2 4 2 1 0 0 0 0 1 1 0 2 0 6 1 0 1 1 0 4 0 3 0 3 37 42 44 51 53 58 63 66 68 1 0 0 0 0 0 0 0 0 0 0 0 0 0 0 0 0 1 170 235 10 6 0
23 21 12 0 0 5 0 5 0 4 1 1 1 0 0 0 0 0 1 0 0 0 1 1 0 20 0 0 0 0 5 0 1 6 1 2 4 2 2 12 6 0 0 0 1 0 0 2 2 2 1 4 7 0 0 0 3 0 5 6 14 21 24 27 0 0 1 2 1 0 2 0 2 74 80 82 84 0 0 2 1 1 1 0 0 0 0 0 0 0 169 0 0 273 282 291
0 4 2 11 3 2 1 0 3 0 2 0 0 0 0 0 0 0 0 0 0 0 0 0 0 4 14 0 1 2 9 14 17 25 28 32 12 3 13 0 0 1 1 0 3 0 0 2 6 5 0 18 3 1 0 1 4 0 0 0 0 0 0 0 0 0 0 0 0 0 0 1 1 0 1 4 0 96 105 111 116 120 126 130 135 140 143 149 152 157 167 0 17 6 0 0
0 3 1 5 0 2 1 0 1 0 0 0 0 0 1 1 0 1 2 1 1 7 1 0 0 1 0 11 5 0 2 1 0 0 0 0 47 14 0 2 0 2 3 4 1 0 0 0 41 30 20 0 0 1 0 2 6 0 0 0 0 0 0 0 0 0 0 0 0 0 0 0 0 1 3 0 9 4 0 1 1 0 2 1 2 2 0 3 0 3 8 0 13 5 0 7
0 2 0 2 1 0 0 0 0 0 1 0 0 2 2 2 1 0 10 2 9 0 3 2 0 0 0 0 2 1 1 0 2 1 2 0 0 48 16 3 1 7 5 2 1 0 1 44 0 1 0 0 0 2 1 0 11 0 1 1 1 1 1 1 1 1 1 2 1 0 0 0 0 0 0 0 1 2 0 0 0 0 0 0 1 1 1 0 2 7 0 5 6 4 1 3
3 0 0 0 0 0 0 0 0 0 0 3 1 0 51 44 40 37 22 18 5 3 2 0 0 0 0 0 0 0 0 0 4 0 2 4 1 0 49 21 2 8 6 6 2 1 47 0 0 0 0 0 2 5 0 0 13 1 2 0 4 2 2 2 2 2 5 0 2 1 1 1 1 1 0 0 0 0 0 0 0 0 0 0 0 0 0 1 1 4 2 0 5 3 0 2
0 2 1 0 0 0 1 0 2 2 0 64 59 56 2 1 0 1 2 0 0 0 0 0 0 0 2 0 0 0 0 0 5 0 4 0 5 9 0 72 35 20 12 3 2 0 0 49 1 1 1 1 3 6 1 1 14 2 3 1 5 3 3 3 3 10 6 1 3 2 2 2 2 3 1 0 0 0 0 1 16 14 12 4 3 0 0 0 1 1 1 1 2 2 1 2
2 1 0 0 1 0 3 1 3 85 80 8 7 6 5 3 0 0 0 0 0 0 0 1 0 5 0 1 1 2 0 0 7 1 0 7 8 9 21 110 0 1 0 0 0 0 2 0 52 2 2 2 20 0 5 0 18 0 0 4 12 0 8 4 0 11 0 2 4 3 3 3 3 4 2 2 0 1 1 24 4 3 1 4 1 1 0 0 0 0 0 1 1 0 0 0
0 0 0 0 1 112 108 99 98 2 0 5 3 0 0 0 0 0 0 0 0 2 0 3 0 1 7 2 5 0 0 10 0 2 0 0 0 0 23 111 1 0 0 0 1 1 0 3 54 3 3 25 0 7 0 0 0 19 2 0 18 1 16 1 0 0 13 3 5 4 4 4 0 12 3 0 1 32 27 1 0 0 0 0 0 0 0 0 0 0 0 0 1 3 5 7
1 2 0 126 124 6 2 1 2 1 0 0 0 0 0 0 0 0 2 1 0 4 0 6 7 12 0 11 9 1 0 0 12 4 0 0 3 0 1 138 1 0 1 3 2 2 0 62 0 0 36 1 0 0 0 0 2 20 3 20 0 2 17 1 0 0 15 4 0 11 0 10 1 13 4 3 33 0 0 0 0 0 0 0 0 0 1 2 0 1 0 0 0 0 0 0
150 144 129 0 1 2 1 0 0 0 0 0 0 0 0 2 1 4 0 0 3 5 0 0 0 0 15 38 0 0 0 1 22 7 0 0 4 0 0 144 0 0 0 0 10 14 0 63 0 38 0 0 0 0 1 2 3 0 70 93 96 105 127 131 138 141 158 167 176 177 193 208 0 14 9 34 1 1 0 1 1 1 1 1 1 1 5 1 2 0 0 1 0 0 0 0
4 2 6 0 0 0 0 0 0 1 0 1 4 6 8 9 15 16 25 0 4 6 1 1 0 1 2 0 41 1 3 31 1 0 0 9 6 0 1 2 153 3 0 0 0 0 17 18 84 39 3 1 1 3 6 7 15 44 0 0 0 4 2 0 4 0 7 0 0 0 0 10 225 694 706 744 750 0 1 2 2 2 8 5 2 20 17 8 7 3 1 2 1 1 3 4
3 1 5 2 1 0 0 0 0 2 0 1 4 6 8 9 10 11 39 0 5 7 4 0 0 0 3 0 2 45 0 33 0 0 11 0 0 0 0 0 156 0 0 0 0 1 2 0 85 44 1 0 0 0 15 16 19 5 2 1 1 3 1 0 3 0 6 0 0 6 8 0 4 452 0 1 3 758 763 768 772 12 0 0 0 21 0 0 0 0 0 3 2 0 0 0
0 0 0 0 0 0 0 2 1 4 0 0 0 0 0 0 3 4 7 49 50 70 0 1 0 1 6 0 0 0 49 84 0 17 3 1 0 0 3 0 157 4 2 0 0 0 0 4 5 137 0 3 5 13 0 0 0 0 0 0 0 0 0 0 0 0 1 0 3 0 0 2 0 451 0 0 1 2 1 0 1 790 793 796 24 0 2 1 0 1 1 4 3 1 1 1
0 0 0 0 2 0 1 0 11 0 0 0 0 0 0 0 0 0 0 0 0 2 75 81 0 2 7 0 0 0 0 0 86 18 0 0 0 0 1 5 163 0 1 0 0 5 10 11 12 13 152 0 1 1 1 0 0 0 0 0 0 0 0 0 0 1 0 0 1 0 0 0 442 0 6 0 0 0 0 0 0 0 0 0 826 3 2 1 0 2 2 5 4 2 2 2
2 1 1 0 6 0 0 17 0 2 0 2 0 1 1 0 0 0 0 0 0 0 0 0 83 85 97 99 101 1 0 0 88 20 1 1 0 0 0 9 173 6 2 1 0 0 2 1 2 3 4 158 159 0 1 0 2 0 0 2 1 3 5 7 8 9 12 13 14 15 435 440 0 4 0 2 5 6 11 58 67 70 74 75 83 1098 1109 1114 1131 1138 1143 1154 1160 1164 6 0
3 0 4 8 0 0 0 27 8 4 3 0 2 7 0 0 2 4 2 0 0 0 0 0 0 0 0 1 0 102 3 90 0 21 6 3 0 0 1 185 0 0 0 0 0 1 0 0 1 2 3 4 5 166 224 229 235 239 243 375 377 381 383 385 387 390 392 395 401 418 2 1 1 3 1 1 0 3 1 43 7 1 2 0 5 186 6 1 14 2 0 3 94 96 1264 1275
4 0 16 0 1 43 41 11 10 8 7 4 0 1 10 13 0 0 6 4 1 1 0 1 2 13 15 17 20 22 130 124 31 30 0 0 0 3 2 187 0 0 0 0 0 0 0 0 1 2 3 4 50 56 1 1 1 1 1 127 0 2 0 0 0 1 0 1 4 12 1 0 0 2 0 0 0 0 0 42 6 0 1 4 1 183 5 0 13 1 2 0 92 0 1 1
86 78 58 56 54 4 3 2 0 0 1 1 0 0 0 1 15 0 0 13 2 2 0 6 8 0 0 0 0 0 256 0 7 6 2 0 0 5 207 15 14 9 3 1 1 3 5 6 29 33 35 44 5 2 0 0 0 0 0 0 125 0 0 1 0 0 0 0 2 7 3 0 0 0 7 12 17 37 41 1 3 0 3 0 182 2 1 11 0 0 1 2 87 0 0 0
1 0 0 0 0 1 0 0 0 0 0 0 0 0 0 0 18 0 1 0 17 3 0 0 0 0 0 0 0 1 271 11 0 1 0 0 0 219 4 2 0 1 4 2 2 6 10 21 1 2 0 1 4 0 0 0 0 0 37 50 0 72 68 57 56 54 0 1 1 1 2 2 4 6 3 1 1 18 2 0 2 1 0 181 0 0 0 0 9 0 1 1 30 53 2 0
0 0 1 0 0 0 2 0 2 0 0 0 0 1 1 1 20 0 1 3 22 0 0 0 0 3 0 0 2 275 0 0 0 0 0 2 221 1 0 0 0 0 0 1 1 2 2 7 0 0 0 0 1 1 0 21 31 35 3 2 4 2 4 2 0 44 7 0 0 0 1 1 3 0 2 0 0 17 1 0 0 0 0 180 0 0 0 0 7 0 0 29 3 45 0 0
0 0 0 3 2 0 3 4 0 0 0 1 2 2 0 4 21 0 1 29 0 0 2 1 0 1 290 284 279 1 0 0 0 0 0 1 230 0 0 0 0 0 0 0 0 0 0 1 6 5 0 0 0 0 19 4 1 2 2 1 3 1 1 1 1 43 0 5 4 1 0 0 2 0 0 0 16 0 0 6 14 15 19 25 151 5 0 5 0 4 28 2 1 38 2 0
1 0 2 4 3 1 9 1 0 0 1 1 5 3 1 5 22 1 35 0 0 1 1 5 299 295 3 0 0 0 1 0 1 1 0 0 232 0 0 0 2 1 1 0 0 7 6 1 0 2 0 0 12 14 2 3 0 1 1 0 2 0 0 0 0 0 41 0 0 0 0 1 0 2 7 11 2 2 4 3 2 2 1 2 143 0 1 4 3 2 19 1 0 5 31 0
2 0 4 0 9 12 3 0 0 0 1 4 0 6 11 44 0 0 36 0 0 1 2 308 1 0 0 0 0 0 3 3 0 3 0 0 235 0 1 1 0 28 22 19 13 2 1 1 0 0 0 6 3 0 1 1 0 0 0 0 0 0 1 10 19 25 13 4 3 2 0 0 0 1 1 2 1 1 0 2 1 1 0 1 89 52 0 3 2 1 18 0 4 6 4 18
3 6 0 0 12 17 0 0 0 2 0 2 6 0 0 0 48 49 51 90 1 0 2 316 1 0 0 0 0 2 8 13 8 6 1 237 0 0 54 33 32 1 0 2 1 0 0 0 0 0 1 3 1 0 0 0 0 0 0 0 0 1 7 5 1 4 2 4 1 0 0 0 0 0 0 0 0 0 0 0 0 0 0 88 45 4 0 2 1 0 17 3 4 0 3 6
0 7 1 0 0 32 1 0 1 3 0 1 10 1 0 0 0 0 1 0 92 3 0 322 1 0 2 0 0 0 23 0 0 0 238 63 62 58 0 15 1 0 0 0 0 0 0 0 0 0 0 0 0 0 0 0 1 1 1 1 0 0 3 4 0 3 1 0 0 0 0 1 0 0 0 0 0 0 0 0 0 0 87 0 43 2 0 1 0 2 13 2 3 2 2 2
0 8 3 0 0 1 35 1 2 0 5 0 2 13 1 1 0 0 0 2 0 93 4 324 0 0 3 1 1 0 9046 9020 9018 0 304 0 0 0 0 0 11 8 1 0 0 0 2 1 0 1 0 0 0 1 1 0 0 2 2 4 1 0 1 1 1 1 0 0 0 4 7 9 12 31 34 37 38 48 51 52 74 75 9 41 0 0 0 0 1 10 1 1 2 1 1 1
60 14 0 1 1 4 42 3 0 1 9 1 0 4 21 2 1 1 1 3 0 9544 9448 9442 9114 5 0 9061 9058 9055 4 0 1 9012 0 3 2 1 0 0 1 0 3 2 1 5 0 4 0 2 1 11 7 3 2 1 1 5 19 4 1 0 0 0 0 0 0 0 0 0 0 0 8 6 0 0 5 0 0 0 17 0 6 0 40 1 0 0 2 6 0 0 1 0 0 0
61 15 0 2 0 5 45 0 0 2 10 0 2 0 22 3 0 9576 9571 9568 9562 6 0 1 0 9105 9102 37 0 1 1 0 0 9 8695 0 0 0 0 0 1 0 0 0 0 6 0 5 0 3 0 12 0 0 0 2 0 0 24 3 2 0 0 0 0 0 0 4 1 0 1 4 2 5 2 1 4 0 3 6 16 1 5 0 37 3 2 1 1 5 3 1 0 0 1 2
63 17 0 3 7 46 0 0 0 0 4 12 3 0 10045 10020 10014 433 0 0 8 3 0 0 0 0 0 0 34 0 0 0 7 0 6 8682 4 1 0 3 0 1 1 0 1 7 1 0 7 4 1 13 1 1 1 3 2 27 1 0 0 0 0 1 2 2 5 0 0 0 0 0 1 1 1 0 1 1 0 0 8 0 2 2 19 8 0 0 0 0 0 0 0 0 0 0
91 18 5 0 57 1 0 0 0 0 0 5 10068 10050 2 0 1 0 430 0 7 4 2 1 0 0 1 33 1 0 0 2 2 0 4 0 8675 2 0 26 20 17 16 13 8 0 3 0 8 5 2 14 45 40 37 32 28 0 0 0 0 1 1 2 3 9 1 1 0 0 0 0 0 0 0 0 0 0 2 5 1 1 1 3 5 8 6 0 0 0 0 0 1 18 23 24
93 19 6 1 58 1 0 0 1 1 10089 10086 8 0 0 0 0 5 14 407 0 0 3 0 0 0 0 28 0 0 0 0 0 0 2 1 0 8668 33 5 4 2 0 0 0 6 0 1 9 0 24 46 0 0 0 0 0 1 1 2 0 2 2 3 4 12 0 2 1 2 1 0 0 0 0 0 1 0 0 0 0 0 0 2 4 2 4 4 3 0 6 12 14 0 1 15
97 0 30 0 61 0 1 0 10102 10098 5 1 0 5 3 0 4 0 12 402 3 0 0 0 0 3 5 1 18 12 10 8 0 0 0 0 0 0 8631 1 0 0 0 0 0 0 10 1 12 14 0 73 1 0 1 1 1 4 0 5 0 3 3 9 0 13 1 3 5 2 1 0 2 1 0 0 0 2 0 4 3 1 1 1 1 1 1 1 1 3 1 0 0 0 14 5
0 99 10231 10199 10197 10133 10129 10123 7 3 2 1 0 0 0 0 3 0 10 401 1 1 0 0 0 0 0 0 0 3 1 0 6 4 1 0 1 4 8628 0 0 0 0 1 15 13 0 0 0 0 15 8448 8372 4 0 2 17 9 7 0 0 4 14 0 1 16 4 0 25 18 11 8 6 0 1 1 1 4 6 0 0 0 0 0 0 0 0 0 0 2 0 2 6 13 4 1
35 10413 0 0 0 1 2 10 0 1 2 1 0 0 0 1 0 9 8 3 385 0 0 2 1 6 3 2 1 0 0 0 0 1 0 0 1 7 11 8609 0 1 22 20 1 0 0 0 0 2 8469 3 0 8363 22 18 0 0 0 0 1 20 1 0 2 60 42 30 3 1 0 0 0 0 2 0 4 12 0 0 0 0 0 0 0 0 0 0 0 0 1 0 1 5 3 0
10452 0 79 0 0 0 1 8 0 0 0 0 0 1 1 2 8 6 0 1 0 384 0 0 30 16 15 14 13 12 9 0 0 0 0 2 6 1 0 3 8602 23 0 0 0 0 1 8481 8478 8476 0 0 1 3 8335 8330 4 1 0 29 25 2 0 4 0 61 0 4 0 0 0 0 0 0 1 3 19 0 1 1 20 18 13 10 3 0 0 2 1 0 0 0 0 4 1 0
10454 0 0 76 2 1 0 0 7 1 0 0 0 2 0 4 1 4 0 0 2 0 378 38 6 5 4 3 0 0 0 7 3 2 0 0 1 0 0 1 16 8558 3 0 0 0 8495 9 0 0 0 0 2 1 1 3 8320 32 30 0 0 0 0 6 71 69 3 1 2 0 0 0 3 5 2 58 33 31 28 22 0 2 0 0 2 0 1 5 0 0 0 0 1 0 0 0
16 11 5 0 70 1 0 0 0 3 2 1 8 3 1 1 0 0 2 0 0 5 0 331 3 2 1 0 0 0 0 0 0 0 0 0 0 0 0 13 1 2 8550 8514 8511 8506 6 2 7 6 0 1 0 0 2 0 3 8281 2 0 0 1 8 73 0 0 0 0 0 0 1 0 0 0 69 0 0 0 0 1 0 1 0 0 1 0 1 10 2 1 0 0 0 2 5 10
0 3 4 4 0 67 1 0 0 0 0 0 13 0 0 0 0 0 0 2 3 0 0 6 319 1 0 0 0 4 0 0 0 0 0 0 0 8 12 0 1 31 2 1 2 1 0 1 1 0 3 0 0 1 0 2 1 3 8271 8264 8261 86 74 0 0 0 0 0 0 0 2 0 1 1 72 1 2 0 0 0 0 0 0 0 0 0 0 0 14 5 1 0 0 0 0 0
2 2 2 0 2 1 64 55 52 51 37 15 0 2 1 0 0 0 0 0 0 2 3 0 0 316 0 0 0 171 4 3 0 2 0 1 2 1 2 0 2 27 1 0 0 0 0 0 0 0 0 0 0 0 0 0 2 3 1 1 0 8171 4 3 0 2 0 1 1 1 3 1 2 0 0 73 5 1 1 2 0 2 1 0 1 2 0 1 15 6 1 0 0 0 0 0
0 0 0 1 0 0 2 3 0 11 0 17 5 4 3 2 1 1 0 0 0 0 1 3 4 308 0 176 174 0 160 7 6 5 0 0 0 0 1 0 0 25 0 0 0 0 1 0 0 0 0 4 0 0 0 1 1 0 0 0 0 0 8164 297 293 292 281 5 2 2 7 0 3 1 1 74 132 125 121 118 112 108 1 0 2 76 66 64 61 42 32 5 3 0 1 1
24 23 17 2 1 0 1 0 1 10 1 0 9 4 2 0 1 2 5 1 3 0 0 0 0 119 186 2 1 0 0 151 6 5 4 3 0 0 0 0 0 1 21 0 1 2 3 25 27 29 30 31 37 1 0 0 0 0 0 0 0 7864 9 0 1 0 5 273 13 12 0 0 0 6 220 217 7 1 0 1 1 3 96 94 86 1 5 3 1 1 1 23 21 15 14 4
0 2 1 13 11 8 7 0 0 6 0 0 0 2 0 0 0 0 0 9 4 0 0 0 115 1 5 2 0 0 3 61 76 24 23 22 21 20 17 2 0 0 13 5 0 13 15 1 11 16 20 22 24 66 69 0 0 0 1 2 7853 4 0 7 0 0 0 2 258 0 0 239 236 226 3 0 0 3 0 0 0 2 0 2 6 0 0 0 0 0 0 0 2 1 1 2
33 0 0 0 0 1 0 6 0 0 4 1 0 0 0 0 1 0 2 3 19 2 0 114 0 0 0 0 0 0 1 60 2 47 2 1 0 0 11 0 0 0 12 4 11 0 0 0 10 3 2 0 0 0 0 70 2 7835 7839 7843 0 0 2 0 5 0 0 0 0 255 242 0 0 0 0 2 1 0 2 1 0 1 0 1 0 5 4 3 2 1 0 0 0 0 0 0
0 32 3 1 0 0 0 4 0 0 1 0 0 0 0 0 2 0 0 0 1 25 0 110 6 4 1 0 0 0 0 59 1 4 38 32 2 0 10 0 0 1 10 3 9 1 0 0 9 2 1 0 0 0 0 73 7830 0 0 0 0 0 0 0 0 2 1 0 0 2 8 3 2 1 0 1 0 0 0 0 0 0 0 0 0 0 0 0 0 0 0 0 0 0 0 0
1 27 0 0 4 2 0 0 2 0 0 0 4 1 1 0 4 6 34 35 39 69 102 2 0 0 0 0 1 3 41 16 0 3 4 1 28 0 0 8 0 1 5 2 4 1 0 6 1 1 0 0 0 1 3 15 7738 0 0 0 0 1 0 0 0 0 0 0 0 0 1 1 0 0 5 2 1 0 2 1 0 2 0 1 1 3 0 1 2 1 0 1 1 1 2 1
0 4 20 19 0 0 3 0 0 4 1 0 2 9 14 17 20 25 0 1 0 28 1 0 1 0 0 6 7 28 6 15 0 2 0 0 0 27 3 0 4 0 4 1 3 0 4 0 0 0 0 3 7 8 9 0 7736 0 7 5 2 0 2 0 1 1 1 3 0 0 0 0 1 6 0 0 0 7 2 0 1 3 12 8 5 0 2 0 3 2 1 31 27 21 17 15
1 3 0 1 10 8 0 0 0 6 0 0 0 0 1 0 1 1 0 0 0 13 12 0 0 0 4 0 19 0 5 12 0 0 0 0 0 14 7 2 0 2 3 0 2 0 0 0 0 0 0 0 0 0 1 2 7734 51 0 0 0 4 0 1 2 2 2 4 2 0 1 0 9 1 1 0 15 5 4 2 0 18 0 0 0 0 3 1 4 39 33 0 0 0 0 0
0 0 0 0 0 0 0 0 40 31 28 3 2 1 0 0 0 0 0 1 12 0 1 7 0 0 10 16 3 0 1 2 11 0 0 2 10 1 5 0 1 1 2 0 0 0 0 0 1 0 1 0 0 1 0 1 7678 0 41 34 28 27 18 17 13 8 0 5 3 0 3 1 15 2 20 18 1 0 0 1 0 19 1 0 0 2 4 49 41 0 0 0 0 0 0 0
0 0 0 1 0 0 0 44 0 0 0 23 18 17 16 0 0 0 0 4 0 4 0 5 0 9 0 0 0 1 0 1 4 4 0 6 0 0 4 0 0 0 0 0 1 0 1 0 3 1 2 0 2 0 2 3 7674 0 0 3 3 0 0 0 0 0 6 0 5 0 0 6 16 22 0 0 0 1 0 3 0 20 2 1 4 0 55 0 0 1 0 2 1 0 1 1
10 7 3 0 0 1 47 0 0 0 0 0 3 0 1 12 10 7 1 0 0 3 0 2 0 1 3 2 0 0 0 1 1 1 1 1 1 0 0 0 0 0 0 1 0 2 1 3 8 0 3 8 12 1 0 0 7668 1 0 2 0 1 0 1 2 3 0 15 1 0 0 0 47 0 0 5 2 0 5 0 1 33 11 5 0 57 0 1 1 8 5 0 2 3 0 4
0 0 0 1 0 2 49 0 0 5 3 0 0 0 0 0 0 0 2 0 0 0 0 0 0 0 0 0 0 0 0 0 0 0 0 0 0 0 0 0 1 1 1 0 3 0 5 0 9 0 0 0 3 19 0 7661 3 2 0 0 0 0 0 0 0 0 4 0 74 55 53 51 1 1 6 0 10 8 1 2 34 0 0 0 59 1 0 14 9 0 0 3 4 0 6 1
0 0 76 74 71 69 13 12 11 3 2 1 0 0 0 0 0 0 0 0 0 0 0 0 0 0 1 0 12 10 1 0 0 0 0 0 1 1 0 2 0 5 2 0 2 4 1 9 20 3 0 0 0 121 147 7510 0 0 0 0 1 0 0 1 2 0 85 78 1 0 12 11 10 7 0 12 0 0 3 35 0 1 2 0 83 22 17 0 3 1 0 4 5 8 0 96
81 79 0 0 0 0 0 0 0 0 0 0 7 0 2 1 0 0 0 1 0 4 7 9 1 43 41 14 0 0 5 4 2 3 9 11 12 15 25 0 0 0 9 0 0 3 79 82 83 109 0 118 120 0 3 1 7506 0 0 0 0 2 1 3 588 584 496 495 182 181 167 166 165 164 162 161 147 143 133 96 94 93 87 85 0 0 0 0 5 1 0 129 117 105 103 0
728 723 720 3 0 0 0 1 1 2 1 8 0 4 3 3 0 2 2 0 0 0 0 0 58 0 21 0 0 0 1 0 0 1 3 0 0 1 0 26 43 0 0 11 0 73 0 0 1 3 117 0 0 0 0 0 3 7499 0 1 1 3 2 597 3 2 1 0 310 7 6 5 4 3 2 1 0 0 4 1 0 0 0 1 0 0 0 0 6 136 132 1 0 1 0 4
3 1 55 659 0 656 0 0 25 17 13 2 0 0 0 0 5 8 1 0 0 2 0 65 5 2 1 20 18 13 8 3 0 0 2 0 1 2 3 11 0 45 50 52 65 0 0 0 0 0 0 0 0 0 0 1 0 673 6822 9 4 0 608 6 5 4 0 0 0 300 295 294 273 272 3 2 1 0 0 0 0 3 0 3 0 1 1 8 137 2 1 0 3 2 1 0
1 0 54 0 657 0 652 29 1 0 0 0 0 2 0 2 233 3 2 0 0 3 67 0 0 0 0 0 2 0 2 0 1 0 0 0 1 4 5 0 0 0 0 0 0 0 1 9 11 13 17 0 1 1 0 0 666 5 0 6810 6803 611 0 0 0 0 1 0 1 2 0 0 18 14 267 266 1 0 0 0 5 0 4 0 200 199 196 179 19 15 14 13 1 0 2 1
0 6 2 42 38 0 0 620 615 1 0 1 3 0 0 237 0 213 2 1 0 4 69 1 0 0 0 0 0 0 0 0 0 0 0 0 0 0 0 1 0 0 0 0 0 2 3 0 0 0 0 21 0 0 3 664 0 4 1 3 0 6189 6181 3 0 0 0 0 0 0 0 0 0 1 13 1 263 260 259 257 221 220 212 207 3 2 1 2 20 15 11 8 6 5 1 0
5 1 1 0 33 1 1 1 1 610 301 297 295 289 251 3 1 1 207 205 154 148 131 1 0 1 7 0 0 0 0 0 0 0 1 4 0 0 0 0 2 2 0 2 0 0 0 0 0 0 0 0 636 638 651 7 0 1 0 2 5 0 0 6175 6162 3 0 0 0 3 7 0 0 0 1 8 0 1 0 26 0 0 0 1 1 1 0 1 1 1 2 1 7 1 0 1
1 0 0 31 0 0 0 0 0 307 0 0 0 35 7 0 0 0 0 49 3 10 0 55 12 11 0 3 1 0 2 4 6 8 0 1 8 0 3 0 2 6 10 15 0 4 0 2 4 6 8 611 0 9 1 6 0 0 0 0 4 0 10 0 0 6156 2 0 0 13 0 3 1 0 0 1 5 1 0 0 24 2 1 0 0 0 0 0 0 0 0 0 0 4 3 2
0 0 9 30 5 3 0 0 8 306 289 0 0 34 5 2 0 0 0 48 2 9 0 1 39 24 23 22 0 0 0 2 4 5 15 0 0 9 0 4 0 0 0 17 0 6 0 2 4 5 591 9 0 8 0 4 0 0 0 0 3 0 8 0 0 2 6148 6143 16 0 22 21 19 0 0 0 2 1 0 0 5 14 0 4 3 2 1 0 0 0 0 0 0 0 0 0
0 0 6 12 0 0 1 6 1 4 286 0 0 31 0 0 0 0 42 3 1 5 1 0 13 2 0 16 3 2 0 0 0 0 0 18 0 1 11 0 5 2 0 18 0 30 0 0 0 0 584 8 0 6 0 1 0 8 11 0 0 0 2 1 1 2 0 0 6124 27 3 0 0 17 15 12 10 4 1 0 3 12 8 1 0 0 0 1 0 1 1 1 1 1 1 1
13 5 1 1 7 0 0 5 0 0 2 285 30 0 1 0 0 40 1 0 0 4 0 3 9 1 0 15 0 0 0 1 0 1 3 0 19 3 0 12 1 9 11 0 21 0 31 568 570 582 0 6 0 2 0 0 6 0 1 15 16 0 0 0 0 0 0 72 2 6019 2 1 0 0 0 0 0 3 1 0 1 1 0 0 1 0 0 3 1 4 0 0 18 13 10 7
0 4 0 0 3 1 0 2 0 1 1 282 2 25 11 10 1 35 0 0 0 2 0 1 1 0 0 14 3 0 0 2 0 0 0 5 27 28 4 1 15 16 17 514 516 517 535 0 0 1 7 5 0 0 0 0 5 0 0 0 1 19 20 21 22 23 71 1 0 6015 1 1 0 0 0 0 0 2 0 0 0 0 0 0 0 193 189 187 182 174 172 157 136 135 134 133
10 1 1 0 1 0 0 0 0 0 0 280 1 6 3 9 0 0 32 1 0 0 0 0 0 0 13 0 0 5 2 3 1 1 0 0 0 0 30 38 39 40 479 2 0 12 0 2 0 0 6 3 1 0 0 0 0 0 0 0 0 4 6 7 8 46 0 0 0 6011 0 0 0 2 3 0 0 10 0 0 0 0 1 218 216 19 17 15 2 1 0 13 11 8 5 2
9 0 0 0 0 1 0 0 0 1 279 0 3 1 2 1 6 0 9 19 0 2 0 0 1 9 1 0 1 0 30 31 38 39 43 46 0 0 0 1 2 436 0 1 0 5 3 0 0 0 5 0 0 0 8 6 4 2 0 0 2 0 0 0 29 5 0 0 0 6008 0 0 0 27 19 0 13 0 8 0 1 5 222 0 0 0 0 1 9 3 1 0 1 1 1 1
0 0 0 1 0 1 43 45 65 66 276 0 2 0 1 0 5 0 6 12 4 0 0 0 5 0 0 0 11 18 0 1 5 6 7 0 48 50 51 325 429 2 0 0 4 0 0 0 0 0 0 0 0 11 0 0 0 0 0 0 0 13 0 26 0 1 2 0 4 6005 0 1 30 0 0 16 1 0 0 5 1 1 229 0 0 0 0 0 2 0 0 0 0 0 0 0
0 0 3 23 30 33 3 17 0 1 205 0 0 0 0 0 4 0 4 2 8 3 0 2 0 0 4 9 0 2 0 1 0 0 6 20 21 22 269 2 102 0 0 0 0 0 0 28 29 31 32 0 0 15 0 0 0 0 5 8 10 0 19 5 0 0 0 1 0 1310 4687 31 337 336 0 0 0 0 0 0 0 0 0 235 2 0 0 0 0 0 0 0 0 0 0 0
1 0 18 3 1 2 1 0 13 0 203 2 1 0 0 0 1 1 1 1 2 0 1 1 0 2 1 1 0 0 0 0 3 4 1 1 243 245 1 1 97 0 1 3 4 5 25 0 1 3 5 41 42 43 60 62 64 0 0 0 0 0 3 3 0 0 0 0 0 1308 4652 339 0 0 333 330 3 0 0 0 0 0 0 250 13 11 8 3 1 0 1 2 1 0 1 1
8 17 1 0 0 1 0 8 3 10 8 179 0 1 0 0 0 0 0 0 0 0 0 0 0 0 0 0 1 0 0 0 0 0 0 223 18 0 0 0 96 0 0 0 1 11 6 1 0 0 0 0 0 1 2 3 1169 1235 1236 1238 0 0 0 0 0 3 0 0 1303 1306 4311 0 0 0 0 0 323 320 318 314 312 309 273 17 0 0 0 0 0 0 9 2 1 0 2 2
1 3 0 0 0 0 7 1 0 9 7 1 175 9 3 0 0 0 0 0 0 2 0 0 0 0 0 0 0 2 1 7 10 11 222 0 14 1 1 2 7 86 0 0 0 8 0 2 0 0 0 0 1 2 3 1163 0 1 2 3 1243 1244 1245 1246 1247 1248 1298 1302 0 0 51 4257 0 0 0 0 0 0 0 0 0 33 0 1 16 14 9 0 0 0 12 0 3 0 3 6
