code/mhm/set_up/Parthe_0p0625/mhm_setup/morph/facc.asc
ncols                160
nrows                168
xllcorner            12.421875
yllcorner            51.125
cellsize             0.001953125
nodata_value         -9999
[rows 74 to 147 of 168, columns 0 to 95 of 160]
0 0 0 0 1 4 0 0 8 1 4 0 164 0 0 0 1 1 1 1 0 4 0 0 2 1 1 1 1 1 3 0 0 208 0 9 3 0 0 1 1 1 82 2 1 7 0 0 0 0 3 4 15 17 689 468 0 0 0 18 19 20 21 38 40 44 0 0 0 48 1 4 4249 2 0 0 0 8 7 5 0 32 0 0 0 3 0 6 2 0 3 17 22 1 13 1
0 0 0 0 0 0 0 7 0 1 1 34 127 0 0 0 2 0 16 11 8 1 0 0 0 4 2 4 0 4 0 0 207 0 3 8 0 2 0 0 0 1 57 17 0 1 3 0 0 1 5 7 1 0 670 463 2 0 15 0 2 4 15 0 0 0 0 0 47 0 2 0 0 4244 3 0 10 0 0 1 1 28 1 0 0 1 0 1 0 0 0 6 8 35 14 0
20 19 15 0 0 0 1 5 0 0 31 0 0 126 109 28 26 22 3 2 1 0 0 0 1 2 8 17 0 42 44 204 0 1 0 0 0 1 0 0 0 0 55 0 15 0 0 1 0 1 0 0 0 0 668 462 0 1 12 0 1 0 8 0 0 1 2 38 6 0 0 0 1 2 4234 4181 13 0 0 0 0 0 26 1 0 0 0 0 0 1 4 0 0 0 51 0
1 1 0 10 0 0 1 0 0 30 0 2 13 1 0 77 67 25 3 2 1 0 0 1 6 8 10 12 33 0 0 158 0 0 0 0 0 0 0 0 1 52 1 0 1 11 2 0 0 1 0 0 0 667 0 0 458 0 11 0 0 2 0 2 0 1 28 5 0 3 0 0 1 50 0 0 4165 1 0 0 0 23 19 2 1 0 0 0 0 1 0 0 0 0 0 52
0 0 0 6 0 1 2 3 27 0 0 8 0 0 7 0 40 0 19 2 1 0 0 2 0 0 0 0 0 0 119 35 0 0 1 4 5 8 10 12 51 0 0 0 6 0 0 0 1 2 6 8 566 98 0 0 0 455 9 0 0 0 0 0 0 19 5 4 0 0 0 0 39 9 0 0 0 4160 3 0 0 1 0 15 6 4 3 0 0 1 2 5 1 1 0 1185
0 0 1 5 0 3 9 15 6 1 3 3 0 4 6 0 39 0 4 10 1 0 0 1 0 0 0 0 0 0 117 33 0 0 5 16 19 22 25 28 5 0 0 5 1 0 0 0 1 2 552 554 1 96 0 0 0 454 7 2 1 0 2 3 9 7 4 2 0 0 19 26 11 7 0 0 3 0 4150 8 6 5 0 1 5 3 1 0 0 0 0 1 6 4 1214 26
0 0 1 0 1 3 0 4 3 0 2 2 0 1 0 0 36 1 0 7 0 0 1 2 9 10 90 92 112 114 0 31 0 3 8 0 1 1 1 1 1 1 1 1 0 5 534 538 541 544 3 0 0 4 89 1 4 448 3 0 0 0 0 2 4 6 3 0 0 17 0 5 10 4 0 0 0 0 0 4138 0 0 2 0 0 0 0 0 1 2 0 0 9 1222 0 2
0 0 0 0 0 2 0 2 0 1 1 1 0 1 4 34 0 0 3 0 0 0 0 2 0 76 0 0 15 0 25 0 2 2 2 4 0 0 0 0 0 0 0 0 2 0 524 2 1 1 1 0 1 1 88 0 0 447 0 0 0 1 0 0 0 5 0 0 9 0 5 4 9 3 0 0 0 0 1 4136 0 0 0 0 1 0 0 0 5 9 10 13 1234 0 0 1
0 1 1 0 1 0 0 0 0 0 0 0 0 1 1 1 24 0 1 1 10 12 0 0 74 0 2 13 0 21 0 1 1 1 1 1 1 0 1 2 0 0 0 0 0 0 522 1 0 0 0 0 0 75 0 9 0 0 445 426 4 0 0 0 0 4 0 2 3 0 4 3 8 1 0 3 5 29 30 4132 0 0 0 3 0 0 1 0 0 1 0 1253 3 2 1 0
0 2 2 3 0 0 0 0 1 0 0 0 0 0 0 13 9 0 0 7 1 28 43 69 2 0 2 6 7 2 9 0 0 0 0 0 0 0 1 2 462 472 478 479 480 517 3 1 0 0 1 61 68 5 5 0 0 14 2 0 419 8 7 3 0 3 0 0 2 0 3 2 7 0 0 0 0 21 0 4099 2 0 1 4 0 2 0 2 0 0 1264 6 5 2 0 0
0 0 48 41 1 1 1 2 0 2 0 1 8 10 12 4 3 0 6 0 20 4 0 24 1 1 3 1 6 1 1 6 4 2 0 0 0 0 0 455 4 1 3 1 35 24 0 0 0 1 58 0 4 4 2 1 6 6 1 8 0 399 0 1 0 1 0 0 0 0 0 1 2 2 0 1 16 3 0 0 4092 0 8 0 1 3 0 1310 1305 1303 35 2 0 0 0 0
55 54 0 1 31 27 16 15 8 0 0 5 0 0 1 1 2 0 3 19 0 2 20 2 0 0 2 0 5 0 0 0 0 0 0 1 3 5 453 2 0 0 2 0 7 0 22 0 41 48 3 2 3 3 1 0 5 5 0 7 0 2 393 385 0 0 0 0 0 0 0 0 1 1 0 12 0 1 0 0 25 4064 0 0 0 1324 1317 4 0 0 30 0 1 0 13 0
2 0 1 0 0 2 4 2 1 3 0 2 1 0 0 0 0 0 1 18 1 10 8 0 0 1 3 4 0 0 0 0 0 1 3 4 5 446 0 0 0 0 0 1 4 20 0 0 38 5 2 1 2 2 0 4 2 1 3 2 1 0 5 1 381 332 329 321 316 312 1 0 0 0 1 8 0 0 3 4 18 3 4049 1447 1445 118 1 1 0 2 0 25 19 17 0 10
0 1 0 0 0 0 0 0 0 0 0 0 0 0 0 1 0 0 17 0 8 0 2 4 0 2 0 1 0 1 26 28 29 30 31 32 415 22 0 0 1 0 0 3 0 9 8 35 1 4 1 0 1 1 1 1 1 0 2 1 0 4 0 2 44 0 5 2 1 103 203 4 3 0 0 0 5 0 1 17 1 0 3 2596 0 0 114 0 0 1 1 2 0 0 0 0
0 0 0 0 0 0 0 0 0 0 0 0 0 0 1 5 14 16 0 6 0 1 2 0 1 2 4 7 15 22 0 150 163 166 196 198 182 20 18 13 5 3 0 1 0 7 7 34 0 2 0 0 0 0 0 0 0 0 0 0 0 2 0 0 43 0 3 1 0 102 1 195 0 1 0 0 4 0 14 1 0 0 1 2594 1 0 1 111 0 0 0 0 0 0 0 0
0 2 0 1 1 2 0 2 1 0 2 2 0 0 2 1 2 0 1 2 0 0 0 0 1 0 1 1 1 0 2 149 11 1 28 0 181 1 0 2 4 0 2 0 0 5 6 32 0 0 0 0 0 0 0 0 1 0 0 0 1 0 19 21 20 1 0 0 0 101 0 193 7 6 4 0 1 10 2 0 0 0 0 2591 1 0 0 109 1 0 0 0 0 25 23 21
0 3 1 4 4 0 9 4 3 3 3 1 0 0 0 0 0 0 0 0 0 0 0 0 0 0 0 0 0 1 103 44 10 0 27 4 167 5 0 0 0 3 1 1 0 3 1 3 31 28 25 17 12 0 1 0 2 5 11 15 16 17 0 11 7 0 0 4 8 99 0 183 0 0 0 2 0 9 0 0 2 5 6 2587 2 1 0 0 105 103 1 1 32 4 3 0
81 78 69 58 51 50 0 17 16 11 6 1 0 0 0 0 0 0 0 0 0 1 3 0 0 0 0 0 0 102 0 42 9 22 3 3 3 162 4 3 1 0 0 0 0 1 0 2 1 1 5 0 2 8 0 0 1 3 1 1 3 5 10 0 6 0 2 2 24 0 62 25 156 12 0 1 0 3 3 1 1 1 0 2576 0 0 12 9 0 0 100 97 1 0 0 0
1 1 1 2 0 1 36 13 12 6 0 1 0 1 0 1 2 1 0 2 0 3 4 0 1 4 93 96 99 0 41 1 6 21 2 2 2 2 158 154 0 0 0 0 0 0 0 0 0 0 2 1 1 2 1 0 0 0 0 0 0 1 1 1 2 0 1 1 21 0 60 24 142 0 10 7 3 2 0 0 0 0 0 2 2570 14 0 1 7 0 1 1 57 0 0 0
0 0 0 0 0 0 0 2 1 2 4 2 0 0 3 0 5 0 4 5 38 63 70 73 74 84 1 0 1 40 0 3 1 20 1 1 1 1 1 0 153 0 1 2 0 0 0 0 0 0 0 0 0 1 0 0 0 1 0 0 0 0 0 0 0 0 0 0 19 59 0 22 138 2 0 2 2 0 0 0 0 0 0 0 2553 0 0 0 2 2 0 0 2 52 11 9
0 5 4 3 2 1 0 0 0 0 1 0 0 0 2 7 15 16 17 28 0 17 0 0 0 7 0 0 16 14 7 2 0 19 0 0 0 0 0 0 19 131 16 13 9 7 4 2 0 0 2 1 0 0 0 1 3 4 7 10 11 12 13 14 15 16 17 18 57 0 20 0 137 0 0 0 0 1 0 0 3 2 0 0 3 2546 0 0 0 0 0 0 0 0 38 3
6 0 0 0 0 0 4 3 2 1 0 0 0 1 3 4 5 6 9 0 3 16 2 0 0 6 0 2 15 13 6 4 1 18 14 5 0 0 2 4 17 22 90 87 84 80 1 0 0 4 0 0 0 0 0 0 0 0 1 2 22 25 26 27 41 42 53 56 0 17 1 0 136 0 0 0 0 0 0 0 4 3 0 0 0 2543 0 0 0 0 1 0 0 0 18 14
0 1 2 11 7 5 0 0 0 0 0 0 0 0 0 1 2 0 0 1 1 3 2 0 0 3 0 7 3 12 0 3 0 2 0 6 3 0 0 1 9 21 1 1 2 9 67 64 60 56 17 1 0 0 1 5 8 13 15 18 1 0 8 11 0 9 0 0 0 14 0 131 0 0 1 1 2 0 0 1 6 8 3 0 0 2541 0 2 0 0 0 3 6 11 5 3
0 5 12 0 1 0 2 1 1 1 1 0 0 1 0 0 3 0 0 0 0 0 1 1 1 0 2 3 2 2 8 0 1 1 1 1 1 2 0 2 5 20 0 0 1 8 1 2 1 1 30 12 4 3 1 0 2 0 0 0 0 6 1 3 8 1 2 6 10 2 118 11 0 0 2 6 0 0 3 2 7 10 0 0 0 2538 0 0 6 0 0 0 0 0 4 2
0 19 1 0 0 0 5 2 2 2 1 0 0 1 2 2 4 0 2 0 0 2 0 0 0 0 0 2 1 1 1 5 0 0 0 0 0 1 1 2 1 5 13 2 0 7 0 1 0 0 29 2 2 1 0 0 0 0 1 2 5 0 2 0 2 0 1 0 2 1 117 9 0 2 3 15 0 0 4 3 23 3 0 0 0 2535 0 8 0 0 2 0 0 2 0 1
27 26 3 1 0 1 9 3 0 5 1 0 1 0 5 6 8 1 5 0 6 0 1 0 0 0 0 0 0 0 0 4 0 0 0 0 0 0 0 1 0 4 7 1 1 6 4 1 0 0 27 1 1 0 0 0 0 0 0 0 0 0 0 0 1 0 0 1 0 114 1 8 0 1 2 3 20 1 5 29 0 0 0 0 224 2308 0 23 1 4 0 0 0 0 0 0
0 21 20 4 2 0 10 4 7 0 2 5 1 0 0 0 16 9 0 7 0 0 0 0 2 0 0 1 0 0 0 0 0 2 0 0 4 1 0 0 0 2 6 0 0 0 0 0 0 0 26 0 0 0 1 1 1 4 1 0 0 0 0 0 0 0 93 95 113 0 2 4 0 33 35 36 37 61 6 31 0 0 0 0 220 2306 24 0 10 1 0 0 2 3 0 17
3693 0 0 14 13 11 0 13 1 3 6 0 1 0 0 2 17 23 12 3 1 0 3 0 3 9 6 3 2 0 0 0 0 3 1 6 0 6 5 2 0 1 5 0 0 2 5 9 10 21 2 0 0 2 11 15 24 26 36 37 40 43 63 79 86 91 0 0 15 1 1 1 0 30 0 17 19 21 125 0 0 0 2 217 0 2 2277 0 0 1 1 4 6 8 16 0
6 3662 0 1 0 0 1 14 2 4 8 2 1 1 3 0 42 0 0 0 1 0 20 15 10 2 1 0 0 0 1 0 2 4 2 8 7 0 0 0 0 0 0 2 0 0 0 2 3 5 0 0 0 7 0 5 0 0 0 0 0 17 7 4 4 3 0 10 3 0 0 0 28 0 14 1 0 0 0 149 151 153 213 2 0 0 2274 0 0 0 0 0 0 0 0 1
0 3659 2 0 0 0 1 26 8 0 3548 3538 3534 7 0 44 0 2 1 2 0 21 0 0 3 0 0 0 1 1 0 3 3 5 3 9 8 1 0 0 0 0 0 1 0 0 1 0 1 0 2 0 6 0 4 1 3 5 8 13 16 3 2 3 3 2 0 7 0 1 0 13 13 0 12 0 0 10 21 0 6 55 3 0 0 0 10 2261 0 0 0 0 0 1 0 0
0 0 3653 3641 3628 3626 3624 3594 3591 3586 3 0 0 3522 3519 3517 3470 6 0 4 22 1 0 1 5 0 1 3 0 0 3 0 8 6 15 0 16 6 3 1 4 1 0 0 0 0 0 0 0 0 0 2 4 2 0 0 0 1 1 1 1 2 1 2 2 1 0 5 0 1 11 3 8 1 1 7 3 4 9 0 4 43 1 0 1 2 5 10 2247 2245 3 0 0 0 2 0
5 8 1 0 9 3 0 1 3 31 0 0 0 0 0 0 0 3460 3457 31 2 1 2 6 0 1 2 4 1 1 5 0 9 7 16 17 0 0 0 16 10 6 0 2 0 0 2 4 0 0 0 0 0 1 0 0 0 0 0 0 0 0 0 1 1 0 1 2 0 1 6 2 7 0 0 6 2 3 0 7 3 6 35 0 0 4 2 6 0 0 2238 2233 2229 2226 5 0
0 1 0 1 2 0 0 0 1 0 30 1 0 1 0 1 0 0 0 3423 14 11 10 1 2 3 0 7 2 0 6 98 96 85 74 0 31 29 24 2 0 2 3 0 3 0 0 0 10 3 1 0 0 0 1 4 0 0 0 0 0 0 0 0 0 0 0 0 0 3 1 1 4 1 2 2 1 2 2 3 2 2 2 34 0 2 1 2 2 1 1 2 0 2 2215 2209
0 0 0 0 1 1 0 0 0 2 27 0 0 0 3 4 7 8 26 30 3376 0 0 2 7 1 8 3 1 0 108 1 0 1 2 34 1 2 1 0 0 0 0 5 0 0 22 20 7 5 3 0 0 2 4 7 13 16 0 3 34 2 0 0 0 0 0 0 0 1 0 0 3 0 1 1 0 1 1 2 1 1 1 1 31 1 0 1 1 0 0 1 1 1 2 165
0 0 0 0 2 1 0 0 0 0 22 1 0 0 1 2 15 16 1 0 6 3367 0 15 3 2 13 2 1 109 0 0 0 0 0 0 0 0 0 0 0 0 0 0 7 25 0 0 0 0 0 0 0 0 0 0 2 5 23 28 0 43 44 47 1 1 6 3 2 1 0 0 0 0 0 0 0 0 0 0 0 0 0 0 29 0 0 0 0 0 0 0 0 0 0 163
0 1 1 3 5 0 0 0 1 0 18 0 0 0 1 2 11 0 1 3 1 2 3361 0 0 0 14 5 110 1 1 1 14 13 9 8 1 0 0 0 2 0 1 0 0 40 1 0 0 0 0 0 0 0 0 0 0 1 2 0 0 2 0 1 56 68 0 1 0 0 0 0 0 0 0 0 0 0 0 11 14 18 20 22 5 0 0 0 1 1 0 0 0 0 159 0
0 2 0 5 0 8 10 12 15 16 0 1 4 0 1 2 4 0 0 0 0 0 0 3342 0 1 15 143 25 22 19 16 0 0 1 0 5 4 2 0 0 8 0 1 0 0 45 2 1 3 0 2 0 2 5 0 0 0 0 0 1 0 1 2 0 0 73 1 0 0 1 4 6 0 3 1 1 0 10 0 0 2 0 0 0 2 1 0 0 5 1 2 4 153 0 2
0 4 0 0 6 0 0 0 0 0 0 0 5 0 1 2 3 0 1 2 3 0 0 3148 190 0 177 16 10 7 4 1 0 0 0 0 0 0 0 0 0 10 0 2 0 0 48 0 0 4 0 3 0 0 6 0 0 0 0 1 2 0 1 2 0 0 77 0 0 0 0 0 7 0 4 2 2 0 6 3 0 1 0 2 3 0 0 1 0 6 0 1 3 146 2 0
1 0 6 0 1 7 1 2 1 1 2 6 0 0 0 0 0 0 0 0 0 5 3136 9 0 186 4 2 1 1 1 1 0 2 0 0 2 2 0 0 1 0 17 1 0 0 0 49 1 5 1 5 0 0 9 1 1 1 0 0 0 3 0 3 1 0 0 78 1 1 1 1 8 0 6 13 5 1 0 0 0 0 0 0 1 8 0 2 4 5 13 0 119 15 2 0
12 13 16 7 1 12 2 286 290 294 295 310 319 325 328 330 332 3104 3109 3114 3120 3129 0 4 2 2 1 1 1 0 0 0 0 3 1 1 0 6 2 0 2 21 1 0 0 1 4 50 2 6 2 7 0 0 10 0 4 2 1 1 1 4 1 6 0 2 0 0 81 2 2 2 9 1 22 0 3 0 0 0 6 7 0 0 1 2 13 14 15 16 17 118 0 0 13 1
6 0 1 19 28 42 279 0 0 0 1 1 6 3 0 0 2769 0 2 2 3 2 3 1 1 1 1 0 0 0 0 0 1 4 4 0 0 8 0 31 23 0 0 0 0 1 0 60 0 0 11 8 1 1 11 1 0 8 2 2 0 7 2 8 0 3 0 1 0 88 3 0 0 35 0 0 0 0 0 2 1 0 9 1 0 1 2 3 4 5 77 6 5 3 0 12
0 0 1 3 8 234 1 0 0 0 0 0 4 2 0 2764 1 0 1 1 2 1 1 0 0 0 0 0 0 0 0 2 2 10 0 1 1 0 43 0 0 0 0 3 1 2 1 0 61 0 0 12 11 2 12 2 0 1 15 0 1 0 8 12 1 6 0 2 90 0 0 6 0 37 1 0 0 0 0 0 0 0 2 14 17 18 40 41 42 68 1 0 0 0 0 10
0 0 0 3 2 8 213 1 0 0 0 0 2 1 0 2762 1 0 0 0 0 0 0 0 0 0 0 0 1 1 1 0 6 11 3 0 0 47 0 1 1 0 0 0 6 3 0 3 62 1 1 13 0 15 16 0 1 0 19 0 4 0 0 24 0 7 0 3 92 0 8 0 0 39 2 1 2 1 0 0 0 0 0 0 6 19 0 1 5 18 2 0 0 0 2 4
0 0 2 1 0 3 5 204 1 1 0 0 0 0 0 10 2746 0 0 0 0 0 0 0 1 4 1 0 0 4 2 1 7 12 4 1 61 59 8 4 1 0 0 2 7 4 1 4 63 2 2 14 1 0 33 1 2 1 20 0 0 5 1 30 0 9 0 0 98 12 2 0 1 40 0 5 3 5 1 0 2 0 0 3 0 0 10 0 2 0 13 0 3 0 1 0
0 0 0 0 2 0 4 6 193 1 0 0 0 1 9 0 5 2738 8 1 1 0 1 9 7 0 0 1 1 8 0 2 8 0 18 65 0 0 0 0 0 1 1 3 8 0 7 69 0 3 0 3 17 0 38 0 3 2 0 22 1 6 0 0 31 10 0 101 15 1 0 0 2 41 1 6 0 11 0 6 1 0 0 0 0 3 9 1 0 0 2 9 3 0 0 0
0 0 0 0 1 2 0 5 179 8 1 0 0 0 5 2 0 0 2727 3 0 14 10 0 0 1 1 4 0 9 1 3 9 20 67 0 0 0 0 2 0 2 6 0 0 9 79 1 0 0 5 4 0 19 39 0 0 7 0 24 9 0 0 1 33 0 12 119 0 0 0 1 3 42 9 0 2 12 9 1 0 0 0 0 1 0 0 0 0 0 0 0 0 0 0 2
1 3 0 0 0 2 3 0 178 4 3 1 0 0 4 0 0 0 1 2723 2705 0 0 2 0 4 0 6 10 0 2 14 0 89 0 1 0 0 2 3 4 0 7 1 1 10 82 0 1 1 0 11 1 0 20 1616 1574 1572 1562 1558 12 0 1 2 34 14 120 0 1 1 0 6 0 55 0 0 0 17 12 1 0 2 0 0 0 0 0 0 0 0 0 0 0 0 0 0
6 1 0 0 0 1 58 68 176 97 93 7 1 0 0 3 0 0 15 0 4 2683 2681 2678 8 1 0 18 0 0 19 1 0 90 3 0 1 0 8 0 5 1 10 0 0 13 0 84 0 1853 1848 1846 1651 1647 1644 4 0 0 1 0 1518 1508 1505 1501 1491 1454 0 3 13 10 8 0 0 57 2 0 0 31 0 0 0 4 0 0 2 1 3 0 1 3 1 1 4 2 0 74
0 0 1 0 0 55 4 3 8 2 0 83 3 1 0 0 0 12 1 2 0 0 0 2 2662 2594 21 0 1 0 23 1 0 0 2230 2134 0 0 2118 2107 2105 2097 2092 2078 2075 15 0 1954 1868 12 0 181 0 0 0 0 1 0 0 7 0 1 0 5 0 102 1213 19 0 0 0 0 0 58 0 3 1 0 1015 981 977 976 14 12 10 4 0 0 0 0 6 119 111 110 109 32
18 15 8 3 54 3 2 6 0 1 0 1 79 1 0 0 1 9 2 0 1 0 1 65 0 0 2570 2467 2464 2455 2450 2424 2420 2404 155 1 2127 2125 3 0 0 1 1 0 0 2056 1964 5 0 3 6 0 180 178 176 174 1 0 0 6 0 0 3 0 4 96 0 1191 1185 1183 1 0 0 1 1111 1050 1045 1041 22 0 0 0 954 951 795 794 793 3 0 0 731 602 0 0 3 1
1 4 0 2 53 0 1 1 5 0 0 1 1 72 1 0 0 1 3 1 0 3 60 3 0 2 98 1 5 2 0 0 13 15 154 0 0 0 0 0 0 0 0 0 0 89 1 1 1 1 0 4 0 0 0 5 165 163 158 0 4 0 0 1 3 95 2 1 0 43 1134 0 1124 1122 5 1 0 0 17 2 0 0 0 2 151 0 0 786 782 736 2 0 600 597 590 1
0 1 1 1 51 0 0 0 2 1 0 0 1 2 63 0 0 0 2 0 2 53 1 1 0 0 97 0 4 0 1 0 11 5 8 153 151 149 11 10 9 0 0 0 0 87 0 0 0 0 0 0 3 1 1 2 0 1 0 156 0 2 0 0 2 94 1 0 1 0 39 1131 4 1 1 0 0 8 5 1 0 0 0 0 136 12 0 1 16 27 0 0 1 1 0 586
3 0 0 0 0 49 1 0 0 0 0 0 0 0 0 59 0 0 0 0 0 52 0 0 0 44 51 0 0 0 0 3 6 4 7 0 0 0 135 1 0 5 3 1 0 0 85 0 1 4 3 0 0 0 0 0 0 0 96 7 49 0 0 0 1 93 0 0 0 4 33 0 0 2 0 0 7 0 4 0 0 0 2 129 5 0 10 0 15 0 25 0 0 0 3 6
0 2 0 3 5 10 35 0 0 0 0 0 0 1 4 56 0 0 0 0 3 51 0 0 1 42 4 45 37 8 0 2 5 3 6 0 0 2 70 61 57 49 43 23 22 18 84 0 10 2 1 0 0 1 0 0 0 0 95 6 47 0 0 0 0 91 1 0 0 3 32 1 0 1 0 0 5 0 2 0 0 0 1 125 4 4 9 1 13 0 23 6 5 2 2 5
0 1 1 0 1 3 4 28 13 11 9 6 0 0 0 1 47 3 0 1 3 40 0 1 33 5 3 6 0 26 7 0 4 2 2 1 0 62 3 2 6 4 9 8 2 17 0 82 55 47 39 30 26 0 0 0 17 93 0 5 6 38 24 3 1 1 86 82 0 1 0 28 1 0 0 0 0 0 0 0 1 0 119 2 3 3 3 0 6 2 14 0 1 1 1 2
0 0 0 0 0 0 3 2 10 0 0 2 0 0 0 15 23 18 0 0 2 39 0 9 20 4 2 2 2 25 3 2 3 1 1 0 60 0 2 1 5 3 8 7 1 16 6 6 6 6 7 2 17 3 2 12 0 73 1 4 5 12 16 0 0 0 2 74 5 0 1 4 18 15 5 3 0 0 0 1 97 118 0 1 2 2 2 2 2 1 10 2 0 0 0 1
0 0 0 0 0 0 0 1 4 3 1 1 0 10 14 1 4 10 5 0 1 38 6 1 19 3 1 1 1 24 2 1 2 0 0 9 48 0 1 0 4 2 7 6 0 15 5 5 5 5 6 1 1 14 0 11 66 3 0 3 4 5 5 15 0 0 0 21 51 4 0 3 1 6 1 1 1 10 85 92 0 9 7 0 1 1 1 1 1 0 7 1 1 0 0 0
1 1 1 1 1 0 0 0 3 0 0 0 5 2 1 0 3 9 1 1 0 37 5 0 18 2 0 0 0 23 1 0 1 0 4 3 32 14 0 0 2 1 6 5 6 7 4 4 4 4 5 0 0 13 10 1 63 1 0 2 3 4 4 3 9 4 5 14 50 0 2 2 0 5 0 0 0 6 72 3 0 8 5 0 0 0 0 0 0 1 2 1 0 0 0 0
76 72 68 63 49 48 44 36 0 2 0 0 1 1 1 0 2 8 0 0 35 0 3 0 16 0 1 0 0 21 0 0 0 0 1 2 28 2 13 0 0 0 5 4 5 6 3 3 3 3 2 1 12 6 2 0 61 0 0 1 2 3 3 2 3 3 4 13 48 0 0 0 1 3 0 0 5 7 63 1 0 4 2 4 0 0 0 0 0 0 0 0 0 3 0 0
0 0 1 3 4 1 1 3 34 30 0 16 14 0 0 0 1 1 5 34 0 0 0 0 1 13 7 2 1 1 18 7 0 0 0 0 27 1 1 10 3 0 3 3 4 5 2 2 2 2 1 0 11 5 0 0 27 32 0 0 1 2 2 1 2 2 3 0 11 47 17 15 0 1 0 3 4 1 16 45 0 2 0 1 2 1 1 1 0 0 0 0 1 7 0 0
0 0 0 1 3 0 0 2 1 0 29 3 0 13 3 2 0 0 4 31 0 0 0 0 0 0 3 3 0 0 9 1 4 3 0 26 0 0 0 2 2 2 2 2 3 4 1 1 1 1 0 0 9 2 1 26 0 6 22 0 0 1 1 0 1 1 2 0 9 1 26 0 14 0 1 0 3 0 15 43 0 1 0 0 0 0 0 2 3 1 3 65 67 68 77 0
0 0 0 0 0 0 0 0 0 2 3 0 2 5 2 0 1 1 1 0 29 26 21 14 12 0 0 1 2 4 0 0 0 0 0 15 8 0 0 0 1 1 1 1 2 3 0 0 0 0 0 8 0 0 0 25 0 0 3 20 13 9 0 0 0 0 1 7 0 0 24 0 8 4 0 1 0 12 1 10 31 17 3 0 0 0 2 27 34 35 59 0 0 0 18 100
0 1 0 0 0 0 0 0 0 1 1 0 1 2 1 0 0 0 0 0 0 2 0 2 0 10 4 0 0 0 3 0 0 1 11 2 6 4 1 0 0 0 0 0 0 1 2 0 0 1 5 6 0 1 10 1 11 0 2 3 1 2 8 4 0 0 4 1 0 20 1 0 7 2 0 0 11 0 9 0 11 1 10 0 0 1 18 0 1 7 13 9 1 16 4 0
1 2 1 2 1 1 0 2 0 0 0 0 0 0 0 0 0 0 0 0 0 0 0 0 0 1 2 3 2 1 1 0 3 8 2 1 0 0 0 2 0 0 0 0 0 0 0 0 1 2 0 1 2 3 3 0 8 0 1 2 0 1 2 0 1 1 1 0 0 2 14 0 6 1 0 10 0 0 7 4 5 0 6 2 0 17 0 0 2 3 2 8 0 3 4 3
6 0 2 3 4 1 3 1 1 0 0 0 0 0 0 0 1 0 2 2 0 0 0 0 0 0 0 1 0 0 0 0 0 0 0 0 0 0 0 5 1 1 1 1 1 0 0 0 0 0 0 0 0 1 0 4 1 0 0 0 0 0 0 0 0 0 0 0 0 0 1 11 5 0 3 0 2 6 0 2 4 2 2 1 0 11 3 0 1 2 1 2 4 2 2 0
15202 15199 15197 18 8 5 0 2 3 1 1 0 1 1 0 2 2 1 3 4 1 1 0 1 2 0 0 0 0 0 0 0 0 0 1 0 0 1 0 9 0 4 0 4 1 1 1 0 0 0 2 5 0 1 2 0 0 0 0 0 0 0 0 0 0 0 0 0 2 0 0 10 4 0 2 1 2 2 1 1 1 1 1 0 2 2 0 0 0 1 0 1 1 1 1 1
0 0 0 15173 1 0 0 3 4 2 3 2 2 0 1 3 3 6 8 2 2 0 1 2 3 1 1 1 1 1 2 1 0 0 2 0 5 0 0 0 10 21 15 13 7 2 1 0 1 0 0 7 0 0 0 0 1 1 0 1 1 1 1 0 2 2 0 12 7 5 0 9 0 1 1 0 1 1 0 0 0 0 0 0 0 0 0 0 0 0 0 0 0 0 0 0
2 0 1 15170 1 0 0 5 0 8 4 3 3 3 4 4 0 16 0 0 0 3 3 3 4 2 2 2 2 5 2 1 0 4 0 7 0 0 0 40 26 3 2 0 0 2 0 1 2 1 0 0 8 1 3 0 2 3 0 2 2 2 41 37 35 30 16 1 0 0 2 1 6 3 0 0 0 0 0 0 0 0 0 0 0 1 1 1 1 0 0 0 0 0 0 0
5 6 7 15165 0 0 0 15048 15040 15038 10 0 4 4 5 7 0 21 2 0 0 2 7 12 22 26 30 40 36 32 25 19 17 16 9 0 2 0 2 43 1 0 0 0 2 15 11 9 6 2 1 3 4 14 23 0 3 0 6 7 0 46 0 0 0 7 0 0 0 0 0 0 0 0 2 1 0 0 1 4 1 0 2 5 6 7 22 7 4 2 0 7 5 3 0 0
47 48 50 64 15090 15059 15057 6 0 0 15016 15008 15004 14997 15 0 0 22 0 0 0 0 0 0 0 0 76 3 2 1 0 0 0 0 0 3 0 0 3 44 1 0 0 1 2 23 0 1 0 0 0 0 0 1 27 0 0 4 7 8 55 7 4 2 0 6 3 1 0 0 0 0 0 0 0 0 0 0 0 5 2 0 0 2 4 5 31 0 0 0 0 8 0 0 0 0
24 0 9 2 24 4 0 0 3 0 5 2 0 0 14975 374 368 366 1 2 0 0 2 273 271 269 190 189 188 187 7 3 0 2 4 1 0 6 4 49 1 0 0 0 2 3 32 0 0 0 2 0 1 0 28 2 0 0 84 60 0 0 0 0 0 0 0 0 0 1 0 3 0 1 1 1 1 1 1 0 9 1 0 0 0 0 0 33 1 0 1 0 10 78 76 73
21 8 1 2 20 1 0 0 1 4 0 0 0 14593 4 0 4 6 333 332 309 307 305 27 19 17 12 5 3 178 0 0 0 3 7 1 7 0 0 50 0 0 2 0 0 0 0 33 1 1 3 1 2 1 0 32 0 0 85 0 2 1 0 0 0 0 0 0 0 1 7 0 1 4 0 0 4 2 3 0 10 2 1 0 0 0 0 35 2 3 98 97 94 1 0 0
2 7 0 1 1 17 0 0 1 1 0 0 0 14591 0 2 3 4 0 5 12 8 3 6 0 3 5 0 1 0 177 28 27 26 21 12 1 1 0 52 1 3 0 0 0 0 0 36 39 2 0 5 11 2 1 33 1 87 2 0 0 0 1 0 1 1 2 0 0 3 12 2 0 0 5 2 5 0 8 0 11 3 2 1 0 2 1 36 115 107 0 0 0 0 0 0
1 2 3 0 0 4 11 0 0 0 0 2 14582 6 0 1 2 3 1 2 2 3 2 1 3 2 1 2 0 0 17 129 8 7 6 5 4 1 53 0 2 4 2 0 3 0 0 2 4 48 0 0 0 12 5 34 95 4 0 0 1 1 2 1 12 9 3 1 0 0 17 0 0 2 0 6 9 10 0 0 13 0 7 2 1 169 165 122 2 0 6 3 2 1 0 0
