code/mhm/set_up/Parthe_0p0625/mhm_setup/morph/soil_class.asc
ncols                160
nrows                168
xllcorner            12.421875
yllcorner            51.125
cellsize             0.001953125
nodata_value         -9999
[rows 114 to 151 of 168, columns 0 to 84 of 160]
1726 1726 1726 1542 1542 1542 1542 1542 1726 1726 715 1542 1542 1542 1542 1542 1542 1517 1517 1517 715 715 1726 1726 1726 1726 1918 1918 1918 1918 1918 1918 1918 1946 1946 1946 1984 1918 1918 1921 1916 1916 1916 1916 1916 1916 1918 1918 1918 1916 1916 1949 1916 1916 1916 1916 1916 1916 1916 1916 1916 1916 1916 1916 1916 1931 1918 1918 1973 1918 1918 1918 1918 1918 1949 1918 1918 1946 1946 1946 1946 1946 1946 1946 1906
1726 1726 1726 726 1542 1542 1542 1726 1726 1726 1726 1542 1542 1542 1517 1517 1726 1726 1726 1726 1726 1918 1918 1918 1918 1918 1918 1918 1918 1918 1918 1918 1976 1946 1946 1946 1946 1984 1918 1921 1916 1916 1916 1916 1916 1918 1918 1918 1916 1916 1916 1916 1949 1916 1916 1916 1916 1916 1916 1979 1979 1916 1916 1916 1916 1918 1918 1973 1973 1918 1918 1918 1918 1918 1949 1949 1918 1946 1946 1946 1946 1946 1946 1946 2646
1956 1726 1726 726 1542 1542 1542 1542 1726 1726 1726 1726 1726 1726 1726 270 1726 1726 1931 1906 1906 1918 1918 1918 1918 1918 1918 1918 1918 1918 1918 1918 1918 1946 1946 1946 1946 1946 1946 1931 1916 1916 1916 1916 1916 1916 1916 1916 1916 1916 1916 1916 1916 1916 1916 1916 1916 1979 1979 1906 1921 1906 1979 1916 1918 1918 1906 1906 1918 1918 1916 1916 1918 1918 1949 1918 1918 1918 1949 1946 1984 1984 1984 1918 2646
1956 1956 1726 1726 1542 1517 1517 1517 1517 1726 1726 1726 1726 1726 1726 715 270 1726 1726 1726 1931 1918 1918 1918 1976 1918 1918 1918 1918 1918 1918 1918 1946 1976 1946 1931 1931 1974 1974 1974 1916 1916 1916 1916 1916 1916 1916 1916 1916 1916 1916 1916 1916 1916 1916 1916 1916 1918 1979 1906 1906 1906 1979 1916 1931 1918 1906 1906 1976 1918 1916 1916 1916 1916 1916 1916 1916 1916 1984 1984 1946 1918 1918 1984 1918
1960 1956 1956 1726 726 1542 1517 1517 1517 1517 1726 1726 1726 1726 715 1726 1726 1726 1726 1974 1974 2653 1974 1974 1918 1918 1976 1918 1918 1918 1946 1946 1946 1946 1931 1974 1974 1974 1974 1974 1974 1906 1906 1906 1906 1906 1979 1979 1979 1979 1979 1916 1916 1916 1918 1918 1918 1918 1979 1979 1906 1906 1979 1916 1916 1916 1931 1918 1918 1918 1946 1918 1918 1916 1916 1916 1916 1916 1984 1984 1916 1918 1918 1918 1918
1956 1960 1726 1726 1726 1542 1542 1517 1517 1517 1517 1726 1906 1726 1726 1726 1906 1906 1906 1992 1992 2653 2653 2653 1974 1931 1918 1918 1918 1918 1946 1946 1974 1974 1974 1974 1974 1974 1921 1974 1974 1906 1906 1906 1906 1906 1906 1906 1906 2646 2646 2653 2653 2653 2653 2653 1918 1918 1979 1979 1979 1979 1979 1979 1916 1979 1931 1918 1918 1946 1946 1918 1918 1918 1918 1984 721 1517 1984 1916 1916 1918 1918 1918 1918
1960 1960 1960 1726 1956 726 1542 1542 1517 1517 1517 1517 1906 1906 1906 1906 1906 1906 1974 1974 1906 2653 1992 1974 1974 1974 1974 1946 1946 1946 1946 1931 1906 1906 1906 1906 1974 1974 1921 1906 1906 1906 1906 1906 1906 1906 1906 1906 2653 2653 2653 2653 2653 2653 2653 2653 1931 1931 1931 1931 1931 1979 1979 1979 1931 1918 1918 1918 1918 1918 1918 1918 1984 1517 1517 1984 1984 721 1916 1916 1916 1918 1918 1918 1906
1960 1960 1960 1960 1726 1726 1542 1542 1517 1517 1517 1517 1726 1906 1906 1906 1974 1974 1974 1974 2653 2653 2653 2653 1992 1992 1974 1974 1974 1974 1931 1931 1906 1906 1906 1906 1906 1906 1906 1906 1906 1906 1906 1906 1906 1906 1906 1906 1931 1931 1931 2653 1931 1931 1931 1918 1918 1918 1918 1918 1918 1949 1931 1931 1931 1931 1931 1931 1931 2653 270 1984 1984 1984 1916 1916 1916 1916 1916 1916 1916 1918 1982 1918 1906
1960 1960 1960 1960 1956 1956 1726 726 726 726 1517 1517 702 1726 1974 1974 1974 1974 1974 1970 1970 1946 1972 1946 1946 1946 1946 1921 1992 1974 1974 1974 2653 2653 2653 1906 1906 1931 1931 1906 1906 1906 1906 1906 1906 1972 1972 1931 1931 1918 1918 2653 2653 1918 1918 1918 1918 1918 1918 1918 1918 1916 1916 1916 1949 1916 1916 1906 1906 2653 2653 2653 2653 1916 1916 1916 1916 1916 1916 1916 1916 1916 1916 1918 1918
1956 1956 1956 1956 1956 1956 1956 1956 1956 1726 1726 726 702 702 1970 1970 1970 1970 1970 1970 1970 1972 1972 1946 1946 1946 1946 1921 1992 1992 2653 1992 1992 2653 2653 2653 1906 1906 1931 1931 1931 1931 1931 1931 1931 1931 1931 1931 1918 1918 1918 1918 1918 1918 1918 1918 1918 1918 1918 1949 1916 1916 1916 1916 1916 1916 1916 1906 1906 1906 1921 1931 1949 1931 1931 1931 1931 1931 1931 1931 1931 1906 1906 1906 1906
1960 1960 1958 1958 1960 1960 1958 1958 1960 1960 1960 1726 726 726 1726 1970 1970 1970 1970 1970 1970 1946 1946 1946 1946 1946 1946 1906 1906 2653 2653 2653 1992 1992 2653 1992 1906 1906 1931 1906 1906 1906 1906 1906 1906 1906 1931 1517 1906 1906 1916 1916 2653 2653 2653 1916 1916 1916 1916 1916 1916 1916 1916 1916 1916 1916 1916 1916 1906 1906 1906 1906 1916 1916 1916 1916 1916 1916 1949 1982 1982 1906 1906 1906 1906
1956 1956 1726 1960 1960 1960 1960 1960 1960 1960 1960 1960 1726 726 702 1726 1726 1918 1918 1918 1918 1918 1918 1946 1916 1916 1906 1906 1906 2653 2653 1931 1931 1931 1992 1992 1992 1906 1931 1906 1906 1906 1906 1906 1906 1931 1931 1906 1906 1906 1906 1906 1916 1916 1916 1916 1906 1906 1906 1979 1979 1916 1916 1916 1916 1916 1916 1906 1906 1906 1906 1946 1916 1949 1916 1916 1916 1916 1916 1982 1982 1982 1906 1906 1906
1956 1956 1956 1956 1726 1960 1960 1960 1960 1960 1960 1960 1960 1958 1726 1726 1726 1918 1918 1976 1918 1931 1931 1931 1918 1918 1906 1906 1906 1906 1906 1906 1906 1906 1906 1906 1946 1946 1946 1946 1921 1906 1906 1921 1979 1979 1979 1931 270 1931 1906 1931 1931 1931 1931 1931 1931 1906 1906 1979 1979 1979 2646 2646 2646 1985 1985 1906 1906 1906 1946 1931 1949 1916 1916 1916 1916 1916 1982 1982 1982 1906 1906 1906 1906
1956 1960 1956 1956 1956 1956 1956 1956 1958 1960 1960 1958 1726 1960 1958 1726 1726 1726 1726 1931 1918 1918 1918 1921 1918 1918 1918 1918 1918 1906 1906 1906 1906 1906 1906 1946 1972 1946 1946 1946 1946 1946 1946 1946 1946 1979 1979 1979 1979 1931 1931 719 719 1916 1916 1916 1916 1979 1931 1979 1979 1931 1931 1931 1931 1931 1906 1906 1906 1916 1946 1931 1949 1916 1918 1916 1982 1916 1916 1918 1918 1906 1906 1906 1906
1726 1960 1960 1960 1960 1960 1960 1960 1958 1960 1960 1726 1726 1726 1726 1726 1726 1726 1931 1918 1918 1918 1918 1918 1918 1918 1918 1918 1918 1918 1918 1918 1918 1918 1723 1972 1946 1946 1946 1946 1946 1946 1946 1946 1979 1979 1979 1979 1979 1979 1979 1979 1921 1916 1916 1916 1916 1941 1979 1979 1916 1916 1916 1949 1949 1949 1931 1906 1906 1916 1916 1916 1949 1931 1918 1918 1918 1918 1918 1709 1918 1979 1979 1918 1918
1726 1912 1726 1726 1955 1960 1960 1958 1960 1726 1726 1726 1956 1956 1726 1726 1726 1726 1918 1946 1946 1918 1918 1918 1918 1921 1918 1946 1946 1946 1946 1946 1946 1946 1946 1918 1916 1916 1946 1946 1916 1916 1916 1916 1916 1916 1979 1979 1979 1979 1979 1979 1921 1916 1916 1916 1921 1941 1916 1916 1916 1916 1916 1916 1949 1949 1949 1906 1916 1916 1916 1916 1916 1916 1916 1916 1916 1709 1931 1709 1916 1979 1979 1916 1916
1726 1726 1912 1912 1726 1726 1726 1726 1726 1958 1958 1956 1956 1726 1726 1726 1726 1726 1726 1726 1946 1946 1726 1726 1726 1726 1726 1726 1726 1726 1726 1726 1726 1946 1946 1946 1723 1916 1916 1710 1710 1710 1710 1710 1946 1946 1946 1946 1946 1946 1946 1946 1946 1946 1946 1941 1941 1918 1918 1918 1918 1918 1918 1918 1949 1949 1949 1931 1949 1916 1916 1916 1916 1916 1916 1916 1916 1916 1709 1931 1916 1916 1916 1945 1945
1726 1726 1726 1912 1912 1937 1937 1912 1912 1726 1726 1726 1912 1912 1912 1912 1726 1726 1726 1726 1726 1726 1726 1726 1726 1726 1726 1726 1726 1726 1726 1726 1726 1946 1723 1723 1723 1726 1726 1726 1726 1710 1710 1710 1938 1938 1938 1938 1918 1918 1918 1918 1946 1941 1941 1941 1941 1918 1918 1918 1918 1918 1918 1918 1918 1918 1918 1918 2646 2646 2646 1916 1916 1916 1916 1916 1916 1916 1709 1931 1709 1916 1916 1916 1916
1726 1912 1904 1904 1912 1912 1939 1939 1939 1939 1939 1939 1912 1912 1912 1912 1912 1912 1726 1726 1726 1726 1726 1726 1726 1726 1726 1726 1726 1726 1726 1726 1726 1726 1726 1726 1726 1726 1726 1726 1726 1945 1945 1945 1946 1946 1946 1946 1946 1726 1726 1946 1941 1941 1726 1946 1941 1918 1918 1918 1918 1918 1918 1918 1918 1918 1918 2646 2646 2646 2646 2646 1912 1916 1916 1916 1916 1916 1709 1931 1709 1709 1709 1709 1709
1912 1912 1912 1912 1939 1939 1939 1939 1939 1939 1939 1939 1939 1912 1912 1912 1946 1946 1946 1726 1726 1726 1726 1726 1726 1726 1726 1726 1726 1726 1726 1726 1726 1726 1726 1726 1726 1958 1958 1726 1726 1945 1726 1726 1726 1958 1958 1958 1955 1955 1955 1955 1726 1726 1726 1946 1946 1941 1918 1918 1918 1918 1918 1920 1920 1920 1920 1920 1920 1918 2646 1916 1916 1916 1916 1916 1916 1916 1916 1709 1709 1709 1709 1709 1709
1939 1939 1939 1939 1939 1939 1939 1939 1939 1939 1939 1939 1939 1939 1946 1946 1946 1946 1946 1918 1943 1726 1726 1726 1726 1726 1726 1726 1726 1726 1726 1726 1726 1726 1726 1726 1726 1958 1726 1726 1958 1958 1958 1958 1958 1958 1958 1958 1958 1958 1955 1955 1726 1726 1726 1946 1946 1941 1941 1918 1918 1918 1918 1918 1918 1918 1918 1918 1918 1918 2646 2646 1916 1916 1916 1916 1916 1916 1916 1709 1931 1709 1916 1916 1916
1939 1939 1939 1939 1939 1939 1939 1939 1939 1939 1939 1939 1939 1939 1939 1946 1946 1918 1918 1918 1943 1943 1943 1943 1943 1943 1943 1726 1726 1726 1726 1726 1726 1726 1726 1726 1726 1726 1958 1958 1958 1958 1958 1958 1958 1958 1958 1958 1958 1955 1955 1955 1955 1941 1946 1946 1946 1941 1941 1941 1941 1918 1918 1918 1918 1918 1918 1918 1918 1918 2646 1918 1918 1916 1916 1916 1916 1709 1931 1931 1709 1916 1916 1916 1912
1946 1939 1939 1912 1939 1939 1939 1939 1939 1939 1939 1939 1939 1939 1946 1946 1946 1918 1918 1918 1918 1918 1943 1943 1918 1918 1946 1946 1726 1726 1726 1726 1726 1726 1726 1726 1726 1726 1726 1955 1958 1958 1958 1958 1958 1958 1958 1958 1958 1958 1955 1955 1955 1941 1941 1946 1946 1941 1941 1941 1941 1941 1941 1941 1946 1918 1918 1918 1918 1918 2646 1918 1918 1916 1916 1709 1709 1931 1709 1916 1916 1916 1912 1912 1912
1959 1726 1726 1726 1912 1912 1939 1939 1939 1939 1939 1946 1946 1946 1946 1946 1946 1946 1918 1918 1918 1918 1918 1918 1946 1946 1946 1946 1726 1726 1726 1726 1726 1726 1726 1726 1726 1726 1726 1726 1955 1958 1958 1958 1958 1958 1958 1958 1958 1958 1955 1955 1955 1938 1938 1941 1941 1938 1938 1938 1938 1938 1938 1938 1938 1946 1946 1946 1918 1918 1918 1918 1916 1709 1931 1931 1709 1916 1916 1916 1916 1916 1916 1918 1918
1726 726 726 726 726 1726 1726 1912 1912 1912 1946 1946 1946 1946 1946 1946 1946 1946 1946 1946 1946 1946 1946 1946 1946 1946 1946 1726 1726 1726 1726 1726 1726 1726 1726 1726 1726 1726 1726 1726 1726 1955 1955 1958 1958 1958 1958 1958 1958 1958 1958 1955 1955 1938 1938 1941 1938 1938 1938 1938 1938 1938 1938 1938 1938 1938 1946 1946 1918 1918 1918 1918 1916 1916 1709 1709 1916 1916 1916 1918 1918 1918 1710 1912 1912
726 726 726 726 1479 726 1958 1726 1726 1726 1912 1912 1946 1946 1946 1946 1946 1946 1904 1946 1946 1946 1946 1946 1946 1946 1946 1946 1726 1726 1726 1726 1726 1726 1726 1726 1726 1726 1726 1726 1726 1955 1955 1955 1955 1958 1958 1958 1958 1958 1726 1726 1726 1938 1938 1938 1938 1938 1938 1938 1938 1938 1938 1938 1938 1946 1946 1710 1710 1710 1916 1916 1916 1916 1709 1709 1916 1710 1710 1710 1710 1710 1916 1916 1912
726 726 726 726 1479 1958 1958 726 726 726 1726 1726 1726 1912 1912 1912 1912 1904 1912 1912 1946 1946 1946 1937 1726 1726 1726 1726 1726 1726 1726 1726 1726 1726 1726 1726 1726 1726 1726 1726 1726 1726 1726 1726 1726 1726 1955 1955 1955 1726 1726 1726 1726 1938 1938 1938 1938 1938 1938 1938 1938 1938 1938 1938 1946 1710 1941 1941 1918 1918 1710 1710 1916 1916 1916 1916 1710 1710 1710 1710 1918 1918 1918 1918 1916
726 726 726 1542 1542 1726 726 726 726 726 726 726 726 1726 1726 1726 1726 1912 1912 1912 1912 1726 1726 1726 1726 1726 1726 1726 1726 719 1726 1726 1726 1726 1726 1726 1726 1726 1726 1726 1726 1709 1709 1709 1709 1709 1726 1726 1726 1726 1726 1726 1726 1938 1938 2646 2646 1938 1938 1938 1938 1946 1946 1946 1941 1941 1918 1918 1918 1918 1918 1918 1710 1710 1710 1918 1918 1918 1918 1918 1918 1918 1918 1916 1941
726 726 726 726 1542 726 726 726 726 726 726 726 726 726 726 726 726 1726 1726 1726 1726 1726 1726 719 719 719 719 719 719 719 719 1726 1726 1726 1726 1726 1726 1726 1726 1726 1920 1709 1709 1709 1709 1709 1709 1726 1726 1726 1726 1726 1938 1938 1938 2646 1946 1946 1946 1946 1941 1931 1931 2646 2646 1918 1918 1918 1918 1918 1918 1918 1918 1918 1918 1918 1918 1918 1918 1918 1918 1918 1918 1941 1941
726 726 726 726 1542 726 1958 726 726 726 726 726 726 726 726 726 726 726 726 1726 1726 726 726 726 726 726 726 726 726 726 726 726 1726 1726 1726 1726 1726 1726 1726 1726 1920 1709 1709 1920 2646 2646 2646 1709 1709 1938 1938 1938 1938 1938 2646 2646 2646 2646 1941 1931 1941 1941 1941 1918 1918 1918 1918 1918 1918 1918 1918 1918 1918 1918 1918 1918 1918 1918 1918 1918 1918 1710 1710 1710 1710
726 726 726 726 726 726 1726 1958 721 721 721 726 726 726 726 726 726 726 726 726 726 726 726 726 726 726 726 726 726 726 726 726 1726 1726 1726 1726 1726 1726 1726 1726 1920 1919 2646 2646 2646 2646 2646 2646 2646 1938 1938 2646 1938 1938 1938 2646 2646 1931 1941 1941 1941 1941 1918 1918 2646 2646 2646 2646 1941 1941 1941 1941 1941 1918 1918 1918 1946 1946 1941 1710 1710 1710 1941 1710 1710
726 726 726 1726 1726 1726 1726 1726 1726 721 721 721 726 726 726 726 726 726 726 726 726 726 726 726 726 726 726 726 726 726 1726 726 726 726 726 1726 1726 1726 1726 1725 1919 2646 2646 2646 2646 2646 2646 2646 2646 2646 1938 1941 1941 1941 1941 1941 2646 1931 1941 1941 1941 1918 1918 1918 2646 2646 2646 2646 2646 1941 1941 1941 1918 1918 1918 1946 1946 1946 1941 1710 1710 1710 1941 1938 1938
1726 1726 1726 1726 1726 1726 1726 1726 1726 1726 721 721 726 726 726 726 726 726 726 726 726 726 726 726 726 726 726 726 726 726 726 726 726 726 726 726 1726 1726 1726 1726 1725 1919 2646 2646 2646 2646 2646 2646 2646 2646 1941 1941 1941 1941 1941 1941 1941 1931 1918 1918 1918 1918 1918 2646 2646 2646 2646 2646 2646 1941 1918 1918 1918 1918 1918 1918 1941 1941 1941 1710 1710 1946 1941 1938 1938
1956 1956 1956 1956 1956 1726 1726 1726 1726 1726 721 721 726 726 955 955 955 1726 955 955 955 955 955 1726 1726 1726 1726 1726 1726 1726 726 726 726 726 726 726 726 1726 1726 1726 1726 1919 1919 2646 2646 2646 2646 2646 2646 2646 2646 1941 1941 1941 1941 1941 1931 1941 1918 1918 1946 1946 1946 1946 1946 2646 2646 2646 2646 2646 1918 1918 1918 1918 1918 1918 1941 1941 1946 1946 1946 1946 1725 1952 1952
1956 1956 1956 1956 1956 1726 1726 1726 1726 1726 721 1957 1960 1960 1960 1960 1960 1960 1956 1956 1956 1956 1956 1726 1726 1726 1726 1726 1726 1726 726 726 726 726 726 726 726 726 1726 1726 1726 1725 1919 1919 1940 1940 2646 1940 1940 1940 2646 1941 1941 1941 1941 1931 1941 1946 1946 1946 1946 2646 2646 1946 1946 2646 2646 2646 2646 2646 2646 1918 1918 1946 1946 1946 1946 1952 1952 1952 1952 1952 1952 1952 1946
1956 1956 1956 1956 1956 1726 1726 1726 1726 721 721 1960 1957 1957 1956 1956 1956 1956 1956 1956 1956 1956 1956 1956 1956 1956 1956 1956 1726 1726 726 726 726 726 726 726 726 726 1726 1726 1726 1726 1726 1919 1940 1940 1940 1912 1912 1945 1941 1941 1941 1941 1931 1941 1946 1946 1946 1946 1946 1946 1946 1941 2646 2646 2646 2646 2646 2646 2646 1946 1946 1952 1952 1952 1952 1952 720 720 720 2646 1952 1946 1918
1956 1956 1956 1956 1956 1956 1726 1726 1726 721 721 1960 1960 1957 1956 1956 1956 1956 1956 1956 1956 1956 1956 1956 1956 1956 1956 1956 1726 702 702 1542 726 726 726 726 726 726 726 1726 1726 1726 1726 1726 1725 1919 1940 1912 1945 1945 1941 1941 1941 1941 1931 1946 1946 1946 1941 1941 1941 1725 1920 1725 1725 1725 2646 2646 2646 2646 2646 1946 1946 1940 1940 1940 1919 1918 1918 1916 1916 1946 2646 1946 1940
1956 1956 1956 1956 1956 1956 1726 1726 1726 1951 1726 1726 1726 1726 1726 1726 1726 1726 1951 1951 1951 1951 1726 1726 1956 1956 1956 1726 1726 702 702 1542 1542 1542 1542 1514 726 726 726 1726 1940 1940 1940 1726 1726 1726 1726 1726 1726 1726 1945 1945 1941 1941 1931 1946 2646 2646 2646 1941 1725 1920 1725 1916 1916 2646 2646 2646 2646 1918 1918 1918 1918 1918 1919 1919 1919 1918 1918 1918 1918 1710 1902 719 719
