code/mhm/set_up/Parthe_0p0625/mhm_setup/morph/soil_class.asc
ncols                160
nrows                168
xllcorner            12.421875
yllcorner            51.125
cellsize             0.001953125
nodata_value         -9999
[rows 38 to 75 of 168, columns 0 to 84 of 160]
270 1996 2646 2646 2646 2646 2646 2646 2646 1945 1986 1986 1945 2653 2653 2653 2653 1918 1918 1918 1918 2653 1946 2653 2653 1918 2653 2653 2653 719 719 719 719 719 2653 719 2653 2653 2653 1993 2653 2653 2653 1945 1945 2653 2653 1993 1992 2653 2653 1974 1974 1974 1992 1992 1992 2646 2646 2646 2646 1974 1974 1916 1974 1974 1974 1985 1985 1974 2646 2646 1945 1945 1946 1918 1918 1918 1918 1918 1918 1918 1918 1918 1916
1993 2646 2646 2646 2646 2646 2646 2646 2646 1945 1986 1945 1945 1945 1945 2653 2653 2646 2653 1918 1918 1918 1946 1946 1946 1918 2653 719 719 719 719 719 719 719 719 2653 2653 2653 2653 2653 2653 1993 1993 1945 2653 2653 1993 1993 2653 2653 1974 1974 1974 1974 1986 1986 1974 1992 2646 2646 1986 2646 1916 1993 1916 1974 1974 1974 1974 1974 1946 1946 1946 1946 1918 1949 1916 1916 1916 1916 1916 1916 1916 1916 1916
1996 2646 2646 2646 2646 2646 2646 2646 2646 1918 2653 1918 1918 1945 1945 1945 1945 1945 1945 1918 1918 1918 1918 1918 1918 1921 2653 719 719 719 719 719 719 719 719 1918 2653 2653 1916 1916 2653 2653 2653 2653 1993 2653 2653 2653 1974 1974 2653 1974 1974 1946 1946 1974 1974 1992 1972 1972 1985 1985 1985 1992 1916 1974 1974 1974 1974 1974 1974 1974 1974 1946 1918 1916 1916 1916 1916 1916 1916 1949 1949 1949 1949
1996 1983 1946 2646 2646 2646 2646 1918 1918 1918 1918 2653 1918 1918 1918 1918 1918 1918 720 720 719 719 719 719 719 719 1918 1918 719 719 719 719 719 1918 1980 1980 1921 1918 1916 1916 1916 1918 1918 1918 1918 1918 2653 2653 2653 1974 1974 1918 1918 1946 1946 1974 1974 1992 1992 1992 1995 1992 1992 1918 2646 1985 2653 2646 2646 1974 1974 1974 1974 1918 1918 1916 1916 1916 1916 1916 1916 1916 1916 1916 1916
2646 2646 2646 2646 2646 2646 2646 1921 2646 1918 1918 1918 1918 1918 720 1918 1918 720 720 720 1918 1918 1918 719 719 1918 1918 1918 1918 719 719 719 719 719 1918 1918 1918 1918 1916 1916 1916 1916 2653 2653 2653 2653 2653 2653 2653 2653 1918 1918 1918 1974 1974 1974 1985 1985 1972 1974 1974 1974 1995 1992 1918 1918 1974 1974 1974 1974 1974 1974 1918 1918 1918 1916 1916 1916 1916 1916 1916 1916 1916 1916 1916
2646 2646 2646 2646 2646 2646 2646 2646 2646 1921 2646 1918 1918 720 720 720 720 1918 1918 720 720 1918 1918 1945 1918 1918 1918 1921 1918 1918 719 719 719 719 1945 719 1945 1945 1916 1916 1916 1916 2653 2653 2653 1916 1916 2653 2653 2653 1916 1918 1974 1974 1974 1974 1972 1974 1974 1974 1974 1974 1992 1985 1993 1993 1918 1918 1918 1918 1918 1918 2653 1916 1916 1916 1916 1916 1916 1916 1916 1916 1916 1916 1916
2646 2646 2646 2646 2646 2646 2646 2646 2646 720 720 2646 2646 2646 2646 1918 1918 720 720 720 720 1918 1918 1945 1918 1918 1980 1918 1945 1945 1945 719 719 1921 1945 1945 1945 1918 1916 1916 1916 1986 1986 2653 1916 1916 1916 1949 1916 1916 2653 2653 2653 1974 1974 1974 1974 1974 1974 2646 1992 1992 2646 1916 1916 1916 1916 1993 1918 1918 2653 2653 2653 1916 1993 1993 1993 1916 1916 1916 1916 1916 1916 1916 1916
2646 2646 2646 2646 2646 702 702 2646 2646 2646 720 2646 2646 1918 1918 720 720 720 720 1921 1918 1918 1918 1918 1918 1949 1980 1945 2646 2646 1945 1949 1918 1918 1921 1918 1918 1916 1921 1916 1916 1916 1916 1916 1949 1916 1916 1916 1916 1918 1949 1949 2646 2646 2646 2646 2646 2646 2646 1992 2646 2646 1916 1916 1916 1916 1916 1916 1916 1949 1916 1916 1916 1916 1916 1916 1916 1916 1916 1916 1946 1946 1946 1946 1946
719 719 719 719 702 702 702 2646 2646 719 720 2646 2646 720 720 720 720 1918 1918 1918 1918 1918 1921 1921 1980 1980 1945 1949 2646 2646 1949 1918 1918 1918 1918 1918 1918 1916 1916 1916 1916 1916 1916 1949 1918 1918 1918 1918 1918 1918 1918 2646 2646 2646 2646 2646 1992 1992 2646 2646 2646 2646 1916 1916 1946 1946 1976 1949 1949 1949 1916 1916 1918 1918 1916 1916 1916 1916 1916 1916 1946 1972 1946 1946 1946
719 719 719 719 719 719 719 719 2646 719 719 1946 1946 720 720 720 720 1918 1918 1918 1918 1918 1918 1921 720 720 1945 1945 1945 1949 1949 1949 1918 1918 1918 1918 1946 1946 1986 1916 1949 1916 1916 1916 1918 1918 2646 2646 2646 2646 2646 2646 2646 2646 2646 1992 2646 1916 2646 2646 2646 2646 2646 1946 1946 1946 1946 1946 1976 1949 1949 1918 1918 1918 1918 1918 1918 1916 1916 1918 1918 1946 1946 1946 2646
719 719 719 719 719 719 719 719 719 719 2646 1946 1946 1946 1946 720 1918 1918 720 720 720 720 1918 1921 720 720 720 1918 1918 1918 1918 1918 1918 1918 1918 1946 1946 1918 1916 1916 1949 1916 1916 1916 1916 1916 1949 1918 1979 1918 2646 2646 1918 1918 1918 1992 1916 1916 1916 1916 2646 2646 2646 2646 1918 1918 1918 1918 1918 1918 1918 1918 1949 2646 1918 2646 2646 1918 1918 1918 1918 1918 2646 2646 2646
719 719 719 719 719 719 719 719 719 2646 2646 719 719 719 719 1918 1918 720 720 720 720 720 1918 1921 1921 720 1918 1946 1946 1918 1918 1918 1918 1918 1946 1946 1918 1918 1916 1916 1916 1916 1916 1916 1916 1918 1918 1979 1979 1979 1918 2653 1918 1918 1918 1992 1992 1949 1916 1916 1916 2646 2646 2646 2646 1918 1918 1918 1918 1918 1918 1918 1918 2646 2646 2646 2646 2646 1918 1918 2646 2646 2646 2646 2646
719 719 719 719 719 719 719 719 719 2646 2646 2646 719 1918 1918 1918 719 720 720 720 720 720 720 1918 1918 1918 1946 1946 1946 1946 1946 1946 1946 1946 1946 1918 1918 1918 1916 1916 1916 719 1916 1949 1918 1918 719 719 1979 1979 1918 2653 1985 1918 1918 1992 1992 1992 1916 1916 1916 1916 2646 2646 2646 2646 1916 1916 1916 1916 1918 1918 1918 1918 2646 2646 2646 2646 2646 2646 2646 2646 2646 2646 2646
2646 2646 719 719 719 719 719 719 719 719 719 719 719 1918 1918 1918 719 719 720 720 719 719 719 719 1949 1949 1949 1949 1949 1949 2653 1946 1946 2653 1980 1918 1918 1916 1916 719 719 719 719 719 719 719 719 719 1918 1918 1918 2653 1985 1918 1918 1992 1992 1916 1916 1916 1916 1916 2646 2646 2646 2646 2646 1916 1916 1916 1916 1916 1949 1918 2646 2646 2646 2646 2646 2646 2646 2646 1946 2646 2646
2646 2646 2646 719 719 719 719 719 719 719 719 719 719 719 719 719 719 719 719 719 719 2646 2646 1918 1918 1918 2646 2646 2646 2653 2653 2653 2653 2653 1918 2653 719 719 719 719 719 719 719 1946 719 719 719 719 1918 1918 1918 1985 1918 1918 1992 1992 2646 2646 2646 2646 2646 2646 2646 2646 2646 2646 2646 2646 2646 2646 2646 1916 1949 1921 1921 2646 2646 1918 1918 1918 1918 1918 1918 1946 2646
2646 2646 719 719 719 719 2646 2646 2646 719 719 719 719 719 719 2646 2646 2646 2646 2646 2646 2646 2646 1918 1918 2646 2646 2646 2646 2646 2653 2653 2653 2653 719 719 719 719 719 719 719 719 719 1946 719 1918 2646 2646 2646 2646 1993 2646 1918 1949 1993 1992 1993 2646 2646 2646 2646 2646 2646 2646 2646 2646 2646 2646 2646 1977 1977 1977 1918 1918 1918 1918 1918 1918 1918 1918 1918 1918 1918 1918 1946
719 2646 2646 719 719 2646 719 2646 2646 719 719 719 719 719 719 719 719 719 2646 2646 2646 2646 2646 2646 2646 2646 2646 2646 2646 2646 2653 2653 2646 719 2653 2653 719 719 719 719 719 1916 719 1918 1918 1918 1918 2646 2646 2646 2646 2646 1949 1949 1992 1992 1993 2646 2646 2646 2646 2646 2646 2646 2646 1916 1916 1916 1916 1918 1918 1918 1918 1918 1918 1918 1918 1918 1918 1918 1918 1918 1918 1918 1918
148 719 719 719 719 719 719 719 719 719 719 719 702 702 702 719 719 719 719 719 719 719 719 719 719 719 2646 2646 2646 2646 2646 2646 2646 719 2653 2653 2653 719 719 719 719 1916 1988 719 1916 1916 1916 1916 1916 1916 2646 2646 2646 2646 1993 2646 2646 2646 2646 2646 2646 2646 2646 1916 1916 1991 1916 1916 1916 1916 1949 1976 1916 1916 1918 1918 1918 1918 1918 1918 1918 1918 1918 1918 1918
2653 719 719 719 719 719 2653 2653 2653 2646 2646 702 702 702 702 702 702 719 719 719 719 719 719 702 702 719 719 719 719 2646 719 719 2653 719 2653 2653 1918 1918 1918 1918 1916 1988 1988 1988 1988 1916 1916 1916 1916 1916 2646 2646 2646 2646 1993 2646 2646 2646 2646 2646 2646 2646 1916 1916 1916 1916 2646 1979 1916 1916 1916 1916 1916 1916 1916 1916 1916 1916 1918 1918 1918 1918 1918 1918 1916
2653 2653 2653 719 719 719 2653 2653 2646 2646 2646 702 1918 1918 1918 702 702 702 702 719 719 719 702 702 702 719 719 719 2646 2646 2646 2646 2653 2653 2653 2653 1918 1918 1918 1988 1988 1988 1988 1988 1988 1916 1916 2653 1916 2653 2653 2653 2653 2646 1916 1916 1993 1993 1918 1993 1993 1993 1993 1991 1916 1916 1916 1972 1972 1916 1949 1916 1916 1916 1916 1991 1918 1918 1918 1918 1918 1918 1918 1918 1991
2653 2653 2653 2653 719 719 719 2653 2653 2653 2646 719 719 1946 1945 1945 1945 1945 702 702 702 702 702 719 719 719 719 719 719 2646 2646 2646 2646 2653 2653 2653 1918 1918 1988 1988 1988 1988 1988 1988 1988 1916 2653 2653 2653 2653 2653 1916 2646 1916 1916 1916 1916 1992 1992 1993 1993 1918 2646 1993 2646 2646 2646 2646 1916 1916 1949 1916 1916 1916 1991 1918 1918 2646 2646 1918 1918 1918 1991 1918 1918
2653 2653 2653 2653 2653 2653 2653 2653 2653 2653 2653 1946 1946 1945 1945 1945 1945 1945 1945 702 702 702 719 719 719 719 2653 2653 2653 2653 2646 2653 2653 2653 2653 2653 2653 1918 1988 1988 1988 1988 1988 2653 2653 1916 1916 1916 1916 1916 1916 1916 1916 1916 1916 1916 1916 1916 1992 1993 1993 1993 2646 2646 2646 2646 2646 2646 1949 1949 1916 1991 1918 1918 1918 1918 2646 2646 2646 1918 1991 1918 1918 1918 1918
719 2653 2653 2653 2653 2653 2653 2653 2653 2653 2653 2653 1946 1945 1945 1945 1945 1945 1945 702 702 719 719 719 2653 1916 2653 2653 2653 2653 2653 2653 2653 1945 1946 2653 2653 1918 1918 1988 1988 1988 1988 1988 1988 1916 1916 1916 1916 1916 1916 1916 1916 1916 1916 1916 1916 1993 1993 1916 2646 2646 2646 2646 2646 2646 2646 1992 1992 1992 1992 1918 1918 1918 1918 1918 1918 1991 1918 1918 1918 2646 2646 2646 1918
2653 2653 2653 2653 2653 2653 2653 2653 2653 2653 2653 2653 2653 1945 1945 702 702 702 1945 702 1916 1916 1949 2653 2653 2653 1916 1916 2653 2653 2653 2653 1916 2653 1918 1918 1918 1918 1918 1988 1988 1988 1988 1988 1988 1916 1916 1916 1916 1916 1916 1916 1916 1916 1916 1993 1916 1916 1916 1916 1916 2646 2646 2646 2646 2646 1988 1992 1992 1988 1988 1992 1918 1918 1918 1991 1991 2646 2646 2646 2646 2646 2646 2646 2646
2646 2653 2653 2653 2653 2653 2653 2653 2653 2653 2653 2653 2653 1918 1918 1918 1994 1916 1916 1916 1916 1916 1949 1916 1916 1918 1918 1916 1916 1945 1916 1916 1916 1916 1916 1916 1918 1918 1918 2653 1988 1988 1988 1988 1988 1988 1916 1916 1916 1916 1916 1993 1993 1949 1916 1916 1916 1916 1916 1916 1916 1916 1916 1916 1916 2646 2646 1992 1992 1992 1992 1993 1993 2646 1979 1979 2646 2646 2646 2646 2646 2646 2646 2646 2646
2646 2653 2653 1972 1972 1946 2653 2653 2653 2653 2653 1945 2653 1945 1918 1994 1994 1916 1916 1916 1916 1916 1916 1916 1949 1949 2653 2653 2653 1918 2653 1945 1945 2653 1918 1918 1918 1918 1918 1988 1988 1988 1988 1988 1988 1988 1916 1916 1993 1916 1916 1916 1916 1916 1949 1916 1916 1979 1916 1916 1916 1916 1916 1992 1992 1916 1992 1992 1992 1993 2646 2646 2646 1946 1946 1946 1946 1946 2653 2653 2653 2646 2646 2646 1985
2646 2653 2653 2653 2653 2653 2653 2653 2653 2653 1918 1918 1945 1945 1918 2653 1994 1916 1916 1916 1916 1916 1918 1918 1918 2653 2653 2653 2653 1916 2653 1945 1945 2653 1945 1945 1918 1918 1918 1988 1988 1988 1988 1988 1988 1988 1916 1916 1916 1916 1916 1916 1916 1949 2646 2646 1916 1916 1916 1916 1916 1916 1916 1993 1992 1992 1916 1992 1992 1993 1993 2646 2646 2646 2646 1973 2653 2646 2653 2653 1918 1918 1918 1918 1985
1951 2653 2653 2653 2653 2653 2653 2653 2653 2653 1918 1918 1918 1918 1918 2653 2653 2653 2653 2653 2653 2653 2653 1918 1918 2653 2653 2653 2653 2653 2653 1916 1916 2653 1918 1918 1918 1918 1918 1988 1988 1988 1988 1988 1988 1993 1916 1916 1916 1916 1916 1916 1916 2646 2646 1916 1988 1916 1916 1916 1916 1949 1949 1949 1992 1992 1992 1992 1992 1992 1993 2646 2646 2646 2646 2646 2646 2646 2646 2646 2653 2653 1918 1918 1972
1951 1951 1951 1951 2653 2653 2653 2653 2653 2653 2653 2653 2653 1918 1994 2653 2653 2653 2653 2653 2653 2653 2653 2653 2653 2653 2653 2653 2653 2653 2653 2653 2653 2653 2653 2653 2653 1988 1988 1988 1988 1988 1988 1988 1993 1916 1916 1916 1916 1916 1916 1916 2646 2646 1916 1916 1916 1916 1916 1916 1916 1988 1988 1988 1916 1949 2653 2653 2653 1992 2646 2646 2646 2646 2646 2646 2646 2646 2646 2646 2653 1918 1918 1918 1918
148 148 148 2653 2653 2653 2653 2653 2653 2653 2653 2653 1921 1918 1918 1918 1918 1918 1918 2653 2653 1946 1946 2653 2653 2653 2653 2653 2653 1988 1988 1988 1980 2653 1988 1988 2653 2653 1988 1988 1988 1991 1988 1988 1993 1916 1916 1916 1916 1916 1916 1916 2646 2646 1916 1916 1916 1916 1916 1949 1988 1988 1993 1916 1916 1916 2653 2653 1993 1918 1918 2646 2646 2646 2646 2646 2646 2646 2646 2646 2646 1918 1918 1918 1990
148 148 148 148 2653 2653 2653 2653 2653 1921 2653 2653 1918 1918 1945 1945 1918 1918 1918 1945 1945 1946 1946 1945 2653 2653 2653 2653 1988 1988 1988 1980 1980 1988 1988 1988 1988 1988 1991 1991 1988 1988 1988 1988 1916 1916 1916 1916 1916 1988 1916 1916 2646 2646 2646 1916 1916 1916 1991 1916 1916 1949 1993 1916 1916 1916 1916 1993 1993 1918 1993 1993 2646 2646 2646 2646 2646 2646 2646 1921 1921 2646 2646 2653 2653
2646 2646 148 2653 2653 2653 2653 2653 2653 1921 2653 2653 2653 2653 2653 2653 2653 1918 1918 1918 1945 2653 1945 2653 2653 2653 2653 1980 1988 1988 1988 1988 1980 1980 1980 1988 1991 1988 1988 1988 1991 1988 1993 1916 1916 1916 1916 1916 1916 1916 1916 1916 1916 1916 1916 1916 1991 1991 1916 1916 1949 1916 1916 1916 1916 1916 1916 1916 1993 1993 1993 1993 2646 2646 2646 2646 2646 2646 2646 2646 2646 2646 1949 2653 2646
2646 2646 2646 2653 2653 1918 1918 1918 2653 1921 2653 2653 2653 2653 2653 2653 2653 1918 1918 1918 1918 2653 2653 2653 2653 2653 1988 1988 1988 1988 1988 1988 1988 1988 1988 1988 1988 1988 1988 1988 1988 1976 1916 1916 1916 1916 1916 1916 1916 1916 1916 1991 1916 1916 1916 1916 1916 1916 1916 1916 1916 1916 1916 1916 1993 1916 1916 1916 1993 1993 1993 2646 1993 2646 2646 2646 2646 2646 2646 2646 2646 2646 1974 1916 1916
2646 2646 2646 2646 1918 1918 1918 1918 1918 2653 2653 2653 2653 2653 2653 2653 2653 2653 2653 2653 2653 2653 2653 2653 2653 1988 1988 1988 1988 1988 1988 1988 1988 1988 1988 1988 1988 1988 1988 1988 1988 1916 1916 1916 1916 1916 1916 1988 1988 2653 1991 1916 1916 1949 719 719 719 1916 1916 1916 1916 1916 1916 1916 1916 1993 1916 1916 1916 1993 1993 1993 2646 2646 1517 1517 1517 2646 1974 1974 1974 1974 1974 1916 1993
2653 2646 2646 2646 2646 1921 1921 1921 1921 1918 1918 1921 1918 1918 1918 2653 2653 2653 2653 2653 2653 2653 2653 2653 1986 1988 1988 1988 1988 1988 1988 1988 1988 1988 1918 1918 1918 1976 1988 1988 1916 1916 1916 1916 1916 1916 1993 1988 2653 2653 2653 2653 1916 719 719 719 719 719 719 1517 1517 1916 1916 1916 1916 1916 1916 1916 1918 1993 1993 1993 1918 1918 1918 2646 270 270 2646 2653 1916 1916 1916 2646 2646
2653 2653 2646 2646 2646 1918 1918 1918 1918 1918 1918 1983 1921 1918 1918 2653 2653 2653 2653 2653 2653 2653 2653 2653 1918 1983 1977 1977 1988 1988 1988 1988 1988 1988 1921 1976 1916 1916 1916 1916 1916 1916 1916 1916 1916 1916 1916 2653 2653 2653 1916 1916 1916 1949 1916 1916 1916 1916 719 1517 1993 1918 1916 1916 1916 1916 1993 1916 1918 1918 1993 1993 1993 1993 1993 1993 1993 2653 1993 1993 1993 2653 2653 1916 1949
2646 2646 2646 2646 2646 2646 2653 2653 1918 1921 1921 1986 1986 1918 1918 2653 2653 2653 2653 2653 2653 2653 2653 2653 1918 1918 1988 1988 1988 1988 1988 1988 1988 1988 1976 1916 1916 1916 1916 1916 1916 1916 1916 1916 1916 1988 2653 2653 1916 1916 1916 1916 1916 1949 1916 1916 1916 719 1517 1517 1918 1918 1918 1916 1916 1916 1916 1918 1918 1918 1918 2646 1993 1993 1993 2646 1993 1993 1916 2653 2653 1916 1916 1916 1916
2646 2646 2646 2646 2646 2646 2646 2653 1918 1918 1918 1918 1918 2653 2653 2653 2653 2653 2653 2653 2653 2653 2653 2653 1918 1918 1988 1988 1988 1988 1988 1988 1988 1988 1976 1916 1916 2653 2653 1916 1916 1916 1916 1916 1988 1988 1988 2653 2653 1988 1916 1916 1949 1916 1949 1949 1949 1916 719 1993 1918 1918 1918 1949 1916 1918 1918 1918 1918 2646 2646 2646 2646 2646 1993 1993 1982 2653 2653 2653 1982 2653 1916 1916 1916
