code/mhm/set_up/Parthe_0p0625/mhm_setup/morph/soil_class.asc
ncols                160
nrows                168
xllcorner            12.421875
yllcorner            51.125
cellsize             0.001953125
nodata_value         -9999
[rows 76 to 113 of 168, columns 0 to 84 of 160]
2646 2646 2646 2646 2646 1918 1918 2653 2653 2653 2653 2653 2653 2653 2653 2653 2653 1916 1916 1916 2653 2653 2653 1946 1946 1988 1988 1988 1988 1949 1949 1949 1921 1921 1916 1916 1916 1916 2653 1916 1916 1916 1916 1916 1916 1988 1988 1988 1988 2653 1916 1916 1916 1916 1916 1916 1916 1916 1993 1949 1918 1918 1918 1918 1916 1918 1918 1918 1918 1918 1918 1918 2646 2646 2646 1993 1993 1982 1982 1982 1982 1982 1949 1982 1982
2653 2653 2653 2653 2646 1918 1918 1918 1918 1918 2653 2653 2653 2653 2653 2653 1916 1991 1916 1916 2653 2653 2653 1946 1946 1946 1946 1988 1988 1988 1988 1916 1916 1921 1916 1916 1916 1916 1916 2653 1916 1916 1916 1916 1916 1916 1916 1916 1916 2653 1916 1916 1916 1916 1916 1916 1916 1916 1993 1949 1993 1918 1918 1918 1918 1949 1918 1918 1918 1918 1918 1918 1918 2653 2653 2653 1993 1993 1982 1982 1982 1982 1982 1982 1949
1918 1918 2653 2653 2653 2653 1918 1918 1918 1918 1918 1918 2653 2653 2653 2653 2653 1916 1991 1916 2653 2653 2653 2653 2653 2653 2653 2653 1946 1988 1988 1946 1946 1946 1946 1916 1993 1993 1916 1916 1993 1993 1993 1916 1916 1916 1916 1916 1916 1916 1916 1916 1949 1916 1916 1949 1949 1916 1916 1916 1916 1993 1949 1918 1918 1949 1918 1918 1918 1918 1949 1918 1918 1918 1979 2653 1993 1993 1982 1982 1982 1982 1982 1982 1982
1918 1918 2653 2653 2653 2653 2653 1918 1918 1918 1918 2653 2653 2653 2653 2653 2653 2653 2653 1916 2653 2653 1946 1946 2653 1946 1946 1946 1921 1946 1946 1946 1946 1993 1916 1916 1916 1916 1916 1916 1981 1981 1916 1916 1916 1916 1916 1916 1916 1916 2653 2653 1916 1916 1916 1916 1916 1916 1993 1949 1916 1916 1993 1918 1918 1918 1918 1918 1918 1918 1918 1918 1918 1918 2653 2653 2653 1993 1993 1982 1982 1982 1994 1982 1982
1946 1946 2653 2653 2653 2653 2653 2653 2653 2653 2653 2653 2653 2653 1946 2653 2653 2653 2653 2653 2653 2653 2653 2653 1946 2653 2653 2653 1946 1946 1946 1946 1916 1981 1981 2646 2646 1981 1981 2646 2646 1916 1916 1916 1916 1916 1946 1916 1916 2653 2653 1916 1916 1916 1916 1916 1916 1916 1918 1918 1918 1918 1993 1918 1918 1918 1918 1918 1918 1918 1918 1918 1918 1918 2653 2653 2653 1993 1993 1982 1982 1982 1982 1994 1982
2653 2646 2646 2653 2653 2653 2653 2653 2646 2646 2653 2653 2653 2653 1946 1946 2653 1946 1946 1946 1946 1946 1946 1946 1946 1946 1918 1918 1946 1946 1946 1916 1916 2646 2646 1981 2646 2646 2646 2653 2653 2653 1916 1916 1916 1946 1946 2653 2653 2653 1916 1916 1916 1916 1916 1916 1916 1918 1918 1918 1918 1918 1993 1916 1949 1918 1949 1918 1918 1918 1918 1918 1918 1918 1918 1918 2653 1993 1993 1982 1982 1982 1994 1994 1982
2646 2646 2646 2653 2653 2653 2653 2653 2653 2653 2653 2653 2653 2653 2653 2653 2653 2653 1918 1918 1946 1946 1946 1946 1946 1946 1979 1918 1946 1946 1993 1984 1984 1981 1981 1981 1981 1981 1918 2646 1985 1916 1916 1916 1916 1946 1946 1946 2653 2653 1916 1916 1916 1916 1916 1993 1918 1918 1918 1974 1918 1949 1916 1916 1916 1916 1918 1918 1949 1918 1918 1984 1918 1918 1918 1918 1918 1984 1993 1982 1982 1982 1982 1982 1982
1918 1918 2653 2653 2653 2653 2653 2653 2653 2653 2653 2653 1946 1946 1946 1946 1946 1946 1946 2653 1946 1946 1946 1946 1946 1946 1946 1946 1946 1921 1993 2653 1984 1981 1981 1981 1981 1981 1918 1918 1918 1918 1918 1918 1918 1993 1993 1916 1916 1916 1916 1993 1993 1918 1918 1918 1918 1974 1974 1974 1918 1921 1916 1916 1916 1916 1916 1949 1918 1918 1918 1984 1918 1918 1918 1918 1918 2653 2653 1993 1982 1982 1982 1982 1982
1916 2653 2653 2653 2653 2653 2653 2653 2653 2653 2653 2653 2653 1946 2653 1946 1946 1946 1946 1946 2653 2653 2653 2646 2646 1946 1946 1946 1921 1881 1881 1881 1993 1918 1918 1918 1981 1918 1918 1918 1918 1918 1918 1918 1918 1918 1918 1918 1918 1916 1918 1918 1918 1918 1918 1974 1974 1974 1974 1974 1974 1916 1916 1916 1916 1916 1916 1916 1916 1916 1916 1916 1918 1918 1918 1918 1918 1918 2653 2653 1993 1993 2646 2646 2646
719 2653 719 719 1918 2646 2653 2653 2646 2646 2653 2653 1946 1946 1946 1946 2653 1946 1946 1946 2653 2653 2653 719 719 719 2653 1881 1881 1881 1881 1881 1991 1991 1993 1984 1918 1918 1918 1918 1918 1918 1918 1918 1918 1918 1918 1918 1918 1993 1918 1918 2653 2653 1974 2653 1974 1974 1945 1974 1974 1974 1916 1994 1993 1994 1916 1916 1916 1916 1916 1916 1916 1984 1918 1918 1918 1918 1918 2653 2653 1993 2646 2646 2646
719 719 719 719 1918 1918 1918 2653 2653 2653 2653 2653 2653 1946 1946 2653 2653 2653 719 719 2653 2653 2653 2653 2653 2653 2653 1993 2646 2646 2653 2653 1946 1946 1993 1993 1918 1918 1918 1918 1918 1906 1906 1918 1918 1987 1987 1993 1981 1981 1981 2653 2653 2653 2653 2653 2653 2653 2653 1974 1974 1974 1916 1916 1916 1916 1916 1916 1916 1993 1916 1916 1916 1984 1918 1918 1918 1918 1918 1918 1918 1993 1993 2646 2646
719 719 719 719 719 1918 1918 1918 1918 1918 1918 1918 1918 2653 1946 1946 1946 2653 2653 719 2653 2653 2653 2653 2653 2653 2653 2653 2646 1946 1946 1946 1946 1984 1946 1946 1993 1918 1918 1918 1918 1906 2653 2653 2653 1987 1987 1993 1981 1987 1912 1912 2653 2653 2646 2653 2653 2653 2653 2653 2653 1974 1916 1916 1916 1916 1916 1916 1916 1916 1993 1916 1916 1916 1916 1916 1916 1916 1916 2653 2653 1918 1993 270 720
719 719 719 719 719 1918 1918 1918 1918 1918 1918 1972 1972 1918 1946 1946 1946 2653 2653 719 2653 719 719 2653 2653 2653 2653 1946 2646 2646 2646 2646 1946 1984 1946 1946 1993 1918 1918 1918 1918 1918 2653 2653 2653 1981 1987 1981 1987 1987 1946 1946 1946 1946 1946 1946 1946 2653 2653 2653 2653 1916 1916 1916 1916 1916 1916 1916 1916 1916 1993 1916 1916 1916 1916 1916 1916 1916 1916 2653 2653 2653 2653 2653 720
1946 719 719 719 719 719 1946 1918 1918 1918 1918 1918 1918 1918 1918 1946 1946 1946 1980 1980 2653 2653 2653 2653 2653 2653 2653 2653 1946 1946 2646 2646 1946 1984 1946 1946 1993 1918 1918 1918 1918 1918 2653 2653 2653 1981 1981 1993 1987 1979 1918 1946 1946 1946 1946 1946 1946 1918 2653 2653 1918 1916 1916 1916 1916 1916 1916 1916 1916 1916 1993 1916 1916 1916 1916 1916 1916 1916 1916 1916 2653 2653 2653 270 720
719 719 719 719 719 1946 1946 1946 1946 1945 1945 1946 2653 2653 2653 1946 1946 1946 2653 1980 1946 1946 1946 2653 2653 2646 2653 2653 2653 1946 1946 1946 1984 1946 1946 1946 1993 1918 1981 1981 1981 1918 2653 2653 2653 1981 1916 1916 1916 1993 1979 1918 1918 1918 1946 1918 1918 1918 1918 1918 1918 1918 1916 1916 1916 1916 1916 1916 1916 1916 1993 1916 1916 1916 1916 1916 1916 1916 2653 2653 2653 2653 1993 2653 2653
719 719 719 719 719 1993 1993 1946 2653 1945 1945 1946 2653 2653 2653 1946 1946 1946 1946 1946 1946 1946 1983 1946 2646 2646 1946 2653 2653 1946 1946 2653 1946 1946 1946 1946 1993 1918 1918 1918 2653 2653 2653 2653 2653 2653 2653 1916 1916 1916 1916 1916 1918 1918 1918 1918 1918 1918 1918 1918 1918 1918 1916 1916 1916 1916 1916 1916 1916 1916 1916 1993 1916 1916 1916 1916 1916 1918 1979 1979 2653 2653 1993 270 270
1918 1918 1918 1918 719 719 1916 1916 1946 1946 1946 1946 1946 1946 1946 1946 1918 1918 1946 1946 1946 1946 2653 2653 2653 1946 1946 1993 1916 2653 1916 1945 1946 1946 1918 1918 1918 1918 2653 2653 2653 2653 2653 2653 2653 2653 2653 1916 1916 1916 1916 1916 1916 1916 1918 1918 1918 1918 1918 1918 1918 1916 1916 1916 1916 1916 1916 1916 1916 1916 1916 1916 1916 1916 1916 1916 1918 1984 1979 1979 1984 1984 1982 1982 2653
1918 1918 1918 1918 719 719 1946 1946 1946 1946 1946 1946 1946 1946 1946 1918 1918 1918 1918 1918 1946 1946 2653 2653 1916 1916 1916 1916 1916 1916 1976 1916 1918 1918 1918 1918 2653 2653 721 2653 2653 2653 2653 2653 1918 1918 1918 1918 1916 1916 1916 1916 1916 1916 1916 1916 1916 1916 1916 1916 1916 1916 1916 1916 1916 1916 1916 1916 1993 1916 1916 1916 1916 1916 1993 1984 1979 1979 1984 1979 1982 1982 1982 1982 2653
1946 1946 1946 1946 719 719 1946 1946 1946 1946 1946 1945 1945 1945 1946 1946 1918 1918 1918 1993 1993 1918 1918 2653 1916 1988 1988 1916 1916 1916 1976 1916 1916 1916 2653 2653 2653 2653 719 721 721 2653 2653 2653 1916 1916 1916 1916 1916 1916 1916 1916 1946 1946 1916 1916 1916 1916 1916 1916 1916 1916 1916 1916 1916 1916 1916 1993 1916 1916 1916 1916 1916 1916 1993 2646 1982 1979 1979 1982 1982 1984 1982 1982 1984
1946 1946 1946 1946 719 719 719 1946 1946 1946 1945 1945 1945 1945 1946 1946 1918 1918 1918 1918 1918 1918 1918 1916 1916 1988 1916 1916 1916 1916 1916 1916 2653 2653 2653 2653 2653 719 719 719 721 2653 2653 1916 1916 1916 1916 1993 1916 1916 1916 1916 1916 1916 1916 1916 1993 1916 1916 1993 1916 1916 1979 1979 1979 1979 1979 1979 1916 1916 1916 1916 1916 1993 1982 1982 1982 1982 1982 1982 1982 1984 1982 1982 1984
1946 1946 1983 1946 719 719 1946 1946 1946 1946 1945 1945 1946 1946 1946 1946 1918 1918 1918 1918 1918 1918 1918 1918 1918 1916 1918 1918 1918 1916 1918 1918 2653 1918 1916 1916 2653 2653 2653 2653 2653 2653 2653 1916 1916 1916 1916 1916 1916 1916 1916 1949 1949 1916 1916 1916 1916 1916 1916 1916 1916 1916 1979 1979 1979 1979 1979 1916 1916 1916 1916 1916 1993 1982 1946 1946 1982 1982 1982 1982 1982 1982 1982 1982 1982
1517 1946 1946 719 719 719 1946 1946 1946 1946 1946 1946 1946 1946 1946 1918 1918 1918 1918 1918 1918 1945 1945 1945 1918 1918 1918 1918 1916 1916 1918 1946 1918 1918 1916 1984 1916 1916 1916 2653 2653 2653 2653 2653 2653 1916 1988 1988 1988 1916 1916 1949 1916 1916 1916 1984 1916 1988 1988 1988 1916 1916 1979 1979 1979 1979 1916 1916 1916 1916 1916 1921 1982 1946 1946 1946 1982 1982 1982 1982 1982 1982 1982 1982 1982
1517 1726 1946 1946 719 719 1946 1946 1946 1946 1946 1946 1946 1946 1918 1918 1918 1918 1918 1918 1918 1918 1918 1918 1918 1918 1918 1918 1918 1916 1918 1918 1918 1918 1916 1916 1984 1916 1916 2653 2653 2653 2653 2653 2653 1916 1916 1916 1916 1916 1916 1988 1988 1916 1916 2646 2646 1916 1916 1916 1916 1916 1918 1979 1979 1916 1916 1916 1916 1916 1916 1993 1946 1946 1946 1946 1982 1982 1982 1982 1982 1982 1982 1982 1982
1517 1517 1726 1946 719 719 1946 1946 1946 1946 1946 2653 1918 2653 1918 1918 1918 1918 1918 1918 719 719 1918 1918 1918 1918 1918 1918 1918 1918 1918 1918 1918 1918 1916 1916 1916 1916 1916 1916 1979 1979 2653 2653 2653 2653 2653 1916 1916 1916 1916 1916 2646 2646 2646 2646 2646 1916 1916 1916 1916 1916 1918 1918 1979 1916 1916 1916 1916 1916 1993 1916 1946 1946 1946 1946 1984 1984 1984 1982 1982 1982 1984 1984 1993
1517 1726 1726 1726 1726 1517 1992 1992 1992 1992 2653 2653 2653 1992 1992 2653 1918 1918 719 719 719 719 1918 1918 1918 1918 1918 1918 1918 1918 1918 1918 1916 1916 1949 1916 1916 1916 1916 1916 1916 1949 1949 1916 1916 1916 2653 2653 1916 1949 1916 1916 2646 1916 1916 1988 2646 2646 2646 2646 2646 2646 2646 2646 2646 1916 1916 1993 1916 1916 1916 1916 1916 1916 1916 1984 1916 1984 1982 1982 1982 1982 1984 1984 1993
1726 1726 1726 1726 1726 1726 1726 1726 1946 1946 1946 1946 1946 1992 1992 1992 1992 1918 719 719 719 719 719 719 1918 1918 1918 1918 1918 1918 1918 1918 1916 1916 1916 1916 1916 1916 1916 1916 1916 1916 1916 1916 1916 1916 1916 1949 1949 1949 1916 1916 1916 1916 1916 1916 1988 1988 1988 2646 2646 2646 2646 1916 1984 1984 1984 1984 1916 1916 1916 1916 1916 2646 2646 2646 2646 1982 1982 1982 1916 1916 1916 1916 1984
1726 1726 1726 1726 1726 1726 1726 1726 1726 1726 1726 1726 1726 1946 1946 1946 1946 1918 1918 1918 1918 1918 1918 1918 2653 1918 1918 1918 1918 1918 1918 1918 1918 1916 1916 1916 1916 1916 1916 1916 1916 1918 1918 1916 1916 1916 1916 1916 1916 1916 1916 1916 1916 1918 1918 1916 1916 1988 1988 1988 1916 1916 1984 1916 1916 1916 1916 1916 1916 1916 1916 1979 1979 2646 2646 2646 2653 2653 2653 1984 1916 1916 1916 1984 1982
1726 1726 1726 1726 1726 1726 1726 1517 1517 1517 1517 1517 1517 1726 1726 1726 1726 1726 1918 1918 1918 1918 1918 2653 2653 1918 1918 1918 1918 1918 1918 1918 1918 1918 1916 1916 1916 1916 1916 1916 1916 1916 1918 1916 1916 1916 1916 1916 1916 1916 1916 1916 1916 1916 1916 1916 1972 1972 1972 1972 1972 1972 1916 1916 1916 1916 1916 1916 1916 1916 1979 1979 1979 2646 2646 2646 2646 1916 2653 1916 1916 1916 1916 1918 1918
1726 1726 1726 1726 1726 1542 1542 1542 1517 1517 2646 2646 1517 1517 1517 1517 1517 1517 1726 1726 1726 1918 1918 1918 2653 2653 1918 1918 1918 1918 1918 1918 1918 1916 1916 1916 1916 1916 1916 1916 1916 1916 1918 1916 1916 1916 1916 1916 1916 1949 1916 1916 1916 1916 1916 1988 1988 1988 1916 1916 1916 1916 1916 1916 1916 1916 1916 1916 1912 1912 1912 2646 2646 2646 1916 1916 1916 1916 1988 1988 1916 1916 1916 1985 1985
1726 1726 1726 1726 1726 1726 1726 1542 1542 1542 2646 2646 1517 1517 1517 1517 1517 1517 1517 1517 1726 1726 1726 1918 2653 2653 2653 2653 2653 1918 1918 1918 1918 1918 1916 1916 1916 1916 1916 1916 1916 1916 1916 1916 1916 1916 1916 1916 1916 1916 1916 1916 1916 1916 1916 1916 1976 1976 1976 1916 1916 1916 1916 1916 1916 1916 1916 1916 1912 1912 1993 2646 2646 1912 1916 1916 1916 1916 1916 1916 1916 1916 1916 1984 1985
1726 1726 1726 1726 1726 1726 1726 1726 1726 1542 1542 2646 2646 1517 1517 1517 1517 1517 1517 1517 1517 1517 1726 1726 2653 2653 2653 2653 1976 1946 1946 1972 1946 1946 1984 1916 1993 1993 1993 1916 1916 1916 1916 1916 1916 1916 1916 1916 1916 1916 1916 1916 1949 1916 1916 1916 1916 1916 1916 1916 1916 1916 1916 1916 1916 1916 1916 1916 1912 1912 1993 1993 1912 1916 1916 1916 1916 1916 1916 1916 1916 1916 1916 1984 1985
1726 1726 1726 1726 1726 1726 1726 1726 1726 1726 1542 2646 2646 1542 1517 1517 1517 1517 1517 1517 1517 1517 1517 1517 1726 1726 1976 1946 1993 1993 2653 1994 1994 1918 1918 1918 1976 1916 1916 1916 1916 1916 1916 1916 1982 1982 1982 1982 1916 1916 1916 1916 1916 1916 1916 1916 1949 1916 1916 1916 1916 1916 1916 1916 1916 1916 1916 1916 1916 1916 1916 1916 1916 1916 1916 1916 1916 1916 1916 1916 1916 1916 1916 1916 1985
1726 1726 1726 1726 1726 1726 1726 1726 1726 1726 1542 2646 2646 1542 1517 1517 1517 1517 1517 1517 1517 1517 1517 1517 1517 1726 1726 1726 1918 1976 1976 2653 1918 1918 1918 1918 1916 1916 1916 1916 1916 1916 1916 1916 1949 1982 1921 1916 1916 1916 1916 1916 1916 1916 1916 1916 1916 1916 1916 1916 1949 1916 1916 1916 1916 1916 1916 1916 1916 1916 1979 1979 1979 1979 1979 1979 1916 1916 1916 1916 1916 1916 1916 1916 1916
1726 1726 1726 1726 1726 1726 1726 1726 1726 1726 1542 2646 2646 2646 1542 1542 1542 1542 1517 1517 1517 1517 1517 1517 1517 1517 1517 1517 1726 1726 1918 1918 1918 1918 1918 1918 1916 1916 1916 1916 1916 1916 1949 1916 1916 1916 1916 1986 1986 1916 1916 1916 1916 1916 1916 1916 1916 1916 1916 1916 1916 1916 1979 1949 1979 1949 2646 2646 1979 1979 2646 1979 1979 1979 1979 1979 1916 1916 1916 1916 1916 1916 1916 1916 1916
1726 1726 1726 1726 1726 1726 1726 1726 1726 1726 1542 1542 2646 1542 1542 1542 1542 1542 1542 1542 1517 1517 1517 1517 1517 1517 1517 1517 1517 1517 1726 1726 1918 1918 1918 1918 1916 1916 1916 1916 1949 1916 1916 1916 1921 1916 1986 1986 1916 1916 1916 1916 1916 1916 1916 1916 1916 1916 1916 1916 1916 1916 1979 2646 2646 2646 2646 2646 2646 2646 1979 1918 1918 1918 1918 1918 1918 1916 1916 1916 1916 1916 1946 1949 1906
1726 1726 1726 1726 1726 1726 1542 1542 1542 1542 1542 1542 1542 1542 1542 1542 1542 1542 1542 1542 1517 1517 1517 1517 1517 1517 1517 1517 1517 1726 1726 1726 1918 1918 1918 1918 1916 1916 1946 1916 1916 1916 1949 1916 1949 1916 1916 1916 1916 1916 1916 1916 1916 1916 1916 1916 1916 1916 1916 1916 2646 2646 2646 2646 2646 2646 2646 2646 2646 2646 1918 1918 1918 1918 1918 1918 1918 1918 1918 1916 1916 1946 1946 1949 1906
1726 1726 1726 1726 1542 1542 1542 1542 1542 1542 1542 1542 1542 1542 1542 1542 1542 1542 1542 1542 1542 1517 1517 1517 1517 719 719 1726 1726 1726 1726 1918 1918 1984 1984 1916 1916 1916 1916 1916 1916 1916 1916 1916 1916 1916 1916 1916 1916 1916 1916 1916 1916 1916 1916 1916 1916 1949 1916 1916 1916 1916 2646 2646 2646 1931 1921 1918 1918 1918 1918 1918 1918 1918 1918 1918 1949 1918 1946 1946 1946 1946 1946 1946 1906
1726 1726 1726 1542 1542 1542 1542 1542 1542 1542 1542 1542 1542 1542 1542 1542 1542 1542 1542 1542 1517 1517 719 719 719 1726 1726 1726 1726 1918 1918 1918 1918 1918 1918 1916 1916 1916 1918 1918 1921 1916 1916 1916 1916 1916 1916 1918 1949 1949 1916 1916 1916 1916 1916 1916 1916 1916 1916 1916 1916 1916 1916 2646 1916 1921 1918 2646 1918 1918 1918 1918 1918 1918 1918 1949 1918 1946 1946 1946 1946 1946 1946 1946 1906
