code/mhm/set_up/Parthe_0p0625/mhm_setup/morph/soil_class.asc
ncols                160
nrows                168
xllcorner            12.421875
yllcorner            51.125
cellsize             0.001953125
nodata_value         -9999
[rows 0 to 37 of 168, columns 0 to 84 of 160]
1945 1945 1945 1945 1945 1945 1946 1946 1946 2145 1946 1946 1946 1946 1946 1946 1946 1946 1946 1946 2159 2159 2159 1993 1993 1993 1993 2159 2159 2159 2136 2136 2136 2136 2136 2136 2136 2136 2136 2136 2136 2136 2136 2136 2136 2136 2136 2124 2124 2124 2124 2124 2124 2124 2137 2137 2137 2137 2124 2124 2124 2124 2137 2137 2137 2137 2137 2136 2136 2136 2136 2136 2136 2136 2136 2136 2136 2136 2137 2137 2137 2137 2137 2137 2137
1945 1945 1945 1945 1945 1945 1946 1946 1946 2145 2145 1946 1946 1946 1946 1946 1946 1946 1946 1946 1946 2124 2124 2124 2124 2124 2159 2159 2159 2159 2136 2136 2136 2136 2136 2136 2136 2136 2136 2136 2136 2136 2136 2136 2124 2124 2124 2124 2124 2124 2124 2124 2124 2124 2124 2137 2137 2137 2124 2124 2124 2137 2137 2137 2137 2137 2136 2136 2136 2136 2136 2136 2136 2136 2136 2136 2136 2136 2137 2137 2137 2137 2137 2137 2137
1945 1945 1945 1945 1945 1945 1945 1946 1946 2145 2145 1946 1946 1946 1946 1946 1946 1946 1946 1946 1946 1946 1946 2124 2124 2124 2124 2124 2124 2159 2159 2136 2136 2136 2136 2136 2136 2136 2136 2136 2136 2136 2136 2124 2124 2124 2124 2124 2124 2124 2124 2124 2124 2124 2124 2124 2124 2124 2124 2124 2646 2646 2136 2136 2136 2136 2136 2136 2136 2136 2136 2136 2136 2136 2136 2136 2136 2136 2136 2137 2137 2137 2137 2137 2137
1945 1945 1945 1945 1946 1945 1945 1946 1946 2145 2145 1946 1946 1946 1946 1946 1946 1946 1946 1946 1946 1946 1946 1946 1946 2124 2124 2124 2124 2124 2124 2136 2136 2136 2136 2136 2136 2136 2136 2136 2136 2136 2136 2136 2124 2124 2124 2124 2124 2124 2124 2124 1988 2124 2124 2124 2124 2124 2124 2137 2646 2136 2136 2158 2158 2136 2158 2158 2158 2158 2158 2158 2158 2158 2158 2136 2136 2136 2136 2136 2136 2137 2137 2137 2137
2646 2646 1946 1946 1946 1946 1946 1946 1946 2145 2145 1946 1946 1946 1946 1946 1946 1946 1946 1946 1946 1946 1946 1946 1946 1946 2124 2124 2124 2124 2124 2136 2136 2136 2136 2136 2136 2136 2136 2136 2136 2136 2136 2136 2136 2136 2124 2124 1988 1988 1988 1988 2137 2137 2124 2124 2124 2137 2137 2137 2136 2136 2136 2136 2136 2136 2136 2136 2136 2136 2136 2136 2136 2136 2158 719 719 2158 2158 2158 2158 2137 2137 2137 2137
2646 1946 1946 1946 1946 1946 1946 1946 1946 2145 2145 1946 1946 1946 1946 1946 1946 1946 1946 1946 1946 1946 1946 1946 1946 1946 1946 2124 2124 2145 2145 2145 2136 2136 2136 2136 2136 2136 2136 2136 2136 2136 2136 2136 2136 2136 2136 1988 1988 2137 2137 2137 2137 2137 2137 2137 2137 2137 2136 2136 2136 2136 2141 2141 2141 2141 2136 2136 2136 2136 2136 2136 2136 2136 2136 2158 2158 2158 2158 2158 2158 2147 2147 2147 2147
1946 1946 1946 1946 1946 1946 1946 1946 1946 2145 2145 1946 1946 1946 1946 1946 1946 1946 1946 1946 1946 1946 1946 1946 1946 1946 1946 2124 2124 2124 2124 1946 2145 2145 2145 2646 2136 2136 2136 2136 2136 2136 2136 2136 2136 2136 2136 1988 1988 1988 2137 2137 2137 2137 2137 2137 2136 2136 2136 2136 2136 2136 2141 2141 2141 2141 2136 2136 2136 2136 2136 2136 2136 2136 2136 2158 2136 2158 2136 2136 2136 2646 2646 2646 2136
1946 1946 1946 1946 1946 1946 1946 1946 1946 2145 2145 1946 1946 1946 1946 1946 1946 1946 1946 1946 1946 1946 1946 1946 1946 1946 1946 1946 1946 1946 1946 1946 1946 1946 2646 2646 2646 2646 2159 2159 2159 2136 2136 2136 2136 2136 1988 1988 1988 2137 2137 2137 2137 2137 2137 2137 2136 2136 2136 2136 2136 2136 2136 2136 2136 2136 2136 2136 2136 2136 2136 2136 2136 2136 2136 2136 2136 2136 2136 2136 2646 2646 2646 2136 2136
1946 1946 1946 1946 1946 1946 1946 1946 1946 2145 2145 1946 1946 1946 1946 1946 1946 2159 2159 1946 1946 1946 1946 1946 1946 1946 1946 1946 1946 1946 1946 1946 1946 1946 1946 1946 1946 1946 1946 2159 2159 2159 2159 2159 2159 2132 2132 2132 2132 2132 2132 2137 2136 2646 2646 2646 2136 2136 2136 2136 2136 2136 2136 2136 2136 2136 2136 2136 2136 2136 2136 2136 2136 2136 2136 2136 2136 2136 2136 2136 2646 2136 2646 2646 2137
1946 1946 1946 1946 1946 1946 1946 1946 1946 1946 1946 1946 1946 1946 2159 2159 2159 1946 1946 1946 1946 1946 1946 1946 1946 1946 1946 1946 1946 1946 1946 1946 1946 1946 1946 1946 1946 1946 2159 2159 2159 2159 2159 2132 2132 2132 2132 2132 2132 2136 2136 2136 2136 2646 2646 2136 2136 2136 2136 2136 2136 2136 2136 2136 2136 2646 2646 2136 2136 2136 2136 2136 2136 2136 2136 2136 2136 2136 2136 2136 2136 2136 2136 2136 2136
1946 1946 1946 1946 1946 1946 1946 1946 1946 1946 1946 1946 2159 2159 2159 1946 1946 1946 1946 1946 1946 1946 1946 1946 1946 1946 1946 1946 1946 1946 1946 1946 1946 1946 1946 1946 1946 2159 2159 2159 2159 2133 2133 2132 2132 2132 2132 2136 2136 1918 2136 2136 2136 2136 2136 2136 2136 2136 2136 2136 2136 2136 2136 2646 2646 2646 2646 2646 2136 2136 2136 2136 2136 2136 2136 2136 2136 2136 2159 2159 2159 2136 2136 2136 2136
1946 1946 1946 1946 1946 1946 2159 2159 2159 2159 2159 2159 1946 1946 1946 1946 1946 1946 1946 1946 1946 1946 1946 1946 1946 1946 1946 1946 1946 1946 1946 1946 1946 2124 2124 2124 2124 2159 2159 2159 2133 2133 2133 2133 2133 2133 1918 2132 1918 1918 1918 1918 1918 1918 1918 1918 1918 1918 2136 2136 2136 2136 2136 2136 2136 2646 2136 2136 2136 2136 2136 2136 2136 2136 2136 2646 2136 2159 2159 2136 2136 2136 2136 2142 2142
1946 1946 1946 2159 2159 2159 2159 1946 1946 1946 1946 1946 1946 1946 1946 1946 1946 1946 1946 1946 1946 1946 1946 1946 1946 1946 1946 1946 1946 1946 1946 2124 2124 2124 2124 2124 2124 2124 2124 2159 2133 2133 2133 2133 2133 2133 1918 1918 1918 1918 1918 1918 1918 1918 1918 1918 1918 1918 2136 2136 2136 2136 2136 2136 2136 2646 2136 2136 2136 2136 2136 2136 2136 2646 2646 2646 2159 2136 2136 2136 2136 2136 2142 2142 2142
2159 2159 2159 2159 1946 1946 1946 1946 1946 1946 1946 1946 1946 1946 1946 1946 1946 1946 1946 1946 1946 1946 1946 1946 1946 1946 1946 1946 1946 1946 2646 2124 2124 2124 2124 2124 2124 2124 2124 2159 2133 2133 2133 2133 2133 2133 1918 1918 1918 1918 1918 1918 1918 1918 1918 2136 2136 2136 2136 2136 2136 2136 2136 2136 2136 2136 2136 2136 2136 2136 2159 2159 2136 2136 2646 2159 2646 2136 2136 2136 2136 2136 2136 2136 2136
2159 2159 1946 1946 1946 1946 1946 1946 1946 1946 1946 1946 1946 1946 1946 1946 1946 1946 1946 1946 1946 1946 1946 1946 1946 1946 1946 1946 1946 2646 2646 2159 2124 2124 2124 2124 2124 2124 2124 2124 2159 2139 2139 2139 1918 1918 1918 1918 1918 1918 1918 1918 1918 1918 2136 2136 2136 2136 2136 2136 2136 2136 2159 2159 2159 2159 2159 2159 2159 2159 2159 2646 2159 2159 2159 2646 2646 2646 2646 2136 2136 2136 2136 2136 2136
2646 1946 1946 1946 1946 1946 1946 1946 1946 1946 1946 1946 1946 1946 2646 2646 1946 1946 1946 1946 1946 1946 1946 1946 1946 1946 1946 1946 1946 2646 2159 1993 2159 2159 2159 2159 2124 2124 2141 2141 2159 2139 2139 2139 2139 1918 1918 1918 1918 1918 1918 1918 1918 1918 1918 1918 2136 2136 2136 2136 2136 2136 2136 2136 2136 2136 2136 2136 2159 2159 2646 2646 2646 2646 1993 2133 2133 2159 2159 1993 1993 1993 1993 2136 2136
2646 1946 1946 1946 1946 1946 1946 1946 1946 2646 2646 2646 2646 2646 2646 2646 2646 1946 1946 1946 1946 1946 1946 1946 1946 1946 1946 1946 2124 2124 2124 2124 2159 1993 2141 2141 2141 2141 2141 2141 2159 1946 1946 1946 2132 1918 1918 1918 1918 1918 1918 1918 1918 1918 2136 2136 2136 2136 2136 2136 2136 2136 2136 2646 2136 2136 2136 2136 2136 2646 2646 1993 1993 2133 2133 2133 2133 2133 2133 2133 2133 2133 2159 1993 1993
1946 1946 1946 1946 1946 1946 1946 1946 1946 1946 2646 2646 2646 2124 2124 2124 2124 2124 2124 2124 1946 1946 1946 1946 2124 2124 2124 2124 2124 2124 2124 2124 2124 2159 2141 2141 2141 2141 2141 1918 2159 1946 1946 2132 2132 1918 1918 1918 1918 1918 1918 1918 1918 1918 1918 2136 2136 2136 2136 2136 2136 2136 2136 2646 2646 2136 2136 1993 2159 2159 2646 2646 2646 2646 2653 2653 2653 2653 2133 2133 2133 2133 2159 2159 1993
1946 1946 1946 1946 1946 1946 1946 1946 1946 1946 2124 2124 2124 2124 2124 2124 2124 2124 2124 2124 2124 2124 2124 2124 2124 2124 2159 2124 2124 2124 2124 2124 2124 1993 1918 2141 2141 2141 1918 1918 2159 1946 1946 2132 2132 1918 1918 1918 1918 1918 1918 1918 1918 1918 1918 2136 2136 2136 2136 2136 2136 2136 2136 2646 2646 2646 2646 2133 2133 2133 2133 2133 2646 2653 2653 2653 2653 2653 2159 2159 2159 2133 2159 2159 2159
1946 2159 2159 2159 1946 1946 1946 1946 1946 1946 1946 2124 2124 2124 2124 2124 2124 2124 2124 2124 2124 2124 2124 2124 2124 2124 2159 2124 2124 2124 2124 2124 1993 1918 1918 1918 1918 1918 1918 1918 2159 1946 2132 2132 2132 1918 1918 1918 1918 1918 1918 1918 1918 1918 1918 1918 1918 2136 2136 2136 2136 2136 2136 2646 2133 2133 2133 2133 2133 2133 2646 2133 2133 2133 2133 2653 2653 2653 2133 2133 2133 2133 2133 2133 2133
2159 2159 2159 1946 1946 1946 1946 1946 2646 1946 1946 2124 2124 2124 2124 2124 2124 2124 2124 2124 2124 2124 2124 2124 2124 2159 2159 2124 2124 2124 2124 1993 1918 1918 1918 1918 1918 1918 1918 1918 2159 2132 2132 2132 2132 2132 1918 1918 1918 1918 1918 1918 1918 1918 2139 2139 2139 2136 2136 2136 2136 2136 2646 2646 2133 2133 2133 2133 2133 2133 2139 2139 2133 2133 2133 2133 2133 2133 2139 2139 2139 2646 2646 2646 2646
2159 1918 1918 1946 1946 2646 2646 2646 2646 2646 2646 2646 2646 2646 2646 2646 2646 2646 2124 2159 2139 2139 2139 2139 2646 2646 2646 2124 2124 2124 2124 1993 1918 1918 1918 1918 1918 1918 1918 1918 1993 1993 2132 2132 2132 1918 1918 1918 1918 1918 1974 1974 1974 1974 2139 2139 2139 2139 2139 2646 2646 2646 2133 2133 2133 2133 2139 2139 2133 2133 2133 2133 2133 2133 2133 2133 2133 2133 2139 2139 2133 2133 2133 2646 2646
1918 1918 1918 2646 2646 2646 2646 2646 2646 2646 2646 2646 2646 2646 2646 2646 2646 2646 2646 2159 2159 2139 2139 2139 2159 2646 2646 2646 2124 2124 2159 1993 1918 1918 1918 1918 1918 1918 2159 1993 1945 1945 1945 1945 2132 1918 1918 1918 2646 1974 1974 1974 1974 1974 1974 1974 2139 1974 1974 1974 2133 2133 2133 2133 2133 2133 2133 2133 2133 2133 2133 2133 2133 2133 2133 2133 2133 2133 2133 2133 2133 2133 2133 1993 1945
1918 1918 1918 2646 2646 2646 2646 2646 2646 2646 2646 2646 2646 2646 2646 2646 2646 2646 2646 2646 2646 2159 2139 2139 2139 2646 2646 2646 2646 1993 1918 1918 2142 2142 1918 1918 1918 2159 1993 1945 1945 1945 1945 1945 2132 1918 1945 1945 1945 2646 1974 1974 1945 1945 1974 1974 1974 1974 1974 2133 2133 2133 2133 2133 2139 2139 2139 2139 2133 2139 2139 2139 2139 2133 2133 2133 2133 2133 2133 2133 2133 2133 2133 1993 1945
1918 1918 1918 1918 1918 2646 2646 2646 2646 2646 2646 2646 2646 2646 2646 2646 2646 2646 2646 2646 2646 2646 2139 2139 2139 1945 1945 1993 1918 1918 2142 2142 1918 1918 1918 1918 2159 1993 1945 1945 1945 1945 1945 1945 1945 1945 1945 1945 1945 1945 1974 1945 1945 1974 1974 1974 1974 2132 2132 2133 2133 2133 2133 2133 2133 2133 2139 2133 2139 2139 2139 2139 2139 2133 2133 2133 2133 2133 2133 2133 2133 2133 2133 2159 1993
1918 1918 1918 1918 1918 2646 2646 2646 2646 2646 2646 2646 2646 2646 2646 2646 2646 2646 2646 2646 2646 2646 1945 1945 2159 2159 1993 1945 1918 1918 1918 1918 2142 2142 2142 1918 2159 1993 1945 1945 1945 1945 1945 1945 1945 1918 1918 1945 1945 1945 1945 1945 1945 2132 2132 1974 2132 2132 1946 1946 1946 2132 2132 2132 2132 2133 2133 2133 2139 2139 2139 2139 2139 2133 2133 2133 2133 2133 2133 2133 2133 2133 2133 2133 2159
1918 1918 1918 1918 1918 2646 2646 2646 2646 2646 2646 2646 2646 2646 2646 2646 2646 2646 2646 2646 2646 2646 2646 1993 1945 1945 1945 1945 1945 1945 1945 1918 1918 1918 2142 1918 1993 1993 1945 1945 1945 1945 1918 1918 1918 1918 1945 1945 1945 1945 1945 1945 1945 1945 1945 2132 2132 2132 2132 1946 1946 1946 1946 1946 1946 1946 1945 2139 2139 2139 2139 2139 2139 2133 2133 2133 2133 2133 2133 2133 2133 1946 1946 2653 2653
2646 2646 2646 2646 2646 2646 2646 2646 2646 2646 2646 2646 2646 2646 2646 2646 2646 2646 2646 2646 2646 2646 1945 1993 1945 1945 2139 2139 1945 1945 1945 1945 1945 1945 1945 1993 1945 1945 1945 1945 1918 1918 1918 1974 1974 1945 1945 1945 1945 1945 1945 1945 1945 1945 1945 2132 1945 1945 1945 1946 1946 1946 1946 1946 1945 1945 1945 1945 1945 1945 2139 2139 1945 1945 1945 1945 1945 1946 1946 1946 1946 1946 1918 1918 1993
2646 2646 2646 2646 2646 2646 2646 2646 2646 2646 2646 2646 2646 2646 2646 2646 2646 2646 2646 2646 1921 1945 1945 1996 1945 1945 1945 1945 2646 2646 2646 1993 1993 1993 1993 1921 1921 1945 1945 1945 1918 1918 1974 1974 1974 1945 1945 1945 1945 1945 2646 1945 1945 1945 1945 1945 1945 1945 1945 1946 1946 1946 1946 1946 1945 1945 1986 1986 1986 1945 1945 1945 2139 2139 2139 1945 1946 1946 1946 1945 1945 1918 1918 1993 1945
2646 2646 1946 1946 2646 2646 2646 2646 2646 2646 2646 2646 2646 2646 2646 2646 2646 2646 2646 2646 1921 1996 1996 1996 1996 1996 1996 1945 2646 2646 1993 1993 1993 1993 1945 1945 1945 1945 1945 1986 2646 2646 1974 1974 1974 1945 1945 1945 1974 1974 2646 1974 1945 1945 1945 1945 1945 1945 1945 1945 1945 1945 1945 1945 1945 1945 1945 1945 1945 1945 1945 1945 1945 1945 1945 1945 1945 1945 1945 1945 1945 1945 1983 1945 1945
1946 1946 1946 2653 1946 1946 1946 2646 2646 2646 2646 2646 2646 2646 2646 2646 2646 2646 2646 2646 1993 1996 1993 1993 1945 1996 1996 1993 2646 1993 1912 1945 1945 1993 2653 2653 1945 1945 1986 1986 2646 2646 2646 1918 1974 1974 1974 2653 1974 1974 1974 1974 1974 1974 1974 1974 1945 1945 1945 1945 1945 1945 1986 1986 1945 1945 1945 1945 1945 1945 1945 1945 1945 1946 1946 1945 1945 1945 1945 1945 1945 1945 1945 1945 1945
1949 1946 1946 1946 2653 1946 1946 1946 2653 2646 2646 2646 2646 2646 2646 2646 2646 1993 1993 1993 1993 1993 1945 1945 1945 1945 1945 1993 1993 1912 1945 1945 1945 1945 1993 2653 2653 1906 1906 1986 2646 2646 2653 2653 1918 1918 1918 2653 1918 1918 1918 1918 1974 1974 2646 1974 1976 1976 1945 1945 1945 1986 1986 1945 1945 1945 1946 1946 1946 1946 1946 1946 1946 1972 1945 1945 1945 1945 1945 1945 1945 1945 1945 1945 1945
1946 1949 1946 2653 2653 2653 2653 2653 2653 2653 2646 2646 2646 1993 1993 1993 1983 1945 1993 1993 1945 1945 1945 1945 1946 1946 2646 1945 1945 1945 1945 1945 1945 2653 2653 2653 2653 2653 2653 1986 2646 1986 2653 1918 1918 1918 2653 2653 2653 1988 1988 1988 1976 1976 1976 1976 1945 2653 1945 1945 1945 1945 1945 1945 1945 1945 1974 1974 1974 1974 1974 1945 1945 1945 1945 1945 1945 1945 1945 1945 1972 1972 1945 1945 1945
2653 2653 2653 2653 2653 2653 2653 2653 2653 2653 2653 1993 1993 1993 2653 2653 1983 2653 1983 2653 2653 1945 1945 2646 1946 1946 1945 1945 1945 1945 2653 2653 2653 2653 2653 2646 2646 2653 1993 1993 1986 2653 1918 1918 2653 2653 2653 2653 1988 1988 1976 1993 1974 2653 1945 2653 1977 2653 1974 1974 1974 1974 1974 1974 2646 1945 1974 1974 1974 1974 1945 1986 1986 1945 1945 1945 1945 1945 1945 1972 1945 1945 1945 1945 1945
2653 2653 2646 2646 2653 2653 2653 2653 2653 2653 1993 1993 1945 1945 2653 2653 2653 2653 2653 2653 2653 2653 2653 1945 1946 1946 1945 1945 2653 1945 2653 2653 2653 2653 2653 2653 2653 2653 2653 2653 2653 2653 2653 2653 2653 2653 2653 2653 2653 2653 2653 1976 1974 2653 2653 1974 1974 1974 1921 1985 1974 1974 1974 1974 1974 1974 1974 1974 1974 1974 1974 1945 1945 1945 1976 1945 1945 1945 1945 1945 1945 1945 1945 1945 1945
1996 2653 2653 2646 2653 2653 2653 2653 1993 1993 2653 2653 2653 2653 2653 2653 2653 1918 1918 2653 2653 2653 2653 2653 2653 2653 1945 1945 2653 2653 2653 2653 2646 2646 2646 2653 2653 2653 2653 2653 2653 2653 2653 2653 2653 2653 2653 2653 2653 2653 2653 2653 2653 2653 2653 2653 1972 1972 1974 1974 1974 1974 1921 1974 1974 1974 1974 1974 1974 1974 1974 1974 1945 1986 1986 1986 1945 1916 1916 1916 1916 1945 1945 1945 1945
1993 1993 2653 2653 2646 2653 2653 2653 2653 2653 2653 2646 2646 2646 2653 2653 1918 1918 1918 1918 1918 2653 2653 2653 1946 1946 2653 1921 2653 2653 2653 2653 719 719 719 2653 2653 2653 2653 2653 2653 2653 2653 2653 2653 2653 2653 2653 1946 2653 1993 1992 1992 1993 1992 1972 1916 1974 1974 1974 1974 1974 1974 1974 1945 1945 1945 1974 1974 1974 1974 1974 1946 1945 1945 1945 1916 1916 1916 1918 1918 1918 1918 1946 1946
719 2646 2646 2646 2646 2646 2646 2646 2646 1945 1945 2653 2653 2653 2653 2653 1918 1918 1918 1918 1918 2653 2653 2653 2653 2653 2653 2653 2653 2653 719 719 719 719 719 719 719 2653 2653 2653 2653 2653 2653 1946 2653 1946 1946 2653 1993 1992 1974 1974 1974 1992 1993 1992 1974 1974 1974 2646 1921 1974 1974 1974 1945 1974 1974 1974 1946 1946 1946 1946 1945 1916 1916 1916 1916 1918 1918 1918 1918 1918 1918 1918 1946
