code/mhm/output/Wesenitz2_0p0625/mhm_setup/morph/facc.asc
ncols                240
nrows                104
xllcorner            13.90625
yllcorner            50.984375
cellsize             0.001953125
nodata_value         -9999
[rows 0 to 75 of 104, columns 96 to 191 of 240]
2 4 13 0 2 1 0 0 2 0 2 0 2 2 2 6 40 0 0 0 0 0 1 27 0 1 0 0 1 4 8 23 2 2 3 1 60 64 70 1 0 0 0 0 0 1 0 0 0 0 0 0 449 5 1 0 1 1 72 0 0 0 0 1 5 1 1 1 1 12 1 0 0 0 0 0 32 40 50 8 3 0 2 0 0 0 0 1 177 182 1 0 0 0 0 0
0 1 1 11 5 1 0 0 0 0 0 1 1 1 2 2 7 31 0 0 0 0 0 13 10 9 0 0 1 3 11 0 35 39 45 54 1 1 1 0 0 0 1 2 4 10 11 13 15 20 346 448 1 1 0 0 0 0 0 70 0 0 0 0 4 0 0 0 0 11 0 0 0 0 0 30 4 1 0 68 74 81 4 0 1 1 166 171 0 2 0 0 0 1 0 0
0 0 0 0 0 0 0 0 0 0 0 0 0 1 1 4 1 2 26 17 5 0 4 5 1 4 0 0 2 2 3 0 5 2 1 1 0 0 0 0 0 0 0 0 1 0 0 0 1 324 2 96 78 0 0 0 0 0 0 6 61 3 1 0 0 3 2 0 0 6 2 0 14 19 28 0 2 0 1 6 0 24 108 110 159 164 1 0 0 0 0 0 0 0 3 18
0 0 0 0 0 1 1 0 1 1 0 0 0 0 0 2 0 1 7 4 3 3 3 4 0 0 2 1 1 0 1 1 2 1 0 0 0 0 0 0 2 0 2 0 0 0 2 4 323 1 6 0 5 77 70 67 2 1 0 3 1 53 0 2 0 0 0 0 5 1 0 5 4 2 3 3 1 0 0 2 21 1 0 45 0 0 0 0 0 0 0 0 2 7 10 0
1 1 1 1 3 2 0 1 2 2 1 1 0 0 0 0 0 1 4 3 2 2 2 2 0 0 0 0 0 0 0 0 0 0 0 0 0 1 1 2 3 1 0 3 1 1 307 312 4 0 4 0 4 3 1 0 62 40 1 0 0 4 46 38 3 1 0 0 2 0 1 1 3 1 2 2 0 0 1 18 1 0 0 43 1 0 0 0 1 2 4 1 2 0 0 0
19 16 13 10 3 0 1 2 3 3 2 2 2 0 0 0 0 0 2 2 1 1 1 0 0 0 0 0 0 0 0 0 0 0 0 16 93 97 98 106 112 113 116 124 224 304 2 0 1 1 1 1 1 1 2 0 20 38 0 0 0 2 1 1 33 7 5 0 0 0 0 0 2 0 1 1 1 4 15 1 0 1 3 19 19 17 15 3 1 0 2 10 11 0 0 0
6 5 4 3 2 0 2 6 11 12 20 13 9 5 3 1 0 1 0 0 0 0 0 0 1 2 5 7 1 3 5 7 9 11 12 71 2 0 0 0 0 0 1 95 0 78 0 0 0 0 0 0 0 0 0 0 19 0 36 0 0 0 0 0 7 16 0 3 2 1 0 0 0 0 0 0 0 0 9 0 0 0 0 13 0 0 8 0 0 0 0 0 0 13 15 1556
6 5 4 3 2 0 0 0 1 2 5 42 0 0 0 0 0 0 0 0 0 2 5 6 13 14 15 8 0 0 1 51 56 64 67 2 1 0 1 2 3 4 5 94 0 77 1 0 0 5 4 3 1 2 5 10 18 18 34 12 8 5 2 2 6 15 8 7 5 2 0 0 0 0 0 1 3 6 8 1 2 3 4 12 0 0 7 3 1 0 3 4 6 8 0 1537
19 16 13 9 2 0 0 2 0 0 0 0 45 0 1 1 1 2 1 0 0 0 0 1 5 0 2 26 40 44 48 3 3 2 1 1 0 1 3 4 8 9 76 10 0 0 71 1 6 0 0 0 0 1 1 3 6 17 1 2 1 1 1 1 2 3 1 0 0 0 0 1 1 0 1 0 0 0 0 0 0 2 4 0 0 0 0 0 0 0 0 0 0 0 1529 2
1 1 2 2 2 1 0 10 18 19 0 0 0 46 3 2 2 10 4 2 1 0 0 0 1 0 1 4 2 2 2 2 2 1 0 0 0 0 0 1 2 45 18 0 9 0 5 61 53 4 2 1 0 0 0 2 5 16 0 1 0 0 0 0 1 1 0 0 0 0 0 0 5 6 8 11 0 0 0 0 0 0 0 3 5 0 0 0 0 0 0 0 0 0 1518 0
0 0 1 1 1 0 2 5 2 0 23 29 32 33 86 3 17 2 1 0 0 0 0 0 0 0 0 2 1 1 1 1 1 0 0 1 2 0 1 35 44 14 0 1 8 2 1 6 34 4 3 2 1 0 1 1 2 2 12 0 0 0 0 0 0 0 0 0 1 1 1 0 0 0 0 0 12 14 2 1 0 0 0 0 0 8 1 1 0 2 526 529 532 533 535 979
0 0 0 0 0 1 2 1 1 0 0 2 0 0 0 92 19 0 0 0 0 1 2 1 0 0 0 0 0 0 0 0 0 0 1 2 18 28 32 3 3 3 9 0 7 1 0 5 8 24 15 1 0 0 0 0 1 1 1 8 5 3 0 0 0 1 3 6 2 2 2 1 1 1 0 1 1 2 18 24 26 1 0 1 2 0 11 515 518 524 0 0 0 0 0 977
2 2 1 0 0 0 0 0 0 0 0 0 0 0 1 2 118 1 1 0 0 3 3 2 5 3 1 0 0 0 0 0 0 0 8 14 2 2 2 2 2 2 4 3 6 0 0 3 7 4 2 12 7 3 1 0 0 0 0 0 0 0 0 0 1 0 1 2 10 6 3 2 2 0 3 2 0 0 0 0 0 27 2 0 0 496 512 0 0 0 0 0 0 2 564 2
9 2 1 0 0 0 0 0 0 0 1 0 0 1 2 0 35 156 159 1 1 4 16 7 0 0 0 0 1 2 0 1 0 6 2 1 1 1 1 1 1 1 3 2 2 2 2 2 3 3 1 1 1 1 0 0 0 0 0 1 0 0 0 1 1 2 0 0 0 11 14 0 3 0 5 3 1 1 1 0 1 29 0 3 1 490 0 0 0 0 0 2 556 559 0 1
0 0 0 0 1 1 1 0 3 0 2 15 19 22 23 32 0 0 0 160 189 18 0 0 0 1 1 1 5 1 0 0 3 0 0 0 0 0 0 0 0 0 2 1 1 1 1 1 2 2 0 0 0 0 0 0 2 1 5 1 0 0 1 1 6 10 12 1 0 13 17 0 4 6 13 0 4 2 2 3 2 0 30 477 483 3 0 0 1 0 3 555 0 0 0 0
1 1 0 1 2 4 0 0 5 8 9 0 0 0 0 3 0 0 2 0 192 0 0 1 0 2 0 2 10 1 0 0 0 0 0 0 0 0 0 0 0 0 0 0 0 0 0 0 1 1 1 3 6 0 1 1 3 8 0 0 0 0 2 5 6 7 9 24 27 61 0 0 0 0 0 15 0 8 0 3 432 438 471 3 0 0 0 0 1 4 547 1 2 0 0 42
5 0 1 14 8 2 0 0 1 0 1 0 0 0 0 0 0 0 0 3 193 0 1 3 0 0 3 4 16 2 0 0 1 1 2 25 22 20 17 12 6 5 2 1 0 0 0 0 0 0 0 1 1 10 12 17 4 10 1 0 1 0 0 0 0 0 0 0 1 2 66 1 1 1 1 16 1 0 417 424 2 0 0 0 1 0 0 0 1 536 0 3 0 0 38 1
3 2 15 0 0 0 0 0 0 0 0 3 6 8 10 12 14 21 22 26 31 231 234 4 1 1 9 17 0 0 0 0 1 38 33 0 0 0 2 1 0 0 0 0 0 1 1 0 0 0 0 0 0 0 1 2 26 27 41 1 2 1 1 1 1 0 0 0 0 0 0 327 0 354 364 383 399 401 3 1 0 0 0 0 0 1 3 519 521 5 0 1 0 8 28 3
27 24 3 2 1 0 0 1 2 1 0 0 0 0 0 0 2 0 0 0 2 0 1 239 248 252 10 20 0 1 1 1 42 0 0 1 0 0 0 0 0 0 0 1 1 2 2 1 1 1 0 0 0 0 0 0 0 0 0 42 5 2 2 2 2 231 0 1 0 1 256 5 348 5 0 0 12 0 1 0 0 0 1 0 0 0 0 512 0 1 1 0 7 4 2 15
1 1 1 0 2 6 8 11 15 18 1 1 1 0 0 0 0 0 0 0 0 0 0 0 0 0 285 0 0 2 2 2 44 0 0 0 1 0 0 0 0 0 1 3 2 6 2 0 0 3 6 1 1 3 6 35 44 45 47 1 45 116 120 124 225 0 237 245 249 254 4 3 9 3 0 6 11 0 0 0 1 2 6 1 0 3 506 3 0 0 0 3 2 3 1 14
0 0 0 0 0 0 0 0 0 0 19 4 2 2 0 0 0 0 1 1 0 0 0 0 0 0 1 287 1 3 3 70 17 16 13 10 5 3 1 0 1 0 1 6 10 5 1 0 0 0 0 8 19 24 27 0 4 0 1 54 59 0 0 98 0 1 0 4 1 1 3 2 8 2 2 2 1 0 0 1 0 0 0 7 2 505 55 0 0 0 0 1 1 2 0 8
0 0 0 0 2 6 8 0 3 4 29 61 66 70 2 0 0 1 3 0 3 0 1 2 1 0 0 3 290 83 74 1 3 0 1 0 0 0 1 0 2 0 1 9 20 2 1 0 0 1 4 7 1 1 1 0 3 0 3 1 1 0 57 38 35 0 0 2 0 0 2 1 7 1 1 1 0 0 0 0 3 0 385 404 414 26 0 54 52 42 0 0 0 1 3 3
5 9 0 0 0 0 1 11 12 22 4 0 0 0 77 0 0 2 5 16 0 0 4 0 6 1 0 0 381 1 0 0 0 1 0 0 0 7 4 1 3 1 4 43 6 5 4 2 0 0 0 0 0 0 0 0 0 0 0 0 0 54 0 0 0 34 0 0 0 0 0 0 6 0 0 0 0 1 3 1 7 382 8 0 8 23 0 0 8 0 38 1 0 0 2 2
0 10 0 0 0 1 3 5 8 1 3 0 0 0 79 0 0 0 0 17 0 0 5 0 0 9 429 427 14 10 8 6 5 2 0 0 0 8 0 0 4 0 0 44 3 2 1 0 0 0 0 0 0 0 1 0 1 0 29 30 39 53 1 1 2 32 8 5 4 1 1 3 5 0 0 0 0 0 0 352 371 0 1 5 7 22 3 0 7 0 27 7 3 0 1 1
0 12 1 1 0 0 0 0 0 0 0 0 3 5 6 81 1 1 0 20 473 465 463 456 454 449 0 28 1 0 0 0 0 0 0 0 1 3 14 1 5 1 1 54 3 1 0 0 0 1 1 3 0 0 1 4 23 27 0 7 0 9 0 0 18 0 0 0 1 0 0 0 0 0 1 1 1 4 346 6 0 9 0 4 6 16 0 1 6 23 1 2 0 0 0 0
5 15 0 3 0 0 0 0 0 0 0 0 0 2 3 11 96 0 2 496 0 5 3 0 2 2 4 0 26 0 12 11 2 1 0 0 1 0 1 19 6 0 60 0 0 0 0 1 0 3 2 5 0 0 0 0 14 2 2 1 0 5 2 2 6 10 5 3 0 0 0 0 0 0 4 329 334 339 0 1 3 4 3 3 5 2 12 0 5 22 0 0 0 0 2 4
0 6 16 5 2 0 0 2 1 1 1 0 0 0 1 2 0 97 505 3 0 0 0 0 1 1 1 1 0 24 8 2 7 0 0 0 1 2 0 0 27 0 63 0 0 0 1 2 1 14 6 0 0 3 9 11 1 1 1 0 2 1 1 1 2 3 0 0 0 0 0 1 2 314 320 0 3 2 0 0 2 3 2 2 4 1 5 5 4 3 17 2 1 0 0 2
0 0 7 25 35 2 0 0 5 0 5 0 0 0 0 0 5 642 37 32 1 0 0 0 0 0 0 0 0 0 4 1 1 3 3 4 7 16 18 0 29 65 1 0 0 2 6 22 16 0 0 0 1 7 0 0 0 0 0 0 0 0 0 0 1 1 0 0 0 0 3 306 310 0 2 1 2 0 0 0 0 2 1 1 3 0 4 4 3 2 3 9 4 0 1 2
1 0 1 2 3 43 1 1 6 0 1 7 1 1 0 2 650 0 1 1 31 27 0 1 0 0 0 0 0 0 2 0 0 2 1 0 2 0 0 20 97 66 2 0 0 0 30 0 0 0 0 2 0 0 0 0 0 0 0 0 0 0 0 0 0 0 0 2 5 6 298 0 0 0 0 0 0 1 0 0 0 0 0 0 2 1 1 3 2 1 2 3 2 0 0 1
0 0 1 0 0 0 67 2 7 0 4 13 2 2 0 1 656 0 0 0 0 1 24 21 13 12 6 2 0 0 0 0 0 0 0 1 0 2 7 127 0 0 0 4 1 0 1 2236 2203 2201 5 0 1 1 1 1 1 2 1 0 1 1 1 1 0 0 0 0 2 4 290 0 0 0 0 10 9 0 0 1 0 0 0 0 0 0 0 2 1 0 1 2 0 0 0 0
1 2 7 12 16 18 0 68 11 0 0 0 17 3 0 660 0 0 0 0 0 0 1 1 1 1 1 0 1 0 0 0 0 0 0 0 0 0 0 0 130 1 1 5 0 3 2246 6 0 0 2192 3 0 2 101 98 95 90 72 68 8 5 2 2 2 0 0 0 0 2 0 279 276 27 12 0 0 7 2 0 1 1 1 1 0 0 0 0 0 0 0 0 1 5 6 7
0 2 0 0 0 0 0 0 81 0 2 1 0 18 692 686 21 16 8 6 2 0 0 0 0 0 0 0 3 7 1 0 2 2 0 0 0 0 0 0 132 0 2 2280 2271 2269 0 1 2 3 0 2182 2178 106 0 0 1 9 3 0 57 53 0 7 3 1 1 0 0 0 0 0 238 6 12 5 3 2 2 0 2 8 3 0 0 0 1 0 0 0 0 0 0 1 1 4
0 0 0 0 0 0 0 1 83 0 4 0 721 717 4 0 2 3 5 1 1 0 0 0 0 0 0 0 0 1 11 16 20 3 1 1 1 1 1 0 0 2426 2291 6 0 15 0 0 1 2 1 0 0 2069 2 0 0 6 1 2 2 50 0 15 6 5 2 1 0 0 0 235 1 4 0 5 2 0 1 0 13 0 0 0 0 2 2 1 1 1 1 1 0 0 0 1
0 0 0 1 1 2 1 0 87 1 0 732 3 1 1 0 1 2 1 0 0 0 0 2 1 2 0 0 0 0 0 0 0 21 6 2 2 0 2446 2441 2439 9 0 2 1 5 8 1 0 1 0 0 0 0 2064 2 0 5 0 1 1 1 47 27 17 13 9 0 1 3 234 1 0 1 1 0 0 0 0 14 0 0 1 1 1 3 3 2 2 2 7 2 1 0 0 0
1 4 0 1 2 2 5 0 0 830 739 4 1 0 0 0 0 0 0 0 0 0 1 4 2 4 1 0 0 0 0 0 1 1 2500 2470 2466 2461 10 1 0 6 0 1 0 4 3 1 0 0 0 0 3 2054 5 1 0 4 0 0 0 0 2 8 2 2 3 1 0 223 0 0 0 0 0 0 0 0 1 15 1 1 2 81 78 69 61 58 48 38 3 2 1 0 0 0
0 1 9 10 13 3 3 878 870 37 31 0 0 0 0 0 0 0 0 2 0 0 0 2 8 7 0 1 1 1 0 1 2519 2515 11 4 0 1 5 1 0 4 0 0 0 2 1 0 0 0 1 1 2049 0 0 1 0 1 0 0 0 1 4 2 1 1 2 0 0 9 211 0 0 0 0 1 1 0 3 16 2 2 87 0 1 2 1 5 5 3 18 5 1 0 0 2
0 0 0 0 0 14 892 4 0 1 2 30 23 20 17 14 7 6 3 0 0 0 1 4 9 0 9 2 0 2536 2531 2528 4 1 2 2 3 0 1 2 0 1 1 0 0 0 0 0 1 0 0 2040 6 4 2 0 0 0 0 1 0 0 2 1 0 0 1 0 8 2 2 203 200 191 187 2 0 0 5 114 96 89 0 0 0 1 0 4 4 2 2 8 2 0 11 20
1 0 0 1 1 911 1 0 1 0 1 3 1 1 1 0 3 0 0 0 1 1 1 2 18 2566 2564 2552 2547 7 0 0 0 0 0 1 1 2 0 0 0 0 0 0 0 0 0 0 0 2 1 2034 2 0 0 0 0 0 1 8 4 3 0 0 0 0 0 4 1 1 1 1 6 1 1 178 153 0 147 25 23 21 5 1 0 0 1 1 3 1 1 7 1 1 7 7
2 5 7 9 14 913 0 0 0 0 0 2 0 0 0 0 0 0 0 2 4 9 10 13 2601 0 0 0 0 0 5 4 3 2 1 0 0 0 1 0 0 0 2 1 5 1 0 2 4 6 2030 1 0 1 0 0 2 16 14 2 1 0 2 1 0 0 1 0 0 0 0 0 5 0 0 0 22 149 0 0 0 13 0 2 1 0 0 0 2 0 0 6 0 0 6 0
1 0 0 1 21 915 0 0 0 0 0 0 1 0 2 1 0 0 0 0 0 1 2 3 2607 0 0 0 0 0 0 0 0 2 1 0 0 0 0 0 1 0 3 0 6 0 0 0 1 3 2015 0 0 0 0 0 20 0 0 1 0 0 0 0 0 0 0 0 0 0 0 1 4 1 2 4 21 9 4 3 1 12 10 7 5 3 1 0 1 1 3 5 1 3 5 1
0 2 1 2 0 939 0 1 1 1 2 2 0 3 0 0 0 0 1 1 1 0 0 0 3053 444 443 441 439 3 0 7 4 0 0 1 0 0 2 1 2 1 4 1 7 1 1 0 0 1 1 2005 2000 1940 1935 23 0 2 2 0 0 1 1 1 1 1 1 2 1 0 0 0 0 0 0 1 3 2 0 0 0 0 0 0 0 0 0 0 0 0 0 0 0 0 0 0
1 1 3 0 0 4257 3316 3315 3311 3301 7 0 5 1 0 1 1 0 3 2 2 1 0 3101 44 43 4 0 0 432 9 0 0 240 78 76 73 71 69 64 60 55 51 41 18 9 4 1 0 0 1 1 57 2 0 1908 1904 1892 1866 1860 3 0 4 0 2 2 2 8 4 0 0 1 0 0 0 0 0 1 1 0 0 0 0 0 0 0 0 1 0 0 0 0 0 0 0 0
1 4 0 4 4263 2 0 0 6 0 3289 3280 3276 4 0 2 2 0 3129 3123 3119 3114 3110 5 0 37 1 0 0 2 417 413 243 0 160 0 0 0 0 0 0 0 0 0 21 19 16 0 0 0 0 53 2 1 0 1 10 21 1 0 1853 1846 1841 1831 1827 16 9 1 0 0 1 2 8 6 1 0 0 0 0 0 1 1 1 1 1 1 1 2 1 1 1 1 1 1 1 0
7 0 5 4278 7 0 0 0 4 3 3 2 0 3263 3260 3245 3240 3235 52 0 0 0 0 0 2 24 11 0 1 1 0 2 165 0 0 158 157 2 0 0 0 0 0 0 0 0 0 15 0 3 7 44 1 0 0 2 6 20 0 2 2 2 3 1 0 1805 3 0 0 0 1 15 0 0 0 0 2 0 0 0 1 6 2 2 2 4 4 0 2 2 2 2 4 2 0 0
0 10 4292 6 2 5 2 0 2 2 2 1 0 0 13 0 0 50 1 48 43 0 0 0 0 23 8 1 0 0 1 0 163 2 0 0 0 151 149 147 46 37 23 4 3 0 2 11 2 1 0 12 30 0 1 2 2 18 0 1 1 1 2 0 0 13 1785 1780 1778 3 16 0 0 0 0 0 4 1 2 0 0 0 10 6 5 5 0 0 3 0 9 5 0 3 1 0
2 4308 0 1 0 1 1 1 1 1 1 0 0 7 12 0 4 44 0 1 1 41 10 1 0 22 0 6 0 0 0 0 0 157 29 0 0 0 0 98 6 11 4 10 0 0 1 10 0 0 0 10 29 0 0 1 1 10 6 0 0 0 1 0 12 2 0 0 1 1770 1760 2 0 1 1344 1342 1338 1330 1325 1319 1 1309 1307 1291 1281 1273 2 0 4 1 16 0 1 4 2 1
0 4311 1 0 0 0 0 0 0 0 0 0 2 5 3 1 0 42 0 0 0 1 26 7 0 21 0 0 4 0 0 12 120 126 0 26 20 0 97 4 0 4 5 3 9 0 0 4 4 0 9 3 5 21 11 0 0 5 3 5 1 0 0 3 6 0 0 0 6 1 2 1736 1352 1350 0 1 1 1 1 0 1316 0 3 1 0 0 1262 1257 1234 1213 1208 1143 1140 1133 1123 1118
257 4319 1 0 0 0 0 0 0 0 0 0 0 0 2 0 1 21 19 2 0 0 25 2 2 16 2 0 3 0 8 105 0 0 2 3 16 1 96 0 2 3 2 1 2 7 0 3 3 3 3 2 0 7 0 10 0 4 2 0 1 0 0 0 5 1 3 5 0 0 0 382 60 0 0 0 0 0 0 0 0 0 1 0 0 2 0 20 14 1 46 0 3 3 0 1
4780 200 4 3 1 1 0 1 1 1 1 0 0 0 0 0 0 17 14 0 0 0 23 1 1 1 13 0 2 2 2 1 102 0 1 2 15 0 94 0 1 2 1 0 1 2 2 2 2 2 2 1 0 5 2 2 2 3 0 0 0 0 1 4 0 0 0 0 0 0 307 320 0 59 50 46 42 41 36 3 2 1 0 0 0 0 10 8 13 0 17 27 0 1 2 0
4782 0 199 194 2 1 0 2 16 13 8 5 0 2 5 10 13 2 2 10 0 21 0 0 0 0 10 1 1 1 1 0 100 1 0 1 1 12 93 29 0 0 0 0 0 1 1 1 1 1 1 0 2 1 1 1 1 1 0 0 1 0 0 0 0 0 0 1 4 306 5 0 3 4 2 2 2 3 3 27 22 17 8 0 1 9 1 5 12 0 15 25 0 0 0 0
3 0 1 1 190 3 0 21 0 0 0 0 0 1 1 3 1 1 1 2 5 2 17 2 0 7 1 0 0 0 0 0 94 1 0 0 0 11 62 0 27 25 20 0 0 0 0 0 0 0 0 0 0 0 0 0 0 0 0 3 4 8 0 0 1 1 0 0 298 0 2 1 2 3 1 1 1 2 2 3 3 3 3 6 0 6 0 4 11 4 4 4 24 15 10 1
0 0 0 0 1 183 24 0 0 0 0 0 0 0 0 2 0 0 0 1 4 1 2 10 0 6 0 0 0 0 1 91 0 0 0 0 1 8 60 0 0 2 0 18 15 12 1 0 1 0 0 1 9 13 16 0 0 0 0 0 0 1 91 99 105 106 130 138 157 1 1 0 1 2 0 0 0 1 1 2 2 2 2 4 0 5 3 7 2 3 3 3 3 3 3 7
4 2 0 0 8 2 145 10 7 6 3 1 0 0 1 0 1 0 0 1 1 0 1 6 2 3 0 0 0 1 2 83 1 0 0 0 4 2 2 56 0 0 0 0 0 0 9 4 0 0 0 6 2 1 1 20 1 1 0 0 0 79 1 2 2 0 18 6 0 153 0 0 0 0 0 0 0 0 0 1 1 1 1 1 1 4 2 6 1 2 2 2 2 2 2 2
0 0 0 7 1 1 1 129 0 1 0 0 8 3 0 0 0 1 0 0 0 0 0 4 1 1 0 0 2 4 9 66 5 4 1 0 1 1 1 7 46 44 4 3 2 1 1 1 0 1 4 1 0 0 0 1 30 31 47 72 75 1 0 1 1 17 1 1 1 1 150 148 146 136 0 1 1 0 0 0 0 0 0 0 0 3 1 5 0 1 1 1 1 1 1 1
1 0 0 5 0 0 0 5 122 15 12 10 0 1 0 8 5 2 1 0 0 1 2 0 0 0 0 1 2 3 0 64 1 0 0 0 0 0 0 6 0 0 37 2 1 0 0 0 0 0 0 0 0 1 2 3 0 10 0 22 0 0 0 0 0 16 0 0 0 0 0 0 8 0 133 11 8 5 2 1 0 0 2 0 0 0 0 0 4 0 0 0 0 0 0 0
5 3 2 4 0 0 1 4 4 100 1 0 0 0 0 9 0 0 0 0 0 0 0 0 0 1 2 4 7 10 12 61 2 1 0 0 0 0 0 5 0 0 33 3 1 0 0 0 0 0 0 0 0 2 4 7 9 1 3 21 13 8 0 0 2 15 10 1 0 1 3 5 7 0 14 105 88 81 1 0 0 0 3 0 0 3 2 1 0 3 0 1 4 7 11 15
0 0 1 0 1 0 0 0 3 2 94 91 2 0 68 66 51 1 0 1 2 0 1 2 0 0 0 1 1 0 0 15 27 0 1 1 1 0 0 0 0 0 25 0 0 1 0 1 0 1 4 1 0 0 0 0 0 0 0 2 0 2 6 1 0 0 2 4 2 0 0 0 0 0 11 15 2 2 78 75 73 63 57 48 8 3 2 1 0 1 0 0 1 1 2 2
0 0 0 0 0 1 0 0 1 1 1 1 84 74 1 0 1 47 44 37 31 28 3 1 0 0 0 0 1 5 10 3 5 19 16 12 5 2 0 0 0 0 0 24 4 1 2 1 0 0 0 6 9 0 0 0 0 0 0 0 0 0 2 0 0 0 0 0 0 0 0 1 9 10 12 1 1 1 1 0 7 3 3 6 29 0 15 14 13 12 1 0 0 0 1 1
112 0 0 5 2 0 1 0 0 0 0 0 5 2 2 0 0 1 2 1 0 0 20 10 0 2 0 0 2 0 2 2 4 1 0 0 0 0 0 1 1 3 0 0 17 12 6 0 1 1 0 0 0 10 2 1 1 1 0 2 1 0 0 0 0 0 0 0 0 0 0 3 2 10 0 0 0 0 0 3 2 2 2 2 2 27 5 2 0 9 2 1 0 0 0 0
1 109 107 98 95 92 2 1 0 0 0 0 1 1 1 1 0 0 0 0 0 0 3 1 7 6 0 0 0 0 0 1 2 0 0 0 0 0 0 2 11 8 1 0 3 1 1 2 0 6 1 1 1 0 11 3 4 3 4 0 0 0 0 0 0 2 8 6 2 0 0 0 1 1 7 4 2 0 0 1 1 1 1 1 1 1 2 1 0 0 4 3 2 0 0 0
0 0 0 1 1 2 82 77 72 71 1 0 0 0 0 0 0 0 0 0 0 0 0 0 0 1 0 3 2 0 0 0 1 0 0 1 1 2 0 15 0 0 0 0 0 0 0 1 0 1 10 18 24 26 0 12 22 32 0 1 0 1 1 0 2 14 1 0 0 0 0 0 0 0 0 0 0 0 0 0 0 0 0 0 0 0 0 0 0 0 0 0 0 0 1 1
0 0 0 0 0 1 1 1 3 2 63 59 1 0 0 1 43 42 39 36 30 27 1 0 0 6 5 0 0 0 0 0 0 0 2 1 7 0 1 17 0 0 1 0 0 0 0 0 0 0 0 1 2 1 29 33 35 36 77 2 3 0 2 1 19 0 0 0 0 0 2 1 0 0 0 0 0 1 0 0 0 0 0 0 0 0 0 0 0 2 1 0 1 3 0 0
5 3 1 0 0 0 0 0 2 1 1 0 55 54 53 49 3 1 0 1 1 1 24 19 0 8 0 0 0 1 2 4 7 0 0 3 11 0 2 18 1 1 7 3 1 1 0 0 0 0 0 0 0 0 0 0 0 0 1 79 85 87 91 22 0 1 1 0 0 2 3 4 1 3 1 1 1 3 0 2 0 1 0 2 1 1 1 1 1 3 2 1 2 5 2 0
0 0 0 0 1 0 0 0 0 0 0 0 0 0 0 0 0 0 0 0 0 0 1 1 16 14 2 1 2 0 0 0 0 9 12 13 30 32 3 42 20 19 8 7 6 5 1 0 1 1 0 0 0 0 0 0 0 0 0 0 0 0 2 120 122 4 1 0 0 1 12 0 0 4 0 2 2 4 1 3 1 2 1 3 0 4 2 5 0 7 0 5 6 3 1 0
1 1 0 1 3 1 0 0 0 0 0 0 2 17 14 10 8 5 0 0 0 0 0 0 0 0 0 3 0 0 0 1 3 0 0 0 0 0 80 0 0 0 0 0 0 0 0 1 2 2 1 0 1 3 6 8 1 1 0 0 0 0 0 0 2 131 2 2 0 0 16 1 0 5 0 4 3 5 2 0 6 119 0 111 103 101 94 83 0 8 0 34 26 4 1 0
2 1 0 2 6 0 0 3 0 1 0 2 31 3 1 1 0 1 3 0 1 1 0 0 0 0 0 5 7 2 0 0 0 4 1 2 2 0 0 83 0 4 1 1 0 0 4 3 3 0 0 3 0 0 0 0 11 0 3 2 0 0 0 1 0 1 132 6 1 1 17 2 1 6 1 5 4 0 176 166 157 0 112 1 2 0 0 14 66 63 46 2 6 2 1 0
7 2 0 3 8 0 1 70 65 62 58 46 9 5 0 0 0 0 0 0 3 2 4 1 0 1 0 1 2 16 18 21 0 2 5 11 3 3 0 85 0 5 0 2 1 1 9 0 4 1 5 0 0 6 10 14 30 34 48 6 1 0 0 1 3 5 8 149 152 2 290 271 266 259 220 213 199 191 8 0 4 30 18 0 0 1 11 1 1 6 3 2 1 5 3 1
0 0 0 4 95 85 77 0 0 0 6 1 1 8 4 3 2 0 0 2 3 17 0 1 0 2 0 0 0 0 0 0 22 0 3 0 20 2 0 0 87 8 0 61 57 53 47 34 29 18 8 0 0 2 1 1 1 1 1 49 1 0 0 0 0 0 0 0 0 452 4 0 3 30 3 6 1 3 3 2 3 3 6 14 0 0 10 0 0 5 2 0 0 0 0 0
0 0 6 98 0 1 1 4 0 4 0 0 0 1 5 2 0 0 0 0 1 18 2 0 1 3 2 1 0 0 0 0 1 24 0 5 25 0 0 1 171 73 68 5 0 2 1 2 2 2 2 2 0 0 0 0 0 0 0 0 57 3 0 0 0 0 1 4 458 3 0 2 2 29 2 5 0 2 2 1 2 2 2 2 12 9 0 9 0 4 0 0 0 0 0 0
0 115 112 0 0 0 0 0 1 1 1 0 0 0 0 0 0 0 0 0 1 4 22 1 2 4 6 0 0 0 2 5 8 36 1 36 3 0 0 176 0 3 0 2 1 1 0 1 1 1 1 0 0 0 0 1 0 0 0 0 59 0 0 0 1 1 1 466 1 0 1 1 1 28 1 1 2 1 1 0 1 1 1 1 1 3 3 1 5 1 1 0 2 1 2 1
127 3 0 4 3 2 1 0 0 0 5 4 2 1 0 0 1 5 1 0 1 2 31 38 3 17 4 3 1 0 0 0 0 1 79 0 0 0 0 179 0 0 0 0 0 0 0 0 0 0 0 0 1 2 4 5 9 10 12 14 75 79 1 1 2 7 479 9 0 0 0 0 0 27 0 0 0 0 0 0 0 0 0 0 0 2 2 0 4 0 0 0 1 7 18 6
131 1 1 0 0 0 0 0 0 0 6 0 0 0 0 0 0 6 0 0 0 0 0 39 28 9 6 2 1 0 0 1 2 3 82 1 0 0 0 181 0 8 7 6 5 2 1 0 0 0 0 1 2 4 6 8 11 12 13 14 15 80 0 0 0 490 0 0 6 5 4 3 1 26 24 22 20 18 16 10 8 7 5 3 1 1 1 1 3 0 3 6 7 8 19 0
0 0 0 0 1 1 2 0 1 1 7 2 0 1 1 1 1 8 0 0 1 1 42 30 0 1 0 2 1 0 0 0 0 1 87 0 0 0 205 202 18 17 2 0 0 0 2 1 1 0 0 0 0 0 0 0 0 0 0 0 1 18 100 103 0 497 4 3 2 1 0 0 0 0 0 0 0 0 2 1 0 0 0 0 0 0 0 0 0 0 0 1 0 1 31 1
1 0 0 1 2 7 1 0 2 2 11 1 0 2 2 4 9 1 0 0 1 4 79 4 3 2 1 0 0 0 0 2 4 5 90 1 215 213 4 1 0 2 1 0 0 3 0 0 3 0 0 1 1 0 0 0 1 2 4 6 0 0 0 0 104 507 7 5 3 2 1 0 0 0 0 0 0 0 0 0 0 0 0 0 0 0 0 0 0 0 0 0 1 7 11 46
0 0 1 218 212 1 0 196 194 189 170 166 1 7 0 15 2 0 1 1 7 80 0 1 0 0 0 0 2 0 0 0 0 0 98 219 0 0 0 0 0 0 0 0 0 6 0 0 5 1 1 2 2 1 1 0 0 0 0 1 10 12 13 16 615 0 0 0 0 0 0 0 1 1 1 2 3 1 0 0 0 0 2 2 0 1 1 8 5 4 0 2 4 2 1 1
313 311 304 77 0 201 200 2 0 2 0 1 161 158 147 144 121 3 2 2 89 1 2 0 0 0 2 1 3 0 1 1 1 3 324 0 0 0 0 0 0 0 0 0 0 1 8 1 6 2 2 3 3 2 2 1 1 0 2 3 0 0 0 634 0 0 0 0 1 1 0 1 2 2 5 4 0 0 0 1 1 1 3 27 23 17 14 3 0 2 0 0 0 0 0 0
