code/mhm/output/Wesenitz2_0p0625/mhm_setup/morph/facc.asc
ncols                240
nrows                104
xllcorner            13.90625
yllcorner            50.984375
cellsize             0.001953125
nodata_value         -9999
[rows 0 to 75 of 104, columns 0 to 95 of 240]
5 71 1 0 17 16 13 9 5 4 0 0 807 0 0 0 2 0 15 12 9 7 4 2 0 0 0 0 0 0 0 0 2 0 1 3 1 1 1 2 3 2 1 1 0 0 0 0 1 2 48 54 332 3 0 0 0 16 0 1 38 34 31 27 2 0 0 0 0 0 0 0 2 1 10 4 3 1 0 0 0 0 0 0 0 0 2 19 7 12 2 6 0 0 0 0
2 1 66 1 0 1 0 1 2 1 0 0 804 0 2 0 31 23 4 1 0 0 0 0 0 0 2 1 1 2 0 0 0 0 1 0 0 0 0 1 2 1 0 0 0 1 3 5 38 44 0 4 3 322 3 1 0 15 0 0 0 1 0 1 22 20 14 4 2 0 0 0 0 0 2 1 0 0 0 0 0 0 0 0 0 1 17 0 6 11 0 0 5 0 0 0
1 0 60 2 1 0 0 0 1 0 0 0 801 43 42 37 0 2 1 1 0 0 0 1 1 1 3 11 8 2 0 0 0 0 0 0 0 0 0 0 0 0 0 0 0 1 26 31 3 0 1 0 2 316 0 0 0 13 9 5 3 1 0 0 0 1 2 6 4 3 1 0 0 0 0 0 0 0 0 0 2 4 9 11 13 14 1 2 2 10 0 0 0 2 0 0
0 35 10 12 11 9 6 1 0 0 0 744 11 2 0 1 1 0 0 0 0 1 1 2 2 2 16 0 0 0 0 1 1 1 0 1 1 1 0 0 0 0 0 1 20 23 3 1 0 0 0 1 0 314 5 4 0 2 1 0 0 0 0 0 0 0 0 0 0 0 0 1 0 1 0 0 1 1 1 0 1 2 0 1 2 0 0 1 1 2 5 0 0 0 1 1
0 33 1 7 1 0 1 3 0 0 720 20 0 7 1 0 0 0 0 0 1 2 2 3 3 20 1 1 1 1 0 2 2 2 1 9 4 1 0 0 5 6 12 16 1 1 0 0 0 0 0 0 0 306 0 0 0 0 0 0 0 0 4 2 0 0 0 0 0 2 0 3 0 2 1 1 7 2 0 0 0 0 0 1 2 8 0 0 0 1 1 0 0 5 0 2
0 31 0 0 3 0 0 0 1 0 716 0 17 0 6 1 0 0 0 2 3 3 43 39 29 28 2 0 2 2 31 29 21 17 15 0 0 1 0 0 0 1 1 1 0 0 0 4 6 9 14 15 300 3 1 0 0 0 0 0 15 13 1 0 0 1 1 1 1 3 5 0 1 3 4 9 0 0 1 1 1 1 0 0 0 0 11 1 0 0 0 0 0 0 6 4
3 23 2 1 0 2 1 0 0 0 714 0 13 1 0 3 2 0 0 1 5 60 1 0 0 0 0 43 41 34 1 0 0 0 0 0 8 6 2 1 0 0 0 0 0 1 2 0 0 0 0 0 281 0 0 0 2 22 19 17 0 3 0 0 1 5 48 45 42 39 28 26 25 22 12 1 0 1 5 2 2 5 1 3 7 0 14 1 0 1 0 0 2 4 13 32
2 22 18 1 0 0 0 0 0 0 711 0 12 5 4 2 0 0 0 1 0 63 1 0 0 0 0 50 5 3 2 1 0 0 0 0 9 0 0 0 0 0 0 0 1 2 3 9 10 11 12 13 263 0 0 0 32 5 4 3 0 2 0 0 0 75 19 17 14 11 6 4 3 2 1 0 0 2 6 0 0 6 0 0 8 0 15 0 0 2 0 0 0 0 79 7
0 0 1 15 12 10 3 1 0 0 708 0 5 3 0 0 0 1 0 0 2 65 0 0 1 1 54 1 0 0 0 0 0 1 1 1 10 2 8 6 4 3 0 0 0 2 4 1 2 3 7 45 1 214 43 40 6 5 0 0 0 0 0 0 80 1 0 1 1 1 1 0 0 0 0 0 1 3 7 1 1 7 1 1 9 1 16 2 0 3 1 1 84 82 1 21
1 0 0 0 0 0 3 2 0 0 705 0 0 0 1 0 0 2 0 1 4 146 79 76 74 70 6 5 3 2 0 1 1 2 2 0 13 15 2 1 0 2 1 0 0 0 0 0 1 2 19 16 0 0 168 1 0 3 0 0 0 0 0 3 82 0 0 0 0 0 0 0 1 1 1 0 3 4 8 2 2 8 2 0 12 2 17 15 10 9 2 86 0 0 0 0
0 0 1 0 0 0 0 0 0 0 3 698 0 2 1 0 0 4 1 166 158 7 0 0 0 3 1 0 0 0 0 4 3 0 3 1 30 0 0 0 0 3 0 1 0 0 0 0 1 18 1 15 1 1 0 162 0 0 0 3 0 0 1 0 87 0 0 0 0 0 0 1 2 2 0 3 0 9 9 16 9 0 0 4 0 16 35 0 0 0 100 4 3 2 1 0
4 2 0 1 0 2 1 1 0 0 0 9 685 0 0 0 0 181 174 1 0 1 5 2 0 1 0 0 0 1 1 9 1 0 0 6 32 3 1 1 0 0 8 0 0 1 7 9 14 0 0 10 0 0 1 2 155 151 6 5 0 125 123 119 26 0 2 1 0 0 3 5 0 0 3 1 7 20 17 0 0 0 184 181 175 155 111 110 106 105 0 7 5 2 1 0
1 0 26 24 20 13 6 3 0 0 5 2 5 674 3 0 183 1 0 2 0 0 0 0 0 0 0 3 1 2 12 2 0 1 1 65 57 19 17 14 12 11 0 0 0 2 0 0 3 2 8 0 0 0 0 0 2 1 141 136 132 1 0 1 0 23 13 1 0 0 0 4 7 1 0 4 0 47 0 200 198 196 7 1 0 2 3 0 0 0 0 0 0 0 0 0
169 29 1 0 0 1 3 0 0 4 1 0 3 0 668 192 7 3 1 0 1 0 0 0 0 0 0 0 5 18 3 0 0 3 71 2 1 0 0 0 0 0 0 0 1 0 0 0 0 1 2 0 0 0 0 0 0 0 3 1 0 3 0 0 0 4 0 8 4 3 0 0 14 0 3 0 6 262 204 2 1 1 2 1 0 1 1 0 0 0 0 0 0 0 1 1
1 136 7 6 4 1 0 1 0 2 0 0 1 0 474 1 0 0 0 0 0 1 4 2 0 1 0 0 0 25 5 0 1 77 0 0 0 0 1 1 0 1 1 1 2 2 0 0 0 0 0 0 0 1 2 1 0 0 0 0 0 0 1 0 0 0 0 0 0 0 0 0 15 0 1 4 0 263 4 0 0 0 0 0 0 0 0 0 1 1 2 1 0 0 1 14
125 0 0 0 0 0 0 0 0 1 0 0 0 2 470 1 0 0 0 1 3 7 1 0 0 3 0 0 1 3 120 82 81 0 0 2 1 2 2 0 1 2 4 0 3 5 0 1 0 0 0 0 1 1 10 0 0 0 0 0 0 0 0 0 0 0 0 0 0 0 1 1 20 21 25 0 5 272 1 2 1 0 0 0 0 0 1 2 6 2 5 0 1 1 0 18
0 107 1 0 0 0 1 1 0 0 0 0 0 0 464 0 25 24 22 16 11 2 1 0 1 0 5 1 0 0 122 0 0 0 1 3 11 8 1 0 26 23 19 13 7 0 0 2 1 1 1 0 1 2 0 11 1 1 1 1 1 2 1 0 0 1 4 6 1 1 2 0 0 0 1 29 311 1 0 0 0 1 1 1 0 0 0 0 7 0 10 1 2 2 1 19
0 104 0 1 0 1 2 16 12 11 2 0 0 2 5 455 0 0 0 0 0 0 0 0 2 0 1 8 1 227 102 99 98 95 92 88 32 31 30 28 0 0 2 0 0 0 1 3 2 2 0 2 6 0 4 13 2 2 2 2 2 5 1 0 0 1 0 0 9 2 4 0 0 0 0 4 312 0 0 0 3 2 0 2 1 1 1 1 8 0 0 11 76 70 66 38
15 102 82 78 74 69 34 15 0 5 1 0 0 0 0 6 420 0 0 1 0 1 1 1 3 1 2 9 231 0 0 0 0 0 0 37 0 0 11 10 9 8 0 0 1 3 0 6 6 1 0 0 0 8 9 15 36 41 45 3 9 2 1 0 0 1 3 1 0 13 7 0 1 1 2 0 8 324 0 5 3 0 1 3 2 2 2 122 119 109 101 86 6 0 1 2
10 2 2 0 2 21 6 0 13 2 1 0 0 1 4 0 2 414 0 2 1 2 2 6 311 310 299 297 233 0 1 0 0 1 0 0 35 16 2 1 0 0 1 0 0 0 6 14 2 0 1 1 0 0 0 1 0 0 0 46 17 2 1 1 0 0 2 6 0 28 4 3 0 0 0 0 0 0 521 188 0 1 162 159 143 138 132 6 2 5 0 1 2 1 0 1
7 1 0 0 1 9 10 5 0 12 5 1 0 0 0 0 0 17 393 385 374 373 334 314 0 4 0 2 49 2 0 0 4 0 0 2 13 0 5 0 0 0 0 0 0 2 3 26 4 0 4 1 0 1 0 0 0 0 0 874 825 806 0 2 1 4 0 0 37 0 0 0 0 0 1 1 0 527 525 0 182 165 0 7 0 1 1 2 1 2 1 0 0 0 0 0
2 1 0 0 5 2 9 1 1 3 1 2 0 0 1 13 15 0 6 2 1 29 1 11 0 2 0 1 0 44 22 19 12 0 0 0 1 10 0 3 0 1 2 0 0 0 1 3 31 38 7 0 1 2 1 0 2 0 880 2 0 1 797 795 8 0 1 1 38 1 1 1 1 1 0 561 556 26 0 0 1 11 0 2 3 0 0 1 0 0 0 0 0 0 0 0
0 0 0 4 0 0 8 0 0 1 0 0 0 0 1 8 0 5 0 0 0 23 4 0 10 0 0 0 0 0 18 0 0 10 1 0 0 0 1 0 0 0 8 1 2 0 0 0 1 2 47 1 2 3 2 0 894 889 6 0 0 0 0 0 781 3 0 0 710 668 665 659 594 588 581 14 0 0 24 0 0 0 9 0 0 2 1 0 0 0 0 1 5 0 0 2
3 0 0 3 0 1 7 1 0 0 0 0 0 0 1 7 2 4 1 0 5 22 0 3 0 9 0 0 6 9 16 0 1 6 1 0 0 0 0 0 0 0 9 0 3 0 0 0 0 0 1008 956 953 947 941 935 26 3 0 3 2 0 0 1 0 773 739 735 20 0 2 61 2 3 2 10 1 0 22 18 0 0 8 6 5 3 1 0 0 1 0 0 6 0 0 0
0 1 0 1 0 0 1 0 0 0 0 3 2 0 0 0 1 1 0 3 0 2 10 0 0 6 0 2 1 1 1 2 0 0 0 0 0 2 2 1 0 0 12 0 0 5 1 0 1027 1024 13 7 1 0 1 11 0 20 2 1 0 0 0 2 4 27 2 1 17 0 1 60 1 2 1 0 8 0 0 1 16 0 0 0 0 0 0 0 1 3 0 0 8 1 0 2
0 0 0 0 0 1 3 2 0 1 0 7 0 0 0 0 0 0 0 1 0 0 7 1 0 4 0 1 0 0 0 0 0 0 0 0 1 1110 1105 1101 1093 1091 1078 1064 1062 1060 1050 1044 8 0 1 2 6 0 0 6 3 19 11 8 1 0 0 0 6 19 1 0 14 1 0 59 0 0 0 0 1 4 1 0 0 12 9 5 2 1 0 1 2 0 5 10 2 0 1 0
0 0 0 2 5 8 1 0 0 2 1 9 0 2 1 0 0 0 0 0 0 0 1 3 0 3 0 0 0 0 0 1 0 2 0 0 3 1113 0 0 3 0 9 6 0 2 2 5 0 5 0 1 2 2 1 3 2 2 3 1 5 0 0 5 2 15 0 1 1 9 0 0 57 46 36 0 0 0 0 0 0 0 0 0 0 0 0 0 5 1 6 11 3 1 2 0
1 0 0 0 3 19 1 0 1 3 2 11 0 5 6 4 2 0 1 0 1 0 0 0 0 0 0 0 2 1 0 0 4 3 0 3 1121 0 0 0 0 0 1 3 0 1 1 2 1 1 2 0 1 1 0 2 1 1 2 0 1 1 1 1 1 12 1 0 0 1 6 4 4 7 0 34 17 1 0 3 2 0 0 0 0 1 1 3 11 15 23 36 4 5 0 2
4 2 0 0 0 2 26 0 2 0 8 30 17 9 1 0 0 0 2 1 2 1 9 8 7 6 0 0 2 8 12 15 16 9 0 1128 1 1 0 0 0 0 0 0 0 0 0 1 0 0 0 0 0 0 0 0 0 0 0 0 0 0 0 0 0 1 9 0 0 1 3 3 3 3 2 0 14 14 8 1 0 0 1 12 9 0 0 1 0 0 1 2 45 6 1 3
0 0 0 0 0 0 0 27 4 0 0 43 1 0 0 1 0 0 6 0 25 18 5 2 0 2 1 0 1 0 0 0 1 19 31 1130 0 0 1 1 0 0 0 0 0 1 0 0 0 0 0 0 0 0 0 0 0 0 0 0 0 1 3 0 0 0 0 7 2 0 2 2 2 2 1 0 8 3 4 1 0 0 17 1 0 5 4 0 0 0 0 0 0 47 9 6
11 7 1 0 0 0 0 0 33 1 0 44 3 2 0 2 2 7 1 26 0 0 1 1 0 1 0 0 0 0 0 1 2 3 1168 0 0 0 2 4 1 1 1 1 3 0 0 0 1 4 1 0 0 1 2 1 1 1 2 0 0 0 15 10 8 4 3 3 0 1 1 1 1 1 0 2 4 0 1 3 0 21 0 0 0 0 1 0 1 2 3 5 10 0 49 17
1 1 3 1 0 0 2 7 42 2 1 54 4 2 0 15 8 2 27 1 4 3 2 0 0 0 0 0 0 2 4 5 6 7 1177 18 17 14 6 0 0 2 0 8 0 2 0 10 6 0 1 0 0 1 5 5 0 5 0 1 1 17 0 0 0 0 2 0 0 0 0 0 0 0 0 0 2 0 0 2 0 3 26 2 0 3 1 0 0 0 1 2 0 12 68 0
0 0 0 0 1 0 0 0 0 47 58 0 0 0 0 0 19 29 0 10 2 1 0 1 0 0 0 1 1 0 0 0 0 0 1203 5 4 1 3 2 0 3 4 15 17 17 12 0 0 0 2 4 1 2 96 0 0 6 1 2 23 2 0 2 1 0 0 1 0 0 0 1 0 0 0 0 0 0 0 0 0 0 2 34 5 2 0 0 0 0 0 0 0 0 84 0
1 0 0 0 4 0 0 0 0 0 107 0 0 0 0 1653 1650 0 11 0 0 0 0 0 0 0 2 0 2 2 1 2 0 1208 1 0 0 0 0 0 0 0 0 0 0 36 0 0 2 0 0 0 5 103 0 82 74 73 63 24 0 9 8 4 3 2 0 0 1 0 1 2 0 1 1 1 0 0 0 0 0 1 0 1 47 52 4 1 0 1 0 1 4 1 87 1
0 0 0 1 1 7 0 0 2 1 0 1773 1663 1661 1658 1 1 1596 1594 1580 4 1 0 1 1 1 0 4 0 6 0 1491 1485 274 1 0 0 0 0 1 1 1 1 0 229 226 183 182 179 125 123 119 118 6 4 0 5 1 0 32 26 0 0 0 0 0 1 2 0 3 0 0 4 0 5 2 3 1 2 0 0 0 0 0 2 0 58 0 1 3 0 0 0 96 0 0
0 1 1 2 2 9 0 0 4 0 1780 2 0 0 0 0 0 0 0 0 1572 1569 6 2 0 2 1 0 5 1507 1498 4 0 0 270 266 264 256 254 252 247 243 239 235 2 0 2 0 49 0 0 0 0 0 0 1 0 4 1 2 0 14 1 1 1 0 5 0 0 6 0 6 0 0 9 4 0 0 0 4 2 0 0 0 0 0 3 65 69 74 1 2 97 0 0 0
3802 3797 3574 3569 3564 3559 0 0 1793 1786 3 0 0 0 7 6 3 1 0 0 0 0 1560 2 0 3 0 1529 1525 10 0 0 1 1 0 0 0 4 0 1 0 0 0 0 0 0 0 0 0 46 0 24 0 0 0 0 0 1 0 0 1 0 10 9 2 0 6 2 0 7 11 2 1 1 12 20 24 27 0 0 9 0 1 0 0 0 0 0 0 0 77 181 0 1 1 1
2 219 1 0 0 6 3539 3537 1 0 0 0 15 13 3 0 0 0 0 0 0 0 0 1554 1548 1542 1536 3 0 2 5 3 0 0 0 0 0 0 0 0 0 0 0 0 0 4 3 1 0 14 27 0 22 20 0 7 4 3 0 0 0 3 0 0 0 0 7 26 22 12 0 0 0 0 0 1 1 1 30 43 0 0 5 0 1 0 0 0 0 0 0 1 192 6 2 0
0 217 0 0 4 0 0 0 1738 1 0 18 1 0 0 2 1 0 3 0 0 2 3 0 4 0 0 0 0 0 0 0 1 0 0 2 0 2 1 0 1 1 1 11 6 0 0 0 2 9 0 0 0 2 13 1 0 0 0 0 8 0 1 0 0 2 40 2 1 0 5 3 1 3 0 0 0 0 0 1 47 0 1 9 17 4 1 0 2 0 1 199 1 0 0 0
3 216 2 0 3 1 0 2 0 1731 20 0 0 0 0 0 0 0 5 0 0 0 1 2 3 0 1 0 0 0 0 0 0 0 0 3 1 3 0 0 2 2 0 12 2 1 0 1 2 8 2 0 0 1 2 1 0 0 0 0 9 0 0 0 0 44 0 1 0 0 6 0 4 0 0 0 0 1 0 1 50 0 60 61 18 1 0 0 0 3 0 206 5 2 1 0
1 205 0 0 0 0 0 0 6 0 1701 1696 1694 1687 2 0 1 7 0 1 0 0 0 0 0 0 6 2 0 0 1 3 0 1 1 0 6 4 51 43 41 37 25 10 2 1 0 0 1 1 0 0 0 1 0 0 0 1 0 1 13 1 1 1 46 2 0 0 0 1 7 6 0 2 0 2 0 0 2 3 5 59 1 2 89 0 0 0 4 5 219 0 0 0 0 0
0 36 166 0 0 0 0 1 2 1 1 0 4 0 1681 1653 1649 1645 2 0 0 2 3 0 1 8 0 0 0 0 1 2 5 5 2 71 62 55 1 5 2 6 1 0 3 2 1 0 0 0 0 2 3 0 0 1 1 3 0 0 16 2 2 47 4 0 0 0 1 3 15 2 0 11 7 2 0 0 0 0 0 0 0 0 0 91 0 0 0 0 221 1 0 0 0 0
33 1 1 162 3 0 0 0 0 0 0 2 0 23 2 1 0 6 1625 1623 1620 1617 1608 1605 1602 12 1 1 0 0 3 11 6 6 73 0 0 0 0 1 1 1 1 0 0 0 0 0 0 0 0 0 8 4 0 0 4 9 11 18 3 0 3 53 0 0 0 1 3 4 19 1 0 13 0 0 0 0 1 2 0 0 0 0 1 0 94 0 0 0 2 230 1 0 0 1
0 0 12 2 141 1 0 1 0 0 0 0 1 20 1 0 0 4 0 0 0 0 1 1 1 1584 5 2 0 0 0 1 19 82 0 0 0 0 0 0 0 0 0 0 2 1 1 1 1 1 0 1 14 0 0 1 0 0 0 37 0 1 0 63 3 1 0 0 6 25 2 0 0 14 0 1 1 1 0 6 1 0 1 0 0 3 0 96 1 0 0 0 233 1 1 2
6 11 0 0 5 132 17 14 13 12 6 2 0 17 1 0 0 2 0 1 0 0 0 0 0 0 1575 1 0 0 1 2 3 107 0 2 3 1 0 0 0 0 0 0 0 5 2 2 2 2 1 2 16 0 0 0 3 1 0 38 0 0 70 1 0 308 307 39 37 29 1 0 1 15 3 0 2 2 1 7 2 3 0 1 1 0 4 113 5 2 0 0 235 0 0 0
1 1 1 0 3 1 110 3 1 3 1 2 1 0 15 0 0 0 1 3 13 18 19 22 27 28 1572 0 0 0 0 0 0 0 120 6 0 1 0 1 1 2 0 0 1 21 13 4 3 3 23 17 0 0 2 1 4 2 1 40 0 0 72 0 309 0 0 265 264 262 260 254 0 20 0 189 187 183 179 168 167 140 135 133 130 127 125 0 8 4 0 0 1 240 0 0
0 0 0 2 0 104 0 0 0 0 0 0 0 0 7 6 1 0 0 1 4 2 1 0 2 0 3 1537 1 0 0 2 1 0 122 0 0 4 1 2 2 3 1 1 25 0 0 0 4 24 0 1 0 0 4 7 0 3 0 43 0 399 396 320 319 6 3 1 0 0 2 4 244 243 212 20 19 2 1 0 0 21 19 10 5 0 1 2 2 2 0 2 5 9 251 1
1 0 1 0 16 103 2 1 0 0 0 0 2 4 1 2 0 0 0 3 0 0 0 0 0 0 0 2 1530 0 1 132 126 124 0 0 0 5 3 0 3 4 4 26 0 0 0 0 32 1 2 0 1 0 1 13 0 601 595 593 547 139 0 1 0 0 0 0 0 0 0 1 1 4 2 0 0 14 9 2 0 0 7 3 2 0 0 1 1 1 0 1 1 0 0 253
0 1 10 14 5 8 67 8 7 6 3 1 1 0 0 0 0 0 2 0 0 0 0 0 0 0 0 0 154 1372 0 133 0 0 0 0 3 963 956 950 947 941 933 925 891 888 881 33 0 0 0 4 2 0 632 628 613 7 0 0 5 0 136 0 0 0 0 0 0 0 0 0 0 1 1 1 2 0 1 3 0 3 2 0 1 1 0 0 0 0 0 0 0 1 0 0
0 3 3 2 4 7 55 1 0 1 0 0 0 0 0 0 0 0 0 1 3 1 2 0 2 0 135 152 0 12 1355 137 1 0 1 0 969 0 0 0 0 1 1 5 0 0 3 844 841 838 6 0 642 638 3 0 1 1 3 0 4 0 0 133 125 0 1 2 1 1 0 1 0 0 0 0 0 0 0 0 1 2 0 0 0 0 0 0 0 0 0 0 1 2 3 0
2 0 1 1 3 6 2 51 0 2 0 0 0 1 1 4 0 0 0 0 1 6 117 121 131 132 6 8 9 1 0 1215 1212 1203 1198 1194 51 43 3 2 0 0 0 1 2 1 0 1 0 0 828 776 128 121 0 0 0 0 0 0 0 1 2 3 3 117 107 3 0 7 4 0 0 0 0 0 0 0 0 0 0 0 0 0 0 1 1 1 1 2 0 0 0 0 8 4788
0 0 0 2 3 1 1 1 47 41 36 9 7 3 0 1 5 9 1 20 22 98 5 1 5 1 3 7 8 0 0 0 7 2 0 170 1 4 38 0 0 0 0 0 0 0 0 0 0 2 47 2 2 2 120 116 0 0 0 0 0 0 1 2 2 3 4 97 94 84 0 1 41 40 38 36 32 17 2 0 0 1 0 0 2 3 4 0 2 3 1 1 1 0 4799 0
0 0 1 1 0 0 0 0 4 0 3 20 17 1 0 0 0 1 17 0 1 72 4 0 4 0 2 6 6 0 0 6 0 0 0 168 0 3 9 26 25 23 0 0 0 2 3 0 0 42 3 1 1 1 1 0 114 106 5 2 0 0 0 1 1 2 3 0 0 0 82 50 4 3 0 1 10 0 12 9 7 1 0 0 2 7 18 21 3 6 0 0 2 4813 9 6
0 0 0 0 0 0 0 0 2 0 1 1 2 11 2 0 0 2 1 0 2 68 1 1 3 1 5 1 1 1 0 4 0 0 45 167 0 1 0 7 0 18 0 2 0 0 0 35 40 0 2 0 0 0 0 0 5 0 97 3 2 0 0 0 0 1 1 0 2 30 12 9 0 0 0 0 0 8 0 0 1 0 0 0 0 0 0 0 35 43 0 4823 4820 2 0 0
6 3 1 0 1 5 1 0 1 0 0 0 0 0 6 0 0 0 0 0 0 67 0 0 2 0 4 0 0 0 0 0 0 42 0 0 119 0 0 6 0 3 13 0 0 1 29 0 0 0 0 0 0 1 2 3 0 27 57 6 5 4 2 1 0 0 0 0 0 13 0 0 8 2 1 0 0 7 2 1 0 0 1 2 3 4 5 6 7 0 62 4825 0 0 0 2
0 0 0 0 0 6 0 0 0 0 0 0 1 0 1 3 0 0 2 58 59 66 3 0 1 0 3 0 1 3 25 26 35 40 0 0 117 0 0 4 2 2 8 0 0 4 26 11 9 3 0 0 1 0 0 10 26 1 56 0 1 0 0 0 0 0 0 0 3 12 5 2 0 4 1 0 0 2 0 0 0 0 0 0 0 2 5 10 12 14 0 4890 0 0 0 3
7 3 1 1 1 7 2 0 2 1 2 2 1 0 0 0 0 0 53 0 0 0 0 0 0 0 0 0 0 0 19 7 0 0 0 0 46 67 0 0 1 1 4 1 1 0 8 0 1 2 1 0 3 6 8 9 4 0 4 47 4 3 1 5 3 1 0 0 0 1 0 0 0 1 0 0 0 0 0 1 1 0 4 0 0 1 1 1 0 0 0 4893 0 15 12 7
0 0 0 0 4 12 0 0 3 0 8 4 1 0 0 4 5 12 4 34 3 2 1 0 0 0 0 2 17 18 6 0 3 39 41 42 1 64 3 1 0 0 3 0 0 0 3 2 0 1 0 1 1 4 6 1 3 0 2 4 34 32 20 13 12 10 6 5 3 0 0 0 0 0 0 0 1 1 2 2 2 6 0 1 0 0 0 0 0 0 0 0 5036 124 1 0
0 0 0 0 19 0 0 0 5 1 15 0 0 0 0 2 2 2 3 3 25 2 1 0 2 3 11 13 0 4 0 0 0 34 0 0 55 2 0 0 0 0 0 0 0 0 1 0 0 0 0 0 0 0 0 0 2 1 2 0 0 2 7 1 0 0 0 0 0 0 0 0 2 1 1 1 2 0 2 6 3 8 2 0 0 0 0 0 0 2 5043 5040 0 0 121 118
1 0 0 1 21 1 1 1 49 42 19 0 5 2 0 1 1 1 2 2 0 20 11 8 0 0 4 0 0 0 0 0 32 0 1 14 39 0 1 0 0 0 0 1 0 0 0 0 0 0 0 0 0 0 0 0 0 0 0 0 0 0 3 0 0 1 0 0 0 0 0 1 8 9 12 17 3 1 3 0 20 8 4 2 0 0 3 0 3 5048 0 0 0 0 0 1
4 1 1 88 85 60 59 52 1 1 1 17 6 1 0 0 0 0 1 1 0 6 0 0 7 1 1 0 0 0 0 29 0 0 10 0 0 36 33 0 1 1 3 1 1 0 0 1 1 1 0 2 1 2 0 0 0 0 0 0 0 0 0 0 2 0 0 0 2 6 8 0 0 0 16 18 39 46 52 1 30 0 0 0 0 0 0 5 5059 0 0 0 0 0 0 0
215 0 189 97 96 89 0 0 0 0 0 1 1 3 0 0 0 0 0 0 0 2 1 5 0 0 0 4 10 0 17 27 1 0 4 3 0 0 1 29 26 22 18 12 3 0 0 3 4 0 0 5 9 13 1 2 0 1 1 36 34 29 26 20 19 13 2 0 0 0 0 11 13 14 0 0 0 0 0 55 90 2 1 0 1 1 0 0 5061 3 0 7 5 2 0 0
5 206 13 9 0 4 88 0 0 0 0 0 0 0 0 1 4 2 0 0 0 0 0 0 3 0 3 0 2 14 0 6 0 1 1 1 0 0 0 0 0 0 0 0 4 3 1 4 5 1 0 0 0 0 17 3 1 43 38 0 2 1 1 2 1 1 5 0 0 0 0 0 0 0 0 0 0 0 0 0 0 94 2 1 2 2 1 0 0 5091 24 15 13 10 9 7
1 1 2 3 4 3 4 81 0 3 0 0 0 0 0 9 6 0 1 0 0 0 0 1 0 0 0 0 1 0 0 0 2 0 0 0 0 0 0 0 0 0 0 0 0 0 0 0 5 6 3 0 0 1 18 59 52 51 4 1 1 0 0 1 0 0 0 2 0 0 2 0 0 0 2 5 1 0 1 0 0 96 5 0 6 0 0 3 5097 5095 0 0 0 0 0 0
0 0 1 2 3 2 3 9 68 63 46 44 37 36 34 21 19 6 5 1 0 1 0 0 0 0 0 0 0 3 1 0 0 0 0 0 1 0 1 2 1 3 1 1 2 1 0 0 1 15 4 1 1 2 81 1 0 0 0 1 0 0 0 0 1 2 0 0 0 0 2 4 1 0 0 1 8 12 15 1 0 1 103 1 0 5116 5107 5105 0 0 0 0 0 1 0 2
0 0 0 0 2 1 2 8 3 5 5 0 4 2 0 0 1 9 5 3 0 2 1 0 2 2 0 0 0 4 0 0 0 0 0 1 3 1 2 5 4 0 0 0 3 9 2 0 0 0 21 106 103 96 13 1 0 2 1 0 0 0 0 0 1 3 13 1 0 0 0 31 2 1 0 0 0 0 0 16 3 2 104 0 5189 68 0 0 0 0 33 32 28 23 9 8
0 0 0 0 0 0 1 7 2 4 2 0 0 0 0 0 0 1 0 0 0 0 5 0 4 3 1 1 1 0 6 2 0 1 0 1 6 0 5 11 0 2 0 0 0 0 13 1 1 1 130 0 0 0 0 10 8 7 1 0 0 0 2 0 0 0 0 15 18 20 21 0 40 42 45 47 1 2 0 18 0 5316 5308 5202 5 0 66 59 54 53 9 2 1 0 11 9
1 1 0 0 0 0 0 6 1 2 0 1 0 0 0 0 0 0 0 0 0 7 15 1 5 4 0 4 2 1 9 13 1 2 1 2 7 1 6 13 0 4 0 0 1 3 19 2 4 132 0 0 0 2 1 0 0 0 0 1 0 4 0 1 0 0 0 0 0 0 1 2 0 0 0 1 50 55 61 82 5323 4 0 4 2 0 2 2 3 7 3 5 1 0 0 0
5 2 0 1 1 2 3 4 0 1 0 0 0 1 0 2 5 0 0 1 3 0 0 19 31 39 0 10 0 0 0 0 15 5 5 8 0 0 3 26 0 6 1 0 0 0 0 165 135 0 0 0 10 3 0 0 0 0 0 2 1 5 1 0 2 2 1 0 0 0 1 0 0 0 0 0 1 1 0 5409 0 1 0 1 1 1 1 1 2 2 2 2 1 0 0 0
16 4 2 0 0 0 0 0 0 0 0 1 1 2 0 0 1 10 1 0 0 0 0 0 2 1 40 0 13 0 0 1 0 16 40 1 0 0 0 2 33 41 3 0 0 1 171 0 0 0 0 1 11 29 27 0 1 2 3 0 8 2 0 1 0 3 5 2 0 0 0 2 2 1 1 0 0 0 0 1 5413 0 0 0 0 0 0 0 1 1 1 1 0 0 1 2
9 0 0 1 0 2 4 6 9 1 3 16 7 6 2 0 0 0 12 16 0 4 0 0 0 0 0 42 58 60 6 4 0 0 42 4 3 0 0 0 1 0 51 2 0 0 175 1 0 0 1 3 49 0 0 24 23 20 16 10 9 3 1 4 1 2 7 19 1 0 2 4 11 0 10 4 1 0 0 5423 7 6 5 4 3 2 1 0 0 0 0 0 0 1 2 2
8 4 0 2 0 0 0 0 0 10 0 17 0 0 0 0 0 1 2 20 0 5 0 0 0 0 0 1 3 65 7 0 0 0 0 48 0 0 0 0 1 0 52 0 0 0 179 1 0 0 0 0 51 0 0 0 0 0 2 0 0 0 4 5 0 0 0 20 0 0 0 0 0 12 11 0 0 0 0 5425 1 0 0 0 3 2 1 0 0 0 0 0 0 0 0 4
2 3 1 4 11 15 18 20 93 94 107 18 1 1 2 0 0 0 0 0 22 24 32 2 0 1 0 0 0 2 80 82 2 1 0 0 50 2 0 0 2 0 54 4 0 0 181 0 0 0 1 2 52 1 1 0 7 5 0 0 0 2 5 6 0 1 1 24 1 1 0 3 0 0 25 2 1 0 0 0 5438 9 7 5 0 0 0 1 0 2 0 0 1 1 1 140
2 0 0 1 1 1 1 51 69 0 1 119 141 144 5 0 1 0 2 0 0 0 0 37 1 3 0 0 0 0 1 3 91 95 0 1 51 3 1 0 4 56 6 0 0 0 1 182 2 1 2 86 82 4 1 8 0 0 0 0 0 1 16 0 0 3 0 0 26 31 0 1 40 34 32 2 0 1 0 5443 1 0 0 0 1 1 0 3 0 3 1 1 0 4 145 0
0 0 0 0 0 0 48 5 10 0 8 2 6 10 168 2 0 0 2 8 12 15 16 0 40 5 1 0 0 0 1 0 0 0 98 101 154 159 2 1 74 68 1 0 0 0 0 2 186 96 90 1 1 19 17 5 0 1 1 2 0 0 19 2 0 4 1 0 0 0 32 6294 6249 6026 6025 6024 6023 6020 6015 564 562 559 554 550 546 539 533 5 0 4 0 4 1 477 0 0
0 1 3 0 0 47 4 0 8 3 2 1 2 2 2 173 0 0 0 0 0 0 0 18 61 6 2 3 0 0 0 0 0 0 0 0 0 0 163 78 0 0 0 0 0 1 2 292 288 1 0 0 0 0 0 0 2 3 6 7 12 1 0 23 1 5 2 0 6348 6345 6343 1 0 220 1 0 0 1 4 0 1 3 1 1 3 2 0 524 519 515 506 501 490 6 324 314
