code/mhm/output/saxony_0p0625/mhm_setup/morph/facc.asc
ncols                1664
nrows                800
xllcorner            11.8125
yllcorner            50.125
cellsize             0.001953125
nodata_value         -9999
[rows 0 to 71 of 800, columns 1248 to 1343 of 1664]
0 3 0 13 0 17 0 0 1 257 0 0 0 0 0 3 0 0 1 1 2 4 0 3 1 2 1 1 43 0 0 0 0 0 0 1 0 0 0 0 0 0 0 0 0 0 14 0 0 0 0 0 0 1 2 3 2592 8 0 1 0 75 0 0 0 9 1 0 0 1 2 1 1 4 2 0 0 4 0 77603 10 7 2 0 0 1 26 28 61 136 1 0 0 0 0 13
0 0 0 11 0 16 11 0 0 0 254 236 235 230 226 4 1 0 0 0 1 1 1 2 0 1 0 0 0 41 1 0 0 0 0 0 1 5 93 94 0 0 3 0 2 119 137 139 1 1 1 1 0 3 2575 2586 0 3 2 0 0 15 57 0 0 5 2 0 0 0 0 0 0 0 2 1 2 0 0 0 77589 2 1 0 0 19 0 0 29 27 42 41 35 33 30 4
12 1 0 0 8 4 3 9 0 0 16 0 1 2 0 219 3 2 1 0 0 0 0 0 0 0 0 0 0 37 0 0 1 1 0 0 1 0 83 0 99 101 103 110 113 0 1 0 143 2552 2556 2560 2563 2567 0 3 4 2 0 0 13 0 50 4 0 0 0 0 1 4 5 1 0 0 0 0 0 0 0 0 77585 0 1 0 10 4 0 0 27 19 6 0 3 2 0 10
2 9 0 1 0 3 2 0 6 0 4 7 0 0 0 0 218 2 1 0 0 0 1 0 0 0 0 2 24 29 5 0 0 4 1 0 0 0 81 0 0 0 0 0 0 0 0 0 2405 0 0 0 0 0 0 2 3 1 4 10 1 10 49 4 1 0 0 0 0 0 0 8 0 0 0 0 0 0 1 0 77582 0 0 0 8 3 0 0 26 18 0 5 2 1 0 1
0 1 7 1 0 2 1 0 5 1 0 0 6 1 0 206 7 6 5 4 1 0 0 2 8 10 18 23 1 1 2 0 0 1 7 9 11 74 5 0 0 0 0 0 0 1 2 3 2402 1 0 0 0 0 0 0 2 0 3 4 0 9 0 31 3 2 0 0 0 0 0 11 1 3 0 1 0 3 5 8 77579 0 0 0 5 1 0 20 3 16 1 0 1 0 0 0
0 0 3 0 0 1 0 0 2 0 1 2 0 0 0 194 0 6 3 1 0 0 0 1 0 0 5 0 0 0 1 1 5 10 12 14 58 2 4 0 2 1 0 2 0 0 0 0 2395 0 0 10 8 2 1 0 1 1 0 0 2 8 1 9 20 12 10 1 0 0 2 12 2 6 0 4 0 0 0 1 6 77561 0 1 2 0 17 0 2 1 11 2 0 0 0 0
2 1 0 2 1 0 0 0 0 0 0 1 2 3 37 154 0 0 0 0 0 1 1 3 0 0 2 1 0 0 0 0 0 0 0 0 42 1 3 0 5 6 10 14 1 1 2 2376 16 15 14 1 0 2 1 0 0 0 0 1 0 6 0 6 6 0 0 5 0 2 6 17 0 0 13 0 0 0 1 2 0 77558 0 0 0 0 16 0 0 0 0 6 0 1 3 1
32 1 0 0 1 0 0 0 0 0 1 8 11 21 10 153 150 2 1 0 0 2 0 4 0 0 1 0 0 0 0 0 0 2 4 5 41 0 2 0 3 4 5 15 2 0 0 2370 0 0 2 1 0 2 1 0 0 0 0 1 3 5 2 5 5 0 1 4 0 2 12 19 0 0 16 1 0 0 1 2 0 77556 1 0 0 2 15 1 0 0 3 5 0 1 9 0
4 29 23 3 0 0 3 0 2 3 5 1 3 4 9 1 145 0 0 1 0 0 5 7 1 1 2 1 0 0 1 4 0 0 0 1 34 1 1 0 0 0 1 24 28 30 31 68 2298 5 0 0 3 0 0 0 1 1 0 0 0 0 1 1 1 1 0 1 0 0 0 33 0 20 1 0 0 0 0 1 3 77552 3 0 0 1 1 5 0 0 0 0 1 5 9 20
0 1 2 17 15 4 0 0 0 0 0 0 1 3 1 6 0 144 136 5 0 0 0 14 0 0 10 2 0 0 2 3 9 0 0 28 0 0 0 0 0 0 14 21 23 24 34 0 0 2290 2 0 6 0 1 1 2 2 5 2 1 0 0 0 0 0 0 0 0 1 2 3 39 22 0 0 0 1 1 0 77547 37 0 1 0 0 0 0 2 1 0 0 0 1 2 1
0 0 0 0 0 8 1 0 0 0 0 0 0 1 0 5 4 1 3 124 0 1 1 15 1 12 0 0 0 0 0 0 0 14 20 0 6 0 0 2 10 12 2 2 0 7 0 0 0 0 2284 8 0 0 4 28 27 12 2 1 0 0 0 0 0 2 6 9 10 11 12 13 14 78 0 0 2 2 0 77496 5 0 35 34 33 0 0 0 0 0 2 1 0 0 0 0
2 1 0 0 12 11 4 2 0 1 2 0 0 0 1 2 3 0 0 1 123 52 49 44 25 21 6 3 0 0 2 1 0 0 0 1 3 0 0 0 3 0 1 1 2 1 0 0 0 0 0 2272 85 84 35 0 0 10 9 8 7 5 4 0 0 0 0 1 0 0 0 0 0 0 80 77451 77456 77461 77478 13 0 3 2 0 0 30 3 0 1 4 0 1 0 0 2 4
3 20 17 15 1 0 10 9 8 7 1 0 0 0 1 0 0 0 0 64 69 0 1 1 0 0 0 0 0 0 7 0 0 0 1 0 0 2 1 0 1 0 0 0 0 0 2 5 0 0 0 2185 0 0 45 41 37 36 12 11 9 7 5 0 0 0 0 0 0 2 1 2 0 7 77449 0 0 0 14 1 9 0 1 0 0 3 21 19 17 13 3 0 0 0 0 0
25 0 0 1 0 0 0 0 0 0 0 0 0 1 0 0 0 0 63 0 1 0 0 0 0 0 1 3 6 1 8 0 2 2 0 0 0 0 0 0 0 0 0 0 0 1 0 0 6 2 2157 25 18 14 1 0 1 16 5 1 0 0 0 4 0 0 3 4 6 7 15 0 3 77354 0 2 6 13 1 0 1 5 0 0 0 0 0 0 0 0 1 0 0 0 0 0
0 6 3 0 0 1 2 0 5 3 0 1 3 6 8 10 37 58 2 1 0 0 0 0 1 0 0 0 0 9 19 5 0 0 4 1 1 2 0 0 0 0 2 1 0 1 0 2130 2148 2152 0 2 2 2 13 0 0 12 2 2 0 0 0 0 0 0 0 1 0 1 5 23 77352 0 0 1 5 3 0 0 0 0 0 0 0 0 0 1 0 0 0 0 1 3 0 0
61 47 45 44 41 37 31 23 15 14 0 0 0 1 2 23 0 18 2 1 0 0 1 4 10 11 15 0 47 49 50 77 0 6 0 5 2 6 1 0 1 0 2 3 2 0 2112 13 9 0 0 1 1 1 3 8 0 11 0 0 1 4 0 0 0 0 0 0 3 4 0 77325 0 0 0 3 0 0 0 0 0 0 0 1 0 2 1 269 266 265 263 14 12 5 4 3
1 5 0 0 0 1 1 3 0 0 11 4 0 9 18 0 0 1 12 0 0 0 0 0 0 0 0 41 1 0 0 0 98 11 9 1 7 0 0 3 0 0 0 3 11 2109 5 0 5 8 1 0 0 0 2 5 0 9 0 0 0 0 5 17 20 23 25 0 1 2 3 77322 1 0 0 0 0 14 13 12 10 8 6 4 0 288 284 8 6 1 0 245 13 12 11 10
0 0 4 1 0 0 0 0 1 0 4 2 0 6 0 5 0 0 5 4 0 0 1 2 18 19 23 0 0 0 0 106 4 0 0 0 0 10 1 4 1 0 2 2088 2094 0 1 2 4 4 0 0 0 0 0 2 1 1 6 4 1 0 9 2 0 0 1 29 31 32 33 77315 317 316 315 314 313 297 296 295 294 293 292 291 290 0 2 0 3 0 0 20 209 6 5 4
0 0 0 0 0 0 0 0 0 0 2 1 0 2 1 1 1 3 0 0 0 2 3 13 0 0 0 0 0 0 111 0 0 1 0 0 0 0 11 7 2030 2034 2083 0 1 2 0 1 2 0 3 2 0 0 0 0 0 0 0 0 0 0 3 0 0 0 0 0 0 1 2 76962 18 17 16 15 14 13 12 11 10 9 8 7 1 0 0 0 2 0 4 14 68 132 2 1
20 19 17 16 15 0 5 1 0 0 0 0 0 1 0 0 0 1 0 0 0 0 8 0 0 0 0 0 0 1 114 1 0 0 0 0 2 1981 1999 2019 0 1 46 0 0 0 0 0 0 0 0 4 2 0 0 0 0 0 0 0 0 0 0 0 0 0 0 0 1 2 3 76939 0 10 9 8 7 6 5 4 3 2 1 0 4 2 1 0 0 0 0 13 67 110 17 2
0 2 1 0 0 10 0 0 0 0 0 0 0 2 1 0 0 0 0 3 6 7 0 0 2 1 0 25 28 29 0 117 0 0 1956 1959 1979 0 4 16 0 0 0 44 0 0 23 22 21 14 8 1 0 0 1 0 3 2 0 1 1 0 0 0 2 0 0 1 0 1 2 6 76926 27 26 25 24 23 22 21 20 19 18 12 1 0 0 0 8 11 12 0 66 109 1 11
12 7 4 0 0 0 0 0 5 6 9 11 39 0 0 0 1 0 0 0 0 2 6 10 15 19 20 0 0 0 32 1944 1947 1949 2 0 0 13 3 1 15 10 3 1 42 29 3 1 5 1 1 0 0 0 8 9 14 4 0 0 4 1 1 0 1 4 0 4 5 0 1 0 76886 10 9 8 7 6 5 4 3 1 2 1 9 0 0 7 0 1 0 0 64 108 0 1
0 0 0 2 1 0 0 1 0 0 1 20 0 40 42 44 6 3 0 0 1 1 0 0 0 0 0 1 2 3 1792 0 0 0 0 0 0 11 0 0 3 5 0 0 10 0 0 0 3 0 0 0 0 4 0 1 17 5 0 2 9 2 0 3 7 13 0 1 8 9 10 11 76874 0 5 4 3 2 1 0 0 0 0 0 0 8 0 2 0 0 0 59 3 107 0 0
38 37 33 2 1 0 0 1 4 5 9 7 0 22 24 25 80 1 0 0 0 0 0 0 0 0 1 4 5 8 1 1775 0 0 0 1 4 10 3 1 2 4 1 1 9 5 2 0 2 0 0 0 0 1 0 0 18 6 0 0 11 3 0 0 51 53 68 0 1 2 3 4 89 76770 18 17 16 15 14 13 12 8 3 0 1 6 0 1 0 0 0 55 2 105 1 0
24 0 1 29 0 0 0 0 0 0 1 0 5 20 0 27 29 113 1 0 0 0 1 2 1 0 0 0 0 0 0 1773 2 0 0 0 0 0 0 0 1 1 0 0 0 0 0 0 0 0 0 1 1 0 0 1 20 7 0 1 0 16 46 48 0 0 0 70 78 80 81 82 0 76744 0 15 14 13 8 1 1 0 3 2 1 0 0 0 0 0 1 53 1 102 0 1
21 1 0 24 2 1 3 1 0 0 0 2 1 19 0 25 0 2 117 1 1 1 2 6 0 0 1 0 0 0 1767 0 0 0 1 0 0 0 0 0 0 0 0 0 3 2 1 0 0 1 3 7 0 4 0 2 26 8 0 1 5 27 0 0 0 0 0 1 6 0 0 1 2 9 76732 2 1 0 3 5 0 0 2 1 0 0 1 2 4 6 48 3 0 12 87 86
0 20 0 1 21 16 10 0 0 0 0 0 17 0 13 10 0 0 0 121 4 0 10 0 0 0 2 8 11 13 236 1515 15 14 12 9 7 5 3 1 0 0 2 4 0 0 0 0 0 0 0 0 9 0 5 0 27 0 9 11 18 3 0 0 0 1 1 4 0 0 3 4 5 0 76712 26 25 22 0 1 4 1 0 0 0 6 12 24 28 35 2 2 6 11 0 0
12 0 19 0 3 0 2 5 5 10 13 16 0 10 1 9 0 3 4 16 160 166 179 3 0 0 0 0 0 0 235 3 1494 8 7 6 5 4 3 2 1 1 12 8 2 1 0 1 1 1 1 0 0 10 1 7 28 1 0 0 0 0 2 0 0 2 5 0 0 1 0 1 2 76674 8 1 0 1 21 0 0 0 0 2 5 1 0 10 2 5 1 1 5 1 0 1
0 9 17 0 2 0 0 4 3 2 1 1 7 0 0 8 1 6 10 1 13 3 0 185 0 1 0 0 0 231 1 2 2 1481 30 29 28 26 21 20 19 18 1 0 0 0 4 7 4 2 0 0 2 11 0 40 0 0 4 2 0 0 0 1 3 4 18 23 25 0 0 1 2 76670 0 5 2 0 0 20 6 1 0 1 1 0 0 8 1 4 0 0 4 0 0 0
0 8 0 15 0 0 3 1 0 1 0 0 6 2 7 0 5 1 0 0 12 2 2 19 209 213 218 220 226 3 0 1 1 1 1447 0 0 0 3 1 0 0 0 1 0 0 0 0 9 8 33 36 40 0 13 14 56 1 0 11 2 0 0 0 0 1 4 3 0 28 29 30 0 76665 0 0 0 0 0 12 0 3 0 0 0 1 4 2 0 1 1 1 1 0 2 4
0 3 3 1 14 0 0 0 0 0 3 5 1 2 0 4 0 6 9 11 1 1 11 3 2 0 2 0 3 2 0 0 0 0 0 1445 4 3 2 1 0 0 10 8 5 3 0 0 13 22 0 0 2 46 52 56 59 121 0 14 1 0 0 0 2 3 1 0 1 4 5 6 76648 14 1 0 0 1 0 7 2 0 1 0 0 0 0 0 0 0 0 0 0 0 0 0
1 2 0 0 2 10 6 2 0 1 0 0 0 1 1 1 5 0 0 0 0 0 10 2 1 0 0 0 0 0 0 0 0 1 1294 8 134 58 57 56 55 54 41 3 2 1 0 0 1 6 0 0 0 0 4 2 1 1 289 291 307 0 1 0 0 0 0 0 0 0 2 3 76608 0 11 10 9 5 3 0 5 0 0 0 0 0 0 0 0 0 0 0 0 0 0 5
0 0 0 0 0 2 2 0 0 0 0 0 0 0 0 1 2 0 4 5 0 9 0 0 0 0 0 0 0 0 2 4 5 1235 55 7 3 70 4 3 2 1 0 36 25 24 23 0 0 4 0 0 2 3 0 0 0 0 165 0 0 312 319 321 323 0 0 1 0 0 0 0 76602 0 6 5 4 3 0 2 0 3 0 0 2 0 1 4 1 1 3 5 2 0 0 2
0 0 0 0 0 0 0 0 0 1 0 1 0 0 0 0 0 0 1 0 7 0 0 0 0 0 1 2 4 5 6 7 1217 10 54 6 2 6 57 4 3 2 1 0 8 0 18 1 0 1 0 0 0 1 0 0 0 0 162 0 0 0 3 18 20 346 351 356 358 0 0 0 366 76232 6 5 4 1 1 0 0 1 0 3 7 1 8 0 0 0 0 10 1 0 0 0
0 2 1 1 0 0 0 1 1 3 0 2 1 1 0 0 0 0 0 0 0 0 1 2 4 6 9 10 11 12 13 1201 6 9 53 5 1 5 2 48 37 36 7 0 2 3 3 13 1 0 0 0 1 0 3 5 152 155 5 0 0 2 14 2 0 0 1 1 0 359 362 363 0 76217 1 0 0 0 0 0 0 0 0 0 0 19 0 0 1 1 0 21 6 0 1 0
1 3 2 2 1 1 1 2 2 4 1 3 2 2 1 1 1 0 0 1 1 2 5 6 7 8 9 10 11 12 1143 42 5 8 52 4 0 4 1 9 0 27 5 0 1 2 2 9 0 0 0 0 0 3 4 144 1 1 2 0 0 0 12 0 0 0 0 1 2 1 2 3 4 76214 0 0 0 0 0 0 0 0 834 831 818 816 795 793 790 784 25 1 0 4 1 0
11 16 20 24 27 30 33 37 41 47 50 55 59 63 66 69 72 74 76 79 82 83 84 85 86 87 88 89 90 1122 6 41 4 7 51 3 0 3 0 6 0 25 0 4 0 1 1 1 6 3 0 0 3 4 136 0 0 0 0 0 0 0 9 1 0 1 0 0 2 19 21 22 0 76207 923 922 919 916 0 899 897 895 56 0 9 7 2 0 2 0 754 0 0 0 0 0
0 1 2 3 4 5 6 7 8 9 10 11 12 13 14 15 16 17 18 19 20 21 22 23 24 25 26 27 1026 3 5 40 3 6 50 0 1 0 1 1 3 14 9 1 1 0 0 0 0 0 0 0 0 67 4 56 0 0 0 0 1 8 0 0 1 0 2 0 0 11 0 0 75257 24 0 0 0 2 910 3 0 1 1 53 0 1 1 1 1 0 9 742 740 7 6 1
9 10 11 12 13 14 15 16 17 18 19 20 21 22 23 24 25 26 27 28 29 30 31 32 33 34 35 994 2 2 4 39 2 5 48 1 0 0 0 0 2 13 0 7 0 0 0 1 2 3 0 3 48 16 3 6 47 4 2 0 0 0 0 0 0 3 5 9 10 0 0 0 75231 0 22 0 0 0 4 0 0 0 0 0 51 0 0 0 0 6 0 0 729 0 0 0
0 0 1 2 3 4 5 6 7 8 9 10 11 12 13 14 15 16 17 18 19 20 21 22 23 24 953 3 1 1 3 38 1 4 45 34 10 9 8 1 1 12 0 6 1 0 4 7 8 13 0 0 43 15 2 5 5 35 0 0 0 0 0 0 0 12 13 14 0 0 3 75218 10 0 20 4 2 0 3 0 0 0 0 43 50 2 0 0 5 0 3 7 727 0 0 0
25 26 27 28 29 30 31 32 33 34 35 36 37 38 39 40 41 42 43 44 45 46 47 48 919 927 0 2 0 0 2 37 0 3 9 2 19 15 5 0 0 3 6 3 0 2 1 0 13 14 37 39 41 14 1 4 4 4 28 4 1 0 0 3 10 0 2 3 15 1 75212 0 2 5 14 1 0 0 0 0 0 2 41 0 0 0 0 0 2 1 2 0 6 710 11 9
25 26 27 28 29 30 31 32 33 34 35 36 37 38 39 40 41 42 43 44 45 862 864 869 1 3 1 0 0 1 6 3 25 2 8 1 1 0 14 4 0 2 5 0 1 1 0 0 10 0 6 0 0 13 0 3 3 3 3 18 14 0 0 4 0 0 2 3 4 75207 2 0 1 4 10 0 0 0 2 9 13 16 4 15 8 5 3 0 1 0 1 1 2 0 696 674
0 0 1 2 3 4 5 6 7 8 9 10 11 12 13 14 15 16 17 18 815 0 0 1 0 1 0 0 0 3 1 2 24 1 7 0 0 8 4 0 1 1 2 1 0 0 3 7 1 0 4 3 6 12 0 2 2 2 2 2 2 8 0 1 0 1 1 3 18 75169 0 0 0 0 2 9 3 0 0 5 1 1 3 5 1 0 0 0 0 0 0 1 18 19 0 0
1 0 1 2 3 4 5 6 7 8 9 10 11 12 13 14 15 16 17 607 186 0 0 0 0 0 0 1 2 0 0 0 23 0 5 0 4 2 2 0 0 0 0 0 0 2 0 1 0 0 1 2 1 2 0 1 1 1 1 1 1 6 1 0 0 0 0 0 4 75167 2 1 0 0 0 2 1 1 2 1 0 0 2 1 2 0 0 0 0 0 0 17 1 3 7 8
4 5 6 7 8 9 10 11 12 13 14 15 16 17 18 19 20 21 534 53 89 94 1 0 0 0 0 0 0 0 0 21 0 0 2 1 0 2 1 1 0 0 1 0 0 0 0 0 0 0 0 0 0 0 0 0 0 0 0 0 0 1 1 0 0 0 0 1 0 75163 0 1 0 0 0 0 0 0 0 1 0 0 0 0 0 0 0 5 8 13 16 0 0 1 0 0
1 2 3 4 5 6 7 8 9 10 11 12 13 14 15 16 17 497 13 52 88 16 73 1 0 2 0 1 0 5 11 6 3 0 0 0 0 1 0 1 0 3 0 1 0 0 0 1 0 0 0 1 0 0 0 0 0 0 0 0 0 0 0 0 0 1 1 0 0 75161 26 21 19 18 10 8 3 1 0 0 0 0 0 0 0 1 0 0 0 2 0 0 0 5 7 9
5 6 7 8 9 10 11 12 13 14 15 16 17 18 19 20 454 23 12 51 87 15 10 58 0 4 2 0 0 1 4 1 0 0 2 5 0 0 0 0 4 4 1 2 1 1 1 2 2 0 0 1 2 2 1 1 1 1 1 1 1 0 0 0 1 1 4 0 75128 4 1 1 0 2 1 0 3 0 0 0 1 1 1 1 0 0 2 1 0 0 0 0 4 0 0 2
0 1 2 3 4 5 6 7 8 9 10 11 12 13 14 386 45 22 11 50 86 14 9 7 47 10 1 1 0 0 2 0 0 0 0 0 6 7 0 1 5 0 7 3 2 2 0 5 3 1 0 0 2 6 0 4 2 2 2 2 2 2 0 0 1 2 2 75121 3 1 1 0 0 0 0 0 0 1 1 1 2 2 4 0 1 4 3 0 0 0 0 0 2 0 1 0
27 28 29 30 31 32 33 34 35 36 37 38 39 40 364 5 44 21 10 49 85 13 8 6 3 31 5 4 0 0 0 0 0 0 1 2 3 4 13 0 9 11 0 13 3 3 1 0 190 193 2 0 0 10 1 0 8 3 0 7 3 0 3 1 1 75104 75109 4 1 0 0 0 0 0 2 1 0 0 0 3 10 14 5 3 0 5 4 0 1 2 0 0 0 0 1 0
155 156 157 158 159 160 161 162 163 164 165 166 167 317 4 4 43 20 9 48 84 12 7 5 2 11 12 8 5 0 0 0 3 4 56 57 63 65 66 82 101 104 119 120 137 170 174 176 1 0 200 203 11 0 0 3 0 13 0 0 8 4 5 74585 75098 508 0 0 0 0 0 0 7 5 0 0 0 0 0 0 0 0 22 4 1 6 5 1 2 6 1 0 0 0 2 7
2 3 4 5 6 7 8 9 10 11 12 13 121 26 3 3 42 19 8 47 83 11 6 4 1 10 2 1 1 2 0 0 0 50 0 3 0 0 0 4 12 1 1 1 0 23 0 0 0 0 0 16 238 2 0 0 5 0 15 1 0 14 74576 0 0 2 504 0 0 13 12 10 0 0 0 0 1 2 2 0 0 0 24 0 5 9 33 24 23 19 6 3 0 0 0 0
20 21 22 23 24 25 26 27 28 29 30 102 3 25 2 2 41 18 7 46 82 10 5 3 0 9 4 1 0 0 0 0 46 0 0 0 1 0 3 10 0 0 0 0 9 7 3 0 0 0 0 14 1 240 2 0 6 1 16 0 3 74558 0 0 0 0 2 499 491 0 0 1 0 1 0 1 5 12 0 2 0 0 25 0 7 44 0 1 0 4 1 0 0 0 1 4
14 21 24 27 36 39 42 56 62 65 67 2 2 24 1 1 40 17 6 45 81 9 4 2 0 3 0 0 0 0 1 2 43 35 1 0 0 0 0 1 7 0 6 8 1 4 1 0 3 11 13 0 0 218 463 470 483 487 506 508 74547 5 4 3 2 0 0 1 4 474 5 1 0 0 3 0 0 0 13 4 1 1 26 1 53 9 7 2 0 0 0 0 0 0 1 2
7 5 1 1 7 1 1 12 4 1 0 1 1 23 0 0 39 16 5 44 80 8 3 1 0 1 0 0 4 2 1 0 2 0 31 2 1 0 0 1 4 2 1 0 0 3 0 1 1 2 0 0 217 1 0 1 4 0 0 74031 0 0 4 0 0 0 0 2 0 0 466 0 0 0 5 1 1 0 153 137 131 121 117 88 84 13 0 0 0 0 2 1 0 0 0 0
6 4 0 0 6 0 0 11 3 0 0 0 21 0 0 1 38 15 4 43 79 7 0 0 0 0 0 10 2 1 0 0 0 0 0 26 1 0 0 0 2 1 0 0 1 2 0 0 0 0 0 214 0 0 0 2 0 0 1 13 74015 0 2 1 0 0 1 0 1 11 452 2 0 0 427 419 416 412 3 0 6 0 0 0 4 0 12 10 9 8 3 2 0 1 0 0
5 3 1 2 5 1 4 10 2 0 2 13 20 0 0 1 35 14 3 42 78 5 3 1 0 0 0 11 0 1 0 0 0 0 0 23 5 2 0 0 1 0 0 0 1 2 0 0 0 0 0 212 2 0 1 0 5 6 9 0 74012 0 2 1 0 0 0 0 4 3 0 447 442 437 5 0 0 252 0 0 5 3 1 0 3 2 0 0 2 1 0 0 0 0 3 0
0 0 0 1 1 0 1 4 1 0 9 4 0 0 1 27 6 13 2 41 77 76 0 0 0 0 55 39 2 0 0 2 3 1 13 1 0 0 0 0 0 0 0 1 0 0 5 0 0 1 1 204 0 0 0 0 2 0 1 0 74005 4 0 0 0 1 0 2 0 1 1 1 3 1 2 0 6 9 234 0 0 0 0 0 0 0 0 4 0 0 0 3 0 1 0 5
0 1 0 0 0 0 0 3 0 5 2 3 0 0 1 22 5 12 1 40 6 4 75 74 72 67 0 0 34 17 16 13 1 0 4 7 0 0 0 0 2 0 1 1 2 2 7 0 1 2 187 1 13 0 0 0 0 0 5 6 0 73995 1 1 2 0 0 0 0 0 0 0 2 0 1 5 6 1 1 230 224 5 4 1 1 0 5 0 0 0 7 0 0 0 14 10
3 1 0 0 0 0 1 0 4 1 1 0 0 2 10 19 4 11 0 32 23 0 3 0 2 2 5 0 1 12 0 3 1 0 0 2 6 4 0 0 5 0 1 4 3 3 8 1 2 170 15 0 11 5 0 0 2 3 1 5 9 0 73981 6 0 1 2 1 0 0 0 0 1 0 2 1 5 0 0 4 1 215 191 190 189 180 177 1 0 0 0 32 22 20 3 2
8 0 0 0 3 0 0 1 0 0 0 0 1 5 2 4 3 10 7 1 5 22 0 1 1 1 2 0 0 5 5 1 0 0 0 0 0 0 0 0 6 0 1 9 4 9 19 22 158 4 14 0 4 1 2 0 0 0 0 1 2 0 1 73970 3 0 3 2 4 2 0 0 0 0 0 0 4 0 3 0 0 9 11 0 5 0 16 150 137 136 132 97 5 4 3 2
17 0 1 0 4 1 0 0 0 0 0 0 2 0 0 3 2 1 2 3 0 4 21 0 0 0 0 0 0 3 1 0 0 0 0 0 0 1 0 1 8 0 1 10 11 117 118 132 1 3 7 5 1 1 0 0 0 1 0 0 0 0 18 1 73944 8 3 0 8 2 0 2 0 0 0 0 3 0 0 2 8 1 3 3 2 1 5 9 10 0 0 1 88 80 78 72
24 3 0 1 5 2 0 2 5 3 0 0 0 1 2 0 0 0 0 0 2 0 2 20 0 0 2 1 0 0 1 0 0 0 3 0 0 0 2 4 16 1 2 3 103 0 1 10 0 2 6 1 1 0 0 0 3 4 8 10 12 17 0 1 0 73931 11 9 0 4 3 2 0 2 0 0 0 0 1 1 2 0 2 2 1 0 4 7 0 9 0 0 6 0 4 1
0 26 0 8 0 3 1 9 0 0 0 0 0 0 3 4 0 0 0 0 0 0 0 0 18 5 0 2 1 0 0 0 0 1 1 5 1 0 1 0 18 21 22 97 0 0 0 9 4 1 0 2 0 0 0 0 0 0 0 0 1 3 0 0 10 0 73906 0 7 0 3 0 0 3 2 0 2 0 0 0 0 0 1 1 0 2 0 3 2 1 5 0 5 2 0 0
0 0 27 1 10 0 16 1 0 1 1 6 0 0 0 1 8 1 4 1 0 0 1 0 0 10 6 2 1 0 0 0 2 4 2 8 0 2 3 43 50 54 56 15 1 0 0 2 2 0 0 0 0 0 2 0 0 0 0 0 0 2 7 8 1 2 17 73886 0 0 10 3 0 7 8 5 0 0 0 0 0 0 0 0 0 0 0 1 1 0 2 1 1 1 1 0
2 0 1 30 11 1 22 4 0 4 9 1 2 0 0 1 6 25 1 0 0 9 5 3 1 1 0 0 0 1 0 0 0 0 5 3 9 35 38 0 4 2 0 12 4 2 0 0 0 1 0 0 0 0 1 3 2 1 1 0 1 1 1 0 2 12 0 2 73873 11 0 1 0 18 0 0 0 0 3 1 1 1 0 0 0 0 0 0 0 0 0 0 0 0 0 0
0 3 3 31 12 45 19 18 17 16 0 0 0 0 0 1 1 1 26 1 10 0 0 0 0 0 0 0 2 2 2 0 1 0 1 15 30 0 1 0 2 1 1 1 2 0 0 1 0 0 0 0 3 0 0 7 3 0 4 0 0 0 0 1 0 7 1 1 5 73853 0 1 0 20 0 0 0 5 0 0 0 4 1 2 0 1 1 0 0 0 0 0 0 0 0 0
0 6 4 32 84 24 23 21 13 12 9 0 0 0 0 0 0 1 48 11 1 0 0 0 0 0 0 1 4 3 3 1 2 1 2 0 0 0 0 0 0 0 0 0 0 0 0 2 1 1 0 0 0 4 1 0 12 0 6 1 0 0 2 5 6 0 0 0 1 21 73828 154 152 151 1 0 0 7 1 1 1 7 0 3 1 2 2 1 1 1 1 1 1 1 1 1
0 8 5 134 15 9 0 0 5 0 0 6 2 0 0 0 0 0 1 53 1 1 1 1 0 0 1 7 5 4 4 5 0 0 0 0 0 0 0 0 0 0 0 0 1 12 13 23 2 0 1 1 1 0 8 0 14 1 7 0 4 0 0 0 0 0 0 0 19 0 73670 1 0 2 124 3 1 8 2 5 2 10 1 4 2 3 3 5 2 11 6 3 0 5 0 2
0 0 152 0 0 3 8 4 1 4 1 0 0 0 0 3 0 0 0 1 56 0 2 2 1 0 1 0 8 6 47 36 4 1 0 1 3 1 1 0 2 4 6 7 9 0 0 44 70 74 2 0 2 0 0 9 26 2 8 0 5 0 0 0 0 3 4 18 0 1 73667 0 0 1 0 119 116 102 101 83 80 66 59 51 46 0 10 0 12 0 1 0 6 0 0 0
0 153 0 0 0 1 2 1 0 0 0 0 0 2 0 0 4 1 0 0 61 0 3 5 0 1 0 0 69 58 1 0 23 12 11 9 0 0 3 8 9 10 11 26 27 28 41 0 0 0 81 1 3 1 1 0 0 28 3 16 1 0 0 7 8 9 10 0 0 73661 0 0 0 0 0 1 1 1 7 1 1 5 1 0 0 39 36 21 6 5 0 7 0 1 0 2
0 160 3 1 0 0 0 0 0 0 0 2 0 0 3 5 12 15 16 19 83 0 4 6 1 0 78 74 2 0 0 0 6 1 0 0 0 0 0 0 0 1 12 0 0 7 2 0 0 1 0 90 0 2 0 4 5 6 36 61 0 1 2 0 0 1 2 3 4 190 73468 1 4 3 0 0 0 0 6 0 0 2 1 0 0 0 0 0 0 0 0 9 1 255 241 236
0 161 0 0 0 0 0 0 0 1 0 4 0 0 0 0 0 0 0 0 84 113 112 104 94 89 5 1 0 0 0 0 5 3 1 0 0 0 0 1 4 7 1 1 3 1 1 0 0 0 0 92 0 3 0 0 0 0 0 63 0 0 0 1 2 18 20 21 184 0 3 73461 0 0 0 0 1 0 5 3 0 1 0 0 0 1 3 0 0 0 0 10 258 0 10 8
