code/mhm/output/saxony_0p0625/mhm_setup/morph/facc.asc
ncols                1664
nrows                800
xllcorner            11.8125
yllcorner            50.125
cellsize             0.001953125
nodata_value         -9999
[rows 72 to 143 of 800, columns 96 to 191 of 1664]
0 0 0 0 4 2 1 0 2 1 1 0 2 0 0 0 3 0 0 0 373 382 2 0 49 0 1 0 68 1 0 1 1 0 1 4 17 7 1 1 9 11 1 0 1 1 17 853 2 0 234 231 226 14 7 1 0 1 5 0 0 0 0 0 0 0 68 50 497 0 0 1 0 2 5 2 2 0 48 4 0 0 2 0 0 0 1 2 0 0 0 0 0 0 0 27
0 0 1 1 0 5 5 1 3 2 2 1 0 4 0 2 0 0 0 0 0 0 387 393 445 447 3 69 0 1 0 2 0 3 0 2 23 8 2 0 0 0 13 17 2 0 852 0 0 0 1 1 0 210 3 2 0 8 0 0 1 0 0 1 4 63 2 49 495 1 0 0 1 1 2 1 1 0 7 27 24 18 13 3 1 0 0 0 0 0 17 22 24 25 26 0
3 1 1 2 2 7 0 6 6 0 6 2 1 5 1 0 3 1 3 1 0 1 0 0 0 0 451 526 3 0 1 0 4 0 4 4 0 33 678 2 0 0 0 0 21 786 831 12 3 1 0 0 1 205 39 38 37 36 4 3 0 1 0 1 0 56 1 48 1 490 1 0 0 0 1 0 0 4 1 1 1 1 0 8 0 0 2 3 10 13 1 0 0 0 1 20
1 6 2 0 6 8 0 1 14 1 0 7 3 8 11 0 5 0 0 5 2 0 3 1 0 0 0 0 538 541 545 548 557 561 568 575 582 636 0 681 687 690 697 700 763 0 0 29 7 0 0 0 0 73 87 72 0 1 18 7 6 1 0 1 53 1 0 47 0 1 485 0 0 1 0 0 1 1 0 0 0 0 0 0 4 0 0 4 0 1 0 1 3 8 9 17
2 7 3 1 7 9 0 1 17 0 3 0 12 0 0 14 0 7 0 0 9 0 0 6 0 0 0 0 4 0 0 0 2 1 0 0 4 52 0 0 3 0 4 0 3 56 0 28 0 6 0 0 1 72 13 0 70 0 9 0 0 0 0 0 49 0 0 46 0 0 5 477 0 2 0 0 0 0 0 0 0 0 0 0 0 0 0 0 0 0 0 0 2 0 1 4
9 8 4 2 0 8 11 0 21 1 0 18 0 0 1 2 15 1 10 15 0 11 0 7 1 0 2 3 0 0 0 0 0 0 0 3 0 51 2 0 2 1 1 0 1 54 0 26 0 2 1 0 2 69 11 3 2 69 0 6 0 0 4 47 0 0 4 7 31 0 4 6 467 6 1 0 0 0 2 0 0 7 3 2 1 0 0 0 0 0 0 0 0 0 2 0
0 10 9 5 4 9 12 0 22 2 0 21 0 1 0 0 19 0 1 0 16 0 12 9 2 1 0 0 0 2 1 0 0 0 0 0 45 3 1 0 1 0 0 0 0 52 0 24 0 1 0 0 64 0 1 4 1 63 4 3 0 0 0 40 0 1 0 6 0 27 3 5 1 457 455 449 441 437 435 0 34 24 22 21 5 4 3 0 1 1 1 0 0 1 0 1
16 1 21 0 12 0 23 1 23 0 4 0 23 0 3 1 20 0 0 0 9 28 49 50 64 0 5 7 0 4 7 13 18 22 23 37 0 1 2 0 0 0 0 0 43 3 1 22 1 0 1 59 3 0 0 3 0 62 2 0 2 0 35 2 0 0 2 2 0 25 2 4 0 0 4 5 0 0 0 429 5 0 0 2 11 1 0 0 3 6 7 24 0 0 1 2
17 0 2 22 0 14 0 50 0 0 1 6 24 0 5 2 21 0 1 7 0 0 4 0 66 0 0 0 9 0 3 0 2 1 2 6 1 0 0 0 0 1 23 42 0 1 0 9 9 0 0 56 44 1 0 1 0 61 0 0 1 1 31 0 0 0 0 1 22 1 1 1 1 1 1 3 0 0 0 386 1 3 0 1 0 7 2 1 5 7 11 0 31 33 34 40
18 0 1 26 0 16 0 1 52 3 0 7 25 1 0 9 22 2 0 1 0 3 0 0 67 0 0 2 13 0 0 0 1 0 1 4 0 0 0 1 0 0 17 0 15 0 0 8 2 5 0 7 1 43 10 0 0 60 0 0 0 0 7 22 1 0 0 0 20 0 0 0 0 0 0 2 0 16 381 0 0 0 0 0 1 1 1 0 2 0 2 0 3 0 4 0
19 1 2 27 0 18 0 3 53 4 9 0 0 28 1 0 38 0 0 0 0 0 0 2 75 78 1 18 0 0 0 0 0 0 0 3 1 0 0 0 3 11 4 2 9 0 7 0 1 1 2 6 0 1 29 8 0 58 0 0 0 4 0 4 14 0 0 6 5 6 1 0 0 0 1 0 9 3 363 1 0 0 0 0 0 0 0 0 1 0 0 0 1 2 0 0
24 2 3 0 29 19 0 5 54 5 11 0 1 31 0 0 0 39 0 0 0 0 0 1 0 0 81 20 0 0 4 1 0 1 2 0 0 0 0 3 4 1 3 1 8 0 2 2 0 0 1 1 3 0 28 0 6 2 53 0 0 1 1 1 1 10 0 3 3 0 3 0 2 4 5 7 2 0 0 358 2 1 1 1 0 0 0 0 0 0 0 0 0 0 0 4
27 31 36 38 69 70 99 0 55 0 18 1 35 0 1 1 0 42 1 0 0 1 1 0 1 0 83 21 1 5 0 0 0 6 0 0 0 1 1 0 0 0 2 0 6 0 1 0 0 0 0 0 2 22 0 2 5 1 46 3 0 0 0 0 0 0 8 2 1 0 0 0 0 0 0 0 1 0 1 56 295 0 2 2 1 31 29 6 5 3 0 0 0 1 2 0
122 123 124 125 167 168 269 0 56 1 19 2 36 0 2 2 0 44 3 0 0 1 4 0 0 2 0 106 2 9 0 1 10 1 0 0 0 0 4 1 1 0 1 0 3 0 0 0 0 1 0 1 0 21 0 1 4 0 45 6 1 0 0 0 0 0 6 1 0 0 0 0 0 0 0 1 15 17 55 4 0 287 284 273 46 10 0 19 17 11 6 0 0 0 0 0
1 2 3 40 0 0 1 273 331 332 355 40 0 2 3 3 47 0 0 6 1 0 3 10 1 0 5 107 14 0 0 16 2 1 0 0 2 5 5 2 7 3 2 1 0 2 0 0 4 0 2 3 11 7 0 0 3 7 0 28 5 4 3 1 1 5 0 0 0 2 4 6 8 10 11 12 0 28 7 3 0 0 6 222 0 2 5 0 4 3 2 0 0 3 4 1859
6 14 16 17 0 0 1 2 3 4 5 403 0 3 4 4 48 0 0 7 0 2 0 11 2 0 6 108 16 0 0 17 2 1 0 0 1 8 6 16 4 3 2 1 0 0 0 0 6 0 2 4 1 5 2 0 2 6 0 2 24 20 19 0 0 1 0 0 0 4 5 6 16 19 20 22 27 0 6 2 0 2 5 221 0 1 4 0 3 2 1 0 0 1834 1835 1852
1 6 0 14 0 0 2 6 7 8 31 32 440 450 0 5 56 0 1 551 1 0 3 13 3 1 7 109 17 2 1 22 0 1 0 0 0 9 56 31 30 29 28 22 21 20 17 8 0 0 0 0 0 0 0 1 0 1 2 1 0 1 0 16 6 4 3 0 0 1 4 8 0 1 0 2 0 2 1 1 0 0 0 219 0 0 1 1 1 1 0 1 1833 0 13 1
1 0 2 12 0 0 1 0 17 20 0 0 0 0 453 454 480 539 540 0 552 2 5 0 14 21 119 0 22 0 0 27 2 0 0 0 2 74 6 5 4 3 0 4 0 0 3 1 0 0 0 0 0 0 1 0 0 0 0 0 0 0 0 0 6 4 0 0 0 2 0 0 0 0 0 0 0 0 0 0 0 0 0 217 1 0 0 0 0 0 0 1825 0 0 12 0
0 1 6 1 2 0 1 6 9 1 0 8 9 10 11 24 0 1 2 0 30 589 590 599 0 0 143 0 23 0 0 32 3 0 1 1 78 0 0 1 0 0 0 0 1 0 0 1 0 1 1 2 10 2 0 0 0 2 1 0 0 0 0 0 0 0 1 0 1 0 0 0 0 0 0 0 0 0 0 0 0 2 4 213 7 6 2 1 1 2 1824 0 4 10 0 5
0 4 0 0 1 0 0 2 8 0 1 4 0 8 11 0 10 12 13 27 0 1 1 2 607 609 144 1 24 1 37 2 0 0 0 94 10 9 6 3 2 1 0 3 2 1 0 0 4 1 0 0 0 33 4 2 0 3 1 0 0 2 1 1 1 0 0 0 0 0 1 0 2 0 2 0 3 4 6 49 0 0 196 1 0 1 0 0 0 0 1820 0 1 1 2 4
0 0 1 0 0 0 1 5 1 0 1 1 2 3 1 8 0 0 0 8 0 0 0 3 0 0 755 28 0 43 2 0 0 0 98 0 1 0 0 1 0 0 5 0 1 0 0 6 1 0 0 0 35 0 14 11 10 8 0 0 0 4 2 15 10 9 8 6 0 0 5 0 19 24 29 31 33 34 37 0 50 166 27 0 0 0 0 0 2 3 1774 39 0 0 1 3
0 0 1 0 0 0 4 0 0 0 0 1 2 0 2 1 1 0 3 0 0 0 0 0 0 0 757 29 48 3 1 0 0 1 101 3 0 0 4 0 0 8 0 2 0 0 9 0 2 44 43 41 3 0 0 0 0 0 1 0 1 5 23 3 2 1 0 0 1 0 0 11 1 2 0 0 0 0 0 0 112 1 25 4 3 2 0 0 0 0 1773 1 36 0 0 0
0 4 0 0 1 0 0 0 0 0 0 0 0 0 0 0 0 0 0 0 1 0 3 0 0 0 759 80 0 0 0 0 0 0 107 0 0 7 0 0 10 0 0 72 68 65 54 53 52 3 2 1 0 1 0 0 0 0 4 0 2 43 12 11 6 5 2 0 0 0 1 1 0 0 1 0 0 0 0 109 0 0 10 8 1 0 0 2 1765 1771 0 0 16 17 2 1
13 8 1 0 2 0 0 1 1 1 0 0 0 0 0 0 0 0 0 0 0 2 0 7 0 0 760 82 0 0 0 0 112 108 0 0 10 0 0 308 294 293 290 210 209 4 3 2 1 0 0 3 1 0 2 0 1 1 5 0 50 2 1 0 2 0 0 0 0 0 0 0 3 5 6 7 94 101 105 0 0 0 8 0 4 0 0 1761 0 0 2 2 12 12 0 5
0 23 1 0 0 4 0 1 4 2 1 0 1 2 1 1 1 2 0 0 1 4 1 8 0 0 846 0 0 1 0 118 2 1 0 332 319 318 317 0 0 0 0 3 0 203 9 8 7 6 5 0 0 3 0 0 2 2 59 51 2 1 0 0 0 0 0 0 0 2 0 0 0 0 0 84 2 0 1 0 0 7 0 1 2 41 1754 3 2 1 1 1 11 0 10 1
0 0 24 3 6 0 0 1 7 3 0 3 6 9 3 4 0 5 1 1 2 0 19 11 0 1 1315 467 466 464 461 340 339 338 337 2 1 0 0 4 3 2 1 0 1 0 192 191 190 186 185 182 179 165 164 162 157 149 61 60 2 1 0 0 0 0 1 0 5 9 11 12 13 14 82 0 0 0 0 1 5 0 0 1 39 0 1711 0 0 0 0 0 9 0 0 0
2 2 0 29 0 8 1 10 0 4 0 0 0 0 15 0 6 0 7 12 3 1595 1573 1572 1571 1569 248 247 244 243 242 241 240 239 238 1 0 0 0 4 3 2 0 7 6 5 4 1 0 1 1 1 1 5 0 2 3 20 2 0 53 39 37 0 2 0 2 0 0 0 1 2 3 46 2 15 0 0 0 0 0 0 1 35 0 0 0 1708 2 1 0 0 0 7 5 2
1 6 0 31 1 0 11 11 1 6 0 0 0 2 0 18 0 7 0 0 1618 4 3 0 0 0 0 0 0 9 8 7 6 4 0 234 11 10 8 1 0 0 9 0 4 0 0 0 0 0 0 0 0 1 1 1 2 19 1 0 11 0 0 34 13 5 1 0 1 26 30 35 38 2 1 12 0 1 0 0 0 1 0 32 0 1 651 1050 0 0 5 3 2 0 0 1
28 9 0 33 0 3 0 24 2 7 2 0 0 3 0 19 0 1 11 1622 1 0 0 0 0 0 0 0 13 2 1 0 0 0 2 6 214 213 211 21 20 19 8 7 0 2 1 0 0 0 2 1 0 0 0 0 1 4 11 0 0 9 0 19 0 1 0 11 16 6 2 3 1 1 0 11 2 4 7 10 11 12 30 0 0 647 0 2 1045 1043 1 0 0 0 0 0
32 62 73 35 0 1 6 26 3 0 11 1 1 0 5 0 21 0 0 1636 0 0 0 0 29 27 24 18 3 0 0 2 1 0 1 5 0 0 0 187 3 2 1 0 0 0 0 0 1 6 1 0 1 0 1 0 0 2 0 10 0 1 5 0 18 0 0 9 3 5 1 2 0 0 8 1 1 0 0 1 2 11 1 0 3 641 0 0 0 0 1032 0 9 8 6 3
25 26 27 138 140 141 142 177 182 0 2 17 0 4 0 8 22 1 0 0 1676 36 34 32 0 0 0 1 0 0 1 5 1 0 0 0 2 1 0 3 178 2 1 0 0 6 2 1 21 11 10 9 6 5 2 1 0 0 0 0 7 0 2 0 17 0 0 7 2 4 0 0 0 2 4 0 0 0 1 2 3 7 0 0 0 597 42 1 0 0 2 1027 14 13 12 11
0 0 0 1 2 0 0 2 3 187 0 0 18 0 5 9 23 2 0 1 1677 0 6 5 3 2 0 0 0 3 6 7 0 0 0 5 4 3 2 1 2 174 169 0 0 8 0 0 24 1 0 8 7 6 5 4 3 2 1 0 6 0 1 0 15 0 0 6 1 3 0 0 1 0 3 0 1 2 3 4 0 2 0 1 2 596 0 38 2 1 1 3 996 985 984 982
15 1 0 0 0 4 0 0 1 2 192 226 227 250 251 268 306 310 1 0 1690 8 0 0 0 0 0 0 0 0 0 15 0 9 6 0 0 1 0 0 1 2 0 167 165 153 151 145 108 106 30 20 19 18 17 16 15 14 0 1 0 4 0 0 7 3 2 1 0 0 0 0 0 0 0 0 0 0 0 5 0 0 0 0 1 592 0 1 32 0 0 2 9 0 0 0
2 16 2 7 10 11 18 19 0 0 29 0 0 0 4 11 0 0 316 318 1691 2 1 0 0 0 3 0 0 0 0 1 54 24 23 22 13 8 7 0 0 0 0 0 0 0 4 0 8 0 74 27 25 24 21 18 0 0 11 7 2 0 3 5 0 2 1 0 1 2 3 5 1 0 0 1 0 1 1 220 222 223 531 533 535 49 2 0 0 31 0 0 2 4 0 0
1 22 0 0 0 0 0 1 26 27 0 0 1 3 0 2 1 0 0 0 2012 5 1 9 7 6 0 0 1 1 0 58 0 1 0 4 0 1 0 4 2 0 0 1 0 2 0 3 3 3 11 33 0 0 0 1 16 15 0 0 3 0 2 2 1 1 0 0 2 5 6 7 8 1 0 3 0 208 209 0 0 305 0 0 0 48 1 0 3 19 6 0 1 1 0 12
0 23 0 0 0 0 0 1 0 0 1 0 0 0 0 1 0 0 0 2014 0 23 16 1 0 0 0 1 2 2 0 62 0 0 0 3 2 0 0 0 0 0 14 9 7 1 0 2 2 2 9 0 32 17 13 0 0 9 3 2 1 0 1 1 0 0 0 1 0 0 0 1 178 182 184 185 202 0 5 6 149 0 151 0 1 5 37 0 2 18 0 4 0 0 8 2
0 25 0 2 1 1 0 0 0 0 0 3 1 0 0 0 0 0 2 2015 25 0 0 2 0 0 2 3 13 0 1 63 5 3 1 0 0 0 0 0 0 15 0 0 0 0 0 1 1 1 1 6 0 12 2 11 0 3 4 1 1 0 0 0 0 1 2 0 0 0 0 14 143 0 8 10 0 3 0 45 1 93 16 132 0 4 36 0 1 15 0 0 3 0 6 1
17 19 47 48 5 2 1 1 1 1 0 1 8 0 0 1 1 1 13 2045 2 1 0 0 0 1 0 0 14 0 3 71 0 0 1 0 0 1 1 2 0 17 1 0 0 0 0 0 0 0 0 0 4 11 2 1 9 0 1 1 0 0 0 0 0 0 0 3 5 7 13 0 142 2 4 0 2 0 42 1 0 92 15 131 0 3 0 33 0 0 13 1 0 2 5 0
1 0 119 120 178 182 2 0 5 8 13 0 9 0 1 0 4 5 0 2061 0 0 2 0 0 2 0 2 167 0 84 7 6 3 0 0 0 5 29 28 23 22 0 1 1 1 0 0 0 8 7 0 3 5 1 1 0 8 1 0 0 0 0 2 0 1 2 0 0 1 0 1 140 1 3 0 0 21 18 0 88 2 14 2 126 2 0 32 0 0 0 7 0 1 2 1
1 117 0 0 0 0 191 0 1 2 3 306 318 320 323 325 333 334 0 2062 6 4 0 0 1 3 1 171 0 151 63 1 0 0 0 0 44 31 0 1 0 0 5 2 5 2 0 16 12 0 1 3 0 1 4 0 0 5 1 0 0 0 1 1 5 9 10 15 16 17 0 134 2 0 2 18 19 20 17 0 87 1 13 1 125 2 0 10 19 18 0 4 0 0 1 0
109 1 0 0 0 2 0 192 193 194 287 0 0 3 4 6 0 0 338 2063 8 0 0 3 0 0 6 174 0 0 1 58 54 53 52 49 0 3 2 0 0 6 29 28 19 18 17 0 0 1 0 0 2 1 0 3 0 1 0 0 0 2 6 0 0 1 2 6 7 87 132 0 1 1 0 16 1 16 2 4 80 0 12 0 1 119 1 9 0 2 13 0 3 0 0 5
0 0 4 65 0 0 0 0 83 89 0 0 1 2 0 1 0 0 0 2404 9 1 0 6 0 1 7 177 1 0 0 0 1 0 0 0 0 0 48 46 39 38 0 0 1 0 1 0 0 0 1 0 1 0 0 0 0 0 0 0 0 0 0 8 0 0 1 0 59 18 1 23 0 0 15 0 1 11 1 0 79 0 0 10 0 118 0 6 0 1 0 10 0 1 0 3
0 2 55 1 71 72 75 82 0 2 0 0 0 1 2 3 7 8 9 10 2426 0 12 0 0 2 187 0 0 0 0 0 0 0 0 0 0 52 1 0 4 3 2 0 0 0 3 1 1 2 0 3 0 0 0 0 0 0 1 1 0 2 1 2 48 51 56 58 7 9 0 22 0 12 1 0 2 7 0 14 47 14 0 9 0 0 116 2 2 0 1 3 2 0 2 0
0 54 0 1 2 0 0 0 0 0 0 0 1 4 6 8 10 11 14 16 17 2445 13 0 1 191 0 0 0 1345 1342 1340 4 1 0 2 0 53 1 0 0 0 0 1 1 0 21 14 11 7 5 0 1 1 0 1 1 3 10 9 6 1 0 32 1 1 3 0 6 8 5 0 13 11 0 1 0 5 0 12 46 0 12 0 5 0 115 0 0 1 0 2 1 0 0 0
53 0 0 0 0 0 1 0 0 0 0 0 0 0 0 0 0 0 0 0 0 0 2461 1 1638 193 0 1360 1358 10 0 0 1332 1327 1325 1321 1315 57 0 0 1 1 31 27 24 22 0 0 0 0 0 2 36 33 31 28 27 24 0 2 0 0 30 19 0 0 1 0 5 7 4 7 4 9 0 0 2 1 11 0 6 37 10 0 0 2 0 113 0 0 0 0 0 0 27 28
0 2 5 0 0 0 0 10 5 4 0 0 2 0 22 25 0 0 1 0 0 1 2464 1644 0 1440 1430 66 1 0 7 0 2 0 1 1 0 1254 4 2 0 34 1 0 0 1 1 0 58 55 53 47 0 0 0 1 0 0 6 0 0 6 0 1 18 0 0 2 1 6 3 6 3 3 4 1 0 9 0 5 1 34 1 7 0 1 0 111 0 0 0 0 0 24 0 19
1 0 0 10 0 0 16 1 0 0 0 1 2 14 5 0 26 27 28 31 33 1 4111 0 2 8 0 0 62 0 6 0 0 0 0 0 0 0 1246 1219 39 2 0 71 69 66 63 62 1 0 0 0 8 6 4 1 0 1 0 1 0 0 4 0 0 15 0 0 0 5 2 5 2 2 3 0 7 0 4 0 19 13 0 4 0 0 0 0 106 1 4 5 23 0 0 17
0 0 0 12 0 0 19 0 0 0 0 0 1 7 4 0 2 3 0 0 0 36 4114 0 1 7 0 0 61 0 4 3 2 1 0 0 2 4 20 0 1177 1168 74 0 53 52 51 50 1 0 0 0 0 0 0 0 18 15 14 10 8 7 0 3 0 4 9 0 0 4 1 4 1 1 2 6 0 3 0 18 0 12 0 3 0 1 0 0 105 0 0 10 2 0 0 16
9 12 14 15 51 0 0 24 1 1 1 0 2 1 3 0 0 0 6 0 3 4167 13 0 0 0 4 0 5 54 0 0 0 0 0 0 0 3 15 0 6 0 1091 55 0 0 1 0 47 46 44 43 41 36 33 30 9 8 0 2 0 3 1 0 0 3 5 1 0 1 0 3 0 0 1 5 0 0 15 0 5 4 0 0 0 1 51 84 19 0 6 1 0 6 11 3
2 0 20 21 0 52 53 79 0 6 3 0 0 0 1 0 0 1 0 7 4181 0 0 12 0 0 0 0 4 2 48 44 25 22 0 0 2 0 13 1 3 1 0 1031 4 2 0 0 0 0 0 0 0 0 0 0 0 2 3 1 1 0 1 0 1 0 4 0 0 0 0 0 0 0 3 0 0 13 0 4 2 0 0 1 2 44 0 30 18 2 1 0 5 2 2 0
0 0 19 3 4 7 8 89 14 5 3 0 0 0 1 0 0 0 2 1 4187 4 2 1 10 8 0 1 1 1 2 0 14 0 19 0 0 0 11 0 2 0 8 1 1014 1000 997 4 1 1 1 0 0 0 0 1 0 1 0 0 0 0 0 0 0 0 0 0 6 5 2 1 1 2 0 5 6 4 2 0 1 1 3 4 39 0 28 0 17 1 0 4 1 1 0 51
12 15 1 2 0 0 1 108 0 0 0 0 0 1 0 3 0 1 4 4200 9 4 0 0 0 4 0 0 0 0 1 1 10 0 5 11 5 0 10 0 1 7 0 0 11 1 0 989 19 16 15 10 6 4 2 1 0 0 1 0 0 0 2 0 0 0 0 8 0 0 0 0 0 0 2 0 3 0 0 0 0 0 0 32 0 25 1 10 5 0 3 0 0 0 49 2
1 1 0 1 0 0 0 109 0 0 0 0 0 1 3 0 4 8 4210 2 1 1 3 1 0 3 2 1 0 0 0 2 5 0 4 4 1 1 6 1 0 5 0 1 8 0 3 0 963 0 0 0 1 0 2 0 0 3 0 0 2 3 0 0 2 0 10 2 1 0 0 0 0 0 0 2 0 0 0 1 0 1 29 0 24 0 6 2 4 1 0 0 1 47 1 38
0 0 0 0 8 12 16 127 1 1 2 1 0 0 3 9 1 4221 0 0 1 0 0 0 0 0 0 3 2 1 0 0 4 0 3 3 0 0 2 2 0 2 1 0 7 0 1 8 958 2 0 0 0 5 1 1 0 5 0 1 7 1 0 1 4 11 3 0 0 0 1 1 2 0 0 0 0 3 4 5 16 25 0 0 23 5 1 0 2 0 0 42 44 0 37 0
0 0 3 6 0 1 6 9 149 152 0 6 0 0 0 0 13 4229 4 3 0 0 0 1 10 8 5 0 0 0 0 0 0 0 0 1 2 0 0 0 0 1 0 0 5 0 7 3 0 943 1 9 7 0 2 1 0 6 1 2 11 0 1 7 17 4 0 1 2 2 2 3 0 0 0 0 2 5 6 7 6 0 6 19 1 4 0 0 1 0 38 1 0 34 0 0
0 0 0 1 0 3 1 1 8 0 155 168 2 0 0 0 4402 156 1 0 1 0 0 14 0 0 0 1 0 0 1 0 0 0 1 0 0 1 0 1 0 0 0 3 0 6 1 0 0 940 10 0 0 0 3 2 1 9 0 16 0 0 10 18 0 0 1 2 10 3 4 1 0 0 2 0 0 0 1 5 0 5 0 10 0 3 0 11 27 35 0 0 1 12 17 0
0 0 0 0 2 0 0 0 6 0 0 171 0 0 1 0 4405 0 155 0 0 0 0 0 16 2 0 5 1 0 3 1 1 2 0 0 0 0 5 2 1 0 0 0 5 0 1 7 14 0 911 898 892 870 802 795 790 785 773 0 0 0 708 695 3 0 2 14 0 5 0 3 0 4 0 1 0 0 0 1 2 0 6 2 1 0 9 3 10 4 1 0 10 0 12 2
1 0 0 0 0 2 3 4 0 0 1 175 0 0 3 4 4412 0 153 150 149 3 0 0 125 106 97 92 79 71 70 62 54 53 21 19 17 16 8 6 5 4 0 0 3 0 1 2 5 10 0 3 19 65 1 0 1 0 2 750 742 739 5 0 671 669 661 653 0 6 5 1 0 5 3 1 0 0 0 0 0 0 4 1 0 8 0 1 9 3 0 8 0 1 9 1
2 3 0 0 0 1 2 6 7 8 9 186 1 0 0 0 4414 0 0 0 0 142 139 136 3 4 2 4 0 5 1 2 2 2 23 17 16 14 0 0 0 0 1 0 1 0 1 3 0 9 2 3 14 63 0 0 0 0 0 6 0 22 0 2 0 6 0 2 635 622 10 1 0 6 11 4 2 0 1 0 0 1 1 0 4 1 0 0 8 2 0 6 0 6 1 0
3 6 1 0 0 0 1 2 0 1 2 3 189 0 4440 4437 20 0 0 0 0 0 1 4 2 3 1 1 1 2 0 1 1 1 2 1 0 1 10 8 4 3 0 0 0 0 1 0 8 1 2 8 2 1 62 36 35 32 4 0 5 0 21 0 0 5 0 0 11 0 602 551 21 12 0 0 0 2 0 0 1 0 0 0 2 0 0 7 0 1 0 4 3 1 0 9
0 10 2 0 0 0 0 1 0 0 1 3 198 4446 3 0 0 17 11 7 4 2 0 3 1 2 0 0 0 0 0 0 0 0 0 0 0 0 0 0 0 1 0 0 1 0 0 6 0 0 1 7 1 0 4 19 1 23 2 2 2 0 19 0 2 1 0 10 0 48 0 2 525 0 1 2 3 1 1 3 0 0 0 0 0 0 2 4 0 0 1 1 2 0 1 0
12 0 0 1 0 1 0 0 3 0 0 0 4648 0 0 0 0 3 1 1 1 0 1 2 0 1 0 0 0 0 0 0 0 0 0 0 0 0 0 0 0 0 1 0 4 1 0 5 0 0 5 0 0 2 0 18 0 1 20 1 1 1 17 0 1 0 7 0 1 44 1 0 17 505 483 479 2 2 4 0 0 2 0 0 0 0 0 4 2 1 0 0 1 0 0 3
9 8 6 4 1 2 4 6 11 1 0 1 4657 5 4 3 1 0 0 0 0 0 0 0 0 0 0 2 5 7 1 1 1 1 1 11 9 7 5 3 1 6 2 0 6 0 0 2 1 0 0 3 0 0 0 15 0 0 19 0 0 0 0 15 0 5 0 0 0 42 0 4 10 20 0 2 465 17 8 7 5 0 5 2 0 0 1 8 0 0 0 0 0 0 1 0
0 0 1 0 0 0 0 0 1 16 0 0 4676 17 16 14 12 10 8 6 4 3 2 1 0 0 0 0 0 8 2 2 2 2 16 1 0 0 0 0 0 7 0 7 1 0 0 2 1 0 0 2 0 0 2 14 0 0 18 4 2 0 1 14 0 4 0 1 3 41 0 3 9 19 0 0 1 444 0 0 0 0 6 0 0 0 0 10 0 0 2 0 0 0 1 2
2 2 0 0 1 1 1 0 0 0 17 4691 11 1 0 0 0 0 0 0 0 0 0 0 0 0 1 2 1 9 3 3 3 53 32 31 30 29 27 25 23 21 12 2 0 0 4 2 1 0 2 0 0 0 4 2 1 4 2 3 0 1 0 9 0 1 0 0 18 15 1 1 8 17 0 0 8 15 426 417 416 413 409 3 0 1 0 13 0 4 1 0 1 0 0 0
172204 6 1 0 2 0 4 1 0 4721 4718 7 0 8 1 0 1 0 0 0 0 1 1 1 1 0 3 3 2 10 4 4 72 13 12 11 10 9 8 7 6 5 4 3 1 0 5 3 0 4 0 1 0 1 1 1 0 3 1 0 1 0 1 3 2 0 6 17 0 14 0 0 7 14 1 7 2 2 5 0 0 1 1 395 374 372 364 146 145 144 138 134 133 130 128 126
1 172191 2 0 3 0 6 0 4728 2 0 1 3 0 5 4 1 0 2 1 2 1 3 6 11 1 4 4 3 11 5 134 55 54 53 52 51 50 49 48 47 46 45 42 0 33 25 24 18 10 9 4 2 0 0 0 0 2 0 0 0 0 1 0 1 5 0 4 2 10 2 5 0 13 0 6 1 1 1 2 0 0 18 0 0 2 0 202 137 136 135 133 132 37 36 35
0 0 172185 172122 172120 172114 4740 4732 1 0 0 0 0 0 1 0 0 3 0 6 0 0 0 0 13 2 5 5 4 12 159 17 16 15 14 13 12 11 10 9 8 6 1 1 40 4 2 0 0 0 0 0 0 0 0 1 0 0 0 0 0 0 0 0 0 2 0 3 1 9 0 0 4 12 0 5 0 0 0 0 0 1 13 1 0 0 0 6 55 8 0 0 0 93 34 27
0 52 8 0 0 0 167370 167367 1 0 1 0 0 3 0 1 4 0 8 0 0 0 0 0 15 3 6 6 5 205 31 30 29 28 8 7 6 5 4 1 0 2 0 0 0 0 0 0 0 0 0 0 0 1 2 0 0 1 0 1 1 1 0 0 0 1 0 2 0 0 7 0 2 2 7 2 4 1 0 0 0 11 0 0 0 0 5 0 44 1 4 0 26 29 0 4
0 50 1 5 0 0 0 0 167363 3 0 1 5 0 0 2 5 11 0 1 1 1 1 0 17 4 7 7 216 3 2 1 0 1 16 14 12 0 0 0 0 0 0 0 0 0 0 0 2 1 0 1 1 5 1 1 0 2 1 4 0 2 1 2 0 0 0 0 0 2 0 2 1 1 1 1 1 1 0 2 10 0 2 10 1 2 0 23 19 0 3 22 1 13 14 1
39 9 0 1 1 0 1 25 0 167331 167314 9 0 0 5 0 18 0 0 2 2 5 0 0 2 26 8 231 5 4 3 2 0 0 0 0 2 7 1 0 0 0 0 2 0 1 2 3 2 0 1 2 2 6 2 3 0 5 0 5 4 0 2 4 1 4 2 1 0 1 0 1 0 0 0 0 0 0 2 4 1 0 3 2 15 20 22 0 18 1 0 21 0 12 1 11
13 8 0 0 0 0 20 1 8 6 0 167302 8 6 0 19 0 0 3 3 13 1 0 0 0 0 275 5 4 3 2 1 0 0 0 0 0 3 0 0 1 1 4 0 1 5 4 3 0 1 2 3 19 8 4 1 0 6 1 0 11 1 22 12 9 3 2 1 0 2 1 0 0 0 1 2 0 0 0 0 0 2 1 2 0 3 0 7 8 0 7 12 1 1 9 0
