code/mhm/output/saxony_0p0625/mhm_setup/morph/facc.asc
ncols                1664
nrows                800
xllcorner            11.8125
yllcorner            50.125
cellsize             0.001953125
nodata_value         -9999
[rows 648 to 719 of 800, columns 1344 to 1439 of 1664]
1 1 13 1 1 0 0 0 0 0 22 1 4982 0 0 0 0 0 0 0 0 2 0 1 1 2 0 0 44 5 0 0 3 0 0 0 14 0 0 0 6 0 19 12 0 0 0 48 39 0 1 25 4 1 0 5 0 2 0 1 1 1 1 1 0 0 0 1 3 13 44 1572 5 4 1 1 1 1 0 2 1 0 0 0 0 0 0 2 0 0 0 0 0 0 0 0
2 0 14 2 2 1 1 1 1 0 0 26 5061 76 74 0 0 0 0 0 0 0 0 0 0 0 0 0 0 41 4 3 0 1 0 0 3 6 0 2 2 2 2 2 6 0 1 2 2 36 31 0 18 15 0 7 0 3 1 2 2 2 2 3 0 0 0 0 1 1 1 1619 0 0 0 4 0 2 4 0 4 1 1 0 0 0 0 0 0 0 0 0 1 0 0 1
4 15 0 3 3 2 2 2 2 0 1 5090 0 0 0 72 70 66 62 59 0 0 0 0 0 0 0 0 0 0 38 0 2 1 0 0 1 2 0 1 1 1 1 1 1 2 0 1 1 1 1 1 1 1 10 8 1 4 2 3 0 6 7 1 1 0 0 0 0 0 0 1621 2 0 48 46 38 27 18 5 0 2 0 1 1 2 0 0 0 0 1 4 2 1 0 4
0 17 4 0 0 7 6 0 3 0 5111 16 1 0 0 0 0 0 1 0 55 52 1 0 12 10 8 5 2 0 0 34 30 0 0 0 0 0 0 0 0 0 0 0 0 0 0 0 0 0 0 0 0 0 0 0 5 6 17 24 1 0 15 4 1 1 0 0 0 0 0 0 1677 50 0 0 0 5 2 10 6 2 0 0 5 3 2 1 0 1 0 0 6 10 15 6
18 0 5 1 1 0 15 0 5127 5121 7 2 13 2 0 0 0 0 0 0 0 2 44 39 0 0 0 0 0 0 1 0 3 24 2 0 0 0 0 0 0 0 0 0 0 0 0 0 0 0 0 0 0 0 0 0 0 0 0 1 25 29 0 21 2 3 0 1 0 2 1697 1695 14 12 6 4 0 4 0 0 1 0 0 0 0 7 17 1 0 2 1 0 0 0 0 19
27 6 0 2 0 5163 5159 5142 10 5 1 1 1 9 6 4 2 0 0 0 0 0 0 1 24 21 0 0 0 0 0 1 0 3 15 1 1 1 0 1 1 1 1 1 1 1 1 1 1 0 2 2 1 1 0 0 0 0 0 0 0 2 35 38 65 71 72 78 1706 1704 1 1 0 1 2 0 2 0 3 0 0 1 1 0 0 0 0 21 1 3 2 1 1 0 0 0
0 0 0 5174 5169 3 0 1 1 1 4 0 0 0 1 0 0 1 1 0 0 0 0 0 1 1 16 14 3 1 0 0 0 1 1 10 8 1 0 2 2 0 4 2 2 2 0 4 2 0 4 3 2 3 1 0 1 1 1 0 0 0 0 0 0 0 0 1 1787 0 0 0 0 0 0 0 0 0 0 0 1 2 3 0 1 0 1 0 24 4 5 0 2 1 0 0
1380267 5180 5178 1 0 0 0 0 0 0 0 2 1 0 0 1 2 2 1 0 2 3 1 0 0 0 0 1 5 2 1 0 0 0 0 0 0 0 1 3 3 0 6 3 3 3 1 5 3 1 0 9 3 6 0 1 2 4 1 0 0 0 0 0 0 0 0 0 1789 0 0 0 0 0 0 1 0 0 0 0 0 7 13 15 3 0 0 2 26 0 11 1 3 2 1 1
0 1375084 1 0 0 0 0 0 0 0 0 0 0 0 3 3 3 2 1 3 4 0 0 0 0 0 0 0 0 0 0 0 1 0 0 0 0 0 0 2 8 1 9 14 19 4 8 4 0 2 0 1 10 11 1 5 0 7 1 0 0 2 1 0 1 1 2 1908 116 15 14 11 8 7 4 1 1 1 1 0 0 0 0 0 23 25 1 3 27 1 12 2 4 3 2 2
3 0 1375076 1375058 3 0 0 233 230 228 225 222 219 213 4 4 3 2 4 0 5 2 1 1 0 2 0 0 0 0 1 1 2 1 1 1 1 1 1 3 9 0 0 0 1 29 14 0 4 0 0 1 4 28 8 2 0 8 2 1 0 1 5 0 3 1919 1913 0 98 0 0 0 0 0 0 2 2 2 1 1 0 0 0 0 0 0 29 62 0 2 0 16 9 0 3 3
1 15 0 0 1375052 1375049 237 1 0 0 0 0 0 2 202 200 193 183 0 1 6 3 4 1 0 4 1 1 1 0 0 2 5 2 2 2 2 2 2 4 10 1 1 0 0 0 30 49 56 1 0 0 0 0 42 0 0 9 0 5 1 0 2 7 1927 1 0 1 0 96 93 0 0 0 2 6 3 2 2 1 0 2 0 0 0 0 1 0 64 0 3 34 1 0 0 12
5 8 0 0 0 4 1374805 1374790 1 0 0 0 0 0 0 0 0 0 176 173 169 159 2 0 1 7 2 2 0 1 41 39 35 28 23 18 13 8 3 5 11 4 1 0 0 0 0 0 0 58 62 2 0 0 44 2 0 10 0 1 6 10 2018 2006 0 0 0 0 0 0 0 88 86 83 80 75 7 3 0 3 3 1 0 2 0 0 0 3 66 1 0 0 37 43 46 63
3 3 2 0 3 0 12 0 1374786 3 1 0 0 0 0 0 0 0 0 0 1 1 144 141 135 132 8 1 2 42 0 0 0 0 0 0 0 0 0 7 20 26 29 1 1 1 0 0 0 0 0 121 54 52 50 1 0 0 11 1 2 2032 1 75 0 0 0 0 0 0 0 0 0 0 0 0 58 54 48 44 35 1 3 1 1 0 0 0 74 2 0 1 0 0 0 2
0 2 0 0 1 9 1 1 0 1374778 1374775 4 1 1 1 1 0 0 0 0 0 0 1 1 1 1 112 110 43 1 0 10 7 0 0 0 0 0 0 0 0 0 0 33 34 37 44 46 49 129 126 3 1 0 0 0 0 0 1 2073 2058 20 17 0 74 68 67 65 4 1 0 0 0 0 0 0 1 0 1 1 1 26 24 3 0 1 1 76 0 0 0 0 0 0 0 0
0 0 0 0 0 7 0 0 0 0 0 1374768 19 16 13 10 9 7 4 2 1 0 0 0 0 0 0 0 61 16 12 0 0 4 3 1 1 1 3 0 3 1 0 1 2 3 0 1 52 131 0 0 0 0 2 1 2094 2091 2089 9 0 0 0 16 0 2 1 0 58 6 4 2 0 0 5 1 0 0 0 0 0 0 5 7 6 3 2 79 0 1 1 0 2 4 7 0
2 1 0 0 0 6 0 0 0 0 0 1374747 1 0 0 0 0 0 0 0 0 1 0 0 0 0 2 4 43 32 0 0 0 0 0 2 0 2 4 4 0 0 0 0 0 1 2 5 62 133 0 0 0 0 0 2104 3 0 2 1 6 5 0 15 10 7 4 0 50 1 0 0 0 0 6 1 0 0 0 0 1 3 4 0 1 0 0 80 0 2 2 0 0 0 8 0
1 0 0 1 2 0 1 0 1 0 1374734 9 4 3 1 0 1 10 7 5 3 0 6 2 0 0 0 0 0 2 30 3 1 1 3 1 0 3 12 1 0 0 1 2 0 0 1 0 1 199 1 0 0 1 2111 1 0 0 0 0 0 2 0 1 1 1 1 2 4 42 39 38 33 28 9 6 1 1 0 0 0 0 0 0 3 0 1 81 1 3 3 1 1 1 9 1
0 0 1 0 0 0 4 8 0 0 1374730 0 3 2 1 16 13 1 0 0 0 8 0 1 0 0 0 0 0 0 0 23 20 16 2 1 4 13 0 1 0 0 1 7 1 0 0 0 0 0 202 207 0 0 2113 0 0 0 0 0 0 0 0 0 0 0 0 1 1 1 1 2 2 2 6 1 3 2 2 1 0 0 0 2 4 1 2 84 0 4 0 4 6 10 0 4
0 1 2 1 1 0 0 0 9 1374703 24 0 0 19 18 0 0 0 1 1 9 0 0 0 0 0 3 0 0 0 0 0 0 0 8 5 0 15 0 3 0 1 0 1 14 20 22 0 0 0 0 0 208 2346 20 18 15 14 9 4 1 0 0 0 0 0 0 0 0 0 0 1 1 1 1 1 0 0 0 5 2 0 0 1 8 2 3 85 1 5 1 0 5 19 5 0
2 0 5 0 3 0 0 0 1374697 2 0 22 20 0 2 1 18 16 13 10 1 1 1 1 0 0 1 6 0 2 0 0 0 0 0 1 0 16 8 6 0 2 0 0 0 3 0 25 31 32 0 0 42 2348 0 0 1 2 0 0 0 0 1 1 2 1 0 0 0 0 0 0 0 0 0 0 1 3 6 14 4 0 1 2 13 0 90 0 2 6 2 1 0 26 6 7
1357 1370 1378 1381 1388 0 0 1 1374684 191 0 0 0 5 0 20 0 1 0 0 2 122 118 115 109 108 105 101 92 86 83 81 77 73 66 59 54 34 20 19 13 11 0 0 1 0 0 0 1 2 36 39 0 2396 2 1 0 0 0 0 0 0 9 5 20 16 1 0 2 1 0 0 0 0 0 0 0 0 0 1 23 25 116 110 95 94 93 0 3 7 3 2 0 1 34 16
0 10 0 0 2 1393 0 1374486 4 0 190 189 187 22 21 4 3 0 1 3 126 0 0 0 0 0 0 0 0 0 0 1 1 1 1 3 2 1 3 4 0 0 4 0 0 0 0 0 0 0 0 1 2 2402 1 0 0 0 0 0 50 47 34 25 0 0 12 10 3 2 2 1 0 2 0 0 0 0 0 0 0 0 143 0 0 0 0 0 4 0 8 97 89 86 82 28
1 1 5 0 0 2 1399 1373083 0 2 1 0 0 155 148 0 0 2 133 128 0 1 0 0 0 0 0 2 1 0 0 0 0 0 0 2 1 0 2 1 1 1 1 0 1 2 0 1 0 0 0 0 2 2451 0 0 0 0 1 53 0 0 7 0 1 0 0 0 0 3 0 3 0 4 1 0 0 1 4 8 0 0 145 1 1 2 0 0 6 1 109 1 0 0 0 0
0 0 0 3 0 0 0 1373081 0 0 3 1 0 4 0 141 139 135 0 0 0 0 0 1 1 10 7 3 2 1 0 0 0 0 0 0 0 0 0 0 0 0 0 0 2 5 1 2 1 1 0 0 0 42 2460 2 0 1 0 60 2 0 6 3 1 0 0 0 0 4 5 0 1 7 1 1 0 0 0 0 9 1 147 189 184 180 178 175 172 162 45 0 0 0 0 0
1 0 0 0 0 0 1 1373079 0 11 6 5 0 0 2 1 0 0 1 1 1 1 2 2 0 11 0 0 0 1 1 0 1 1 0 0 0 0 0 0 0 0 0 1 6 8 18 23 28 33 34 40 41 1 2 2465 2470 0 62 1 0 0 0 0 0 1 1 1 0 0 11 1 2 8 2 2 1 1 0 0 0 10 352 0 0 0 0 0 1 1 1 43 41 39 32 27
14 3 2 1 0 0 2 33 1373041 0 0 0 2 0 1 0 1 2 2 2 2 3 3 1 0 13 1 1 2 0 2 1 4 0 1 1 1 1 1 1 1 1 0 0 0 0 0 0 1 1 2 0 0 1 1 1 4 2477 2548 0 0 0 0 0 0 2 2 2 1 13 2 3 0 9 3 3 2 2 1 1 0 1 365 10 7 5 0 0 0 0 0 0 0 4 2 1
0 9 0 1 0 0 27 1 1373027 1 0 0 0 3 0 50 13 7 3 3 4 4 2 1 0 16 0 2 3 1 3 2 5 1 2 2 2 2 2 2 2 2 1 1 0 0 0 0 0 0 0 0 0 0 0 0 2 0 3 2577 0 2 1 0 1 6 0 3 2 14 7 0 1 10 4 4 3 3 0 2 6 371 1 0 0 0 3 1 0 0 3 1 0 2 1 0
3 0 2 2 0 26 0 1 4 1373019 1 0 4 0 52 0 35 0 10 5 5 3 2 1 0 18 3 4 0 2 4 3 6 2 3 3 3 3 3 3 3 3 4 0 1 1 2 0 0 0 0 0 0 0 0 0 0 0 1 25 2580 2590 0 1 9 0 1 4 30 26 2 0 2 11 5 5 0 5 10 12 393 0 0 0 0 0 0 0 0 0 5 0 0 0 0 0
1 1 0 0 25 0 0 0 0 3 1373011 0 6 54 0 0 0 32 20 19 12 7 3 0 1 23 5 1 0 8 4 7 0 3 4 4 4 4 4 4 4 4 6 0 2 5 5 4 1 0 2 0 0 1 3 5 6 0 13 10 1 2 2593 2610 0 3 5 31 0 0 0 3 0 18 0 6 0 0 1 2 399 1 0 0 1 1 2 1 0 7 0 0 0 0 0 0
0 3 4 18 0 0 0 0 1 0 57 1372950 63 0 1 0 1 0 0 2 1 0 0 2 0 30 2 1 9 0 15 1 4 5 0 0 10 5 10 0 5 5 7 1 9 6 0 0 0 1 5 0 1 0 0 0 10 12 9 0 0 0 1 2 2612 2659 32 1 0 2 4 1 0 20 0 7 1 0 1 3 408 0 0 18 3 0 3 2 1 9 0 1 1 1 1 1
1 0 12 0 0 3 5 6 7 55 0 2 1372882 5377 5376 4 0 1 3 0 0 8 7 2 0 69 34 31 20 18 1 0 14 8 0 1 0 18 39 7 6 43 36 27 24 13 4 3 0 10 1 0 0 4 6 0 0 0 0 7 0 0 0 0 0 2 2663 0 16 14 10 2 0 36 14 12 1 0 0 0 2 431 20 0 10 9 4 0 36 33 22 20 17 14 11 8
0 0 10 0 0 0 27 28 34 11 0 0 1367503 0 0 5367 5365 5363 5358 3 0 9 0 0 0 70 0 0 0 0 0 15 0 0 2 0 0 0 40 0 44 0 0 0 0 0 0 0 0 11 0 0 0 0 7 0 0 0 1 5 0 0 0 0 1 8 2696 18 0 1 0 0 0 37 0 0 0 0 0 0 0 435 1 0 0 1 0 37 0 0 0 0 0 0 0 0
2 9 0 0 3 24 0 3 0 9 0 0 3 1367497 0 0 0 1 0 5348 5343 5339 4 1 0 71 2 0 1 1 17 0 1 1 3 1 1 1 42 45 0 1 1 1 2 0 2 1 0 13 1 0 1 9 1 1 0 0 0 0 0 0 2 6 7 1 1 2702 2 0 0 0 2 1505 1466 1463 1459 2 0 0 0 437 0 1 2 0 38 1 0 2 0 0 2 1 1 1
3 0 0 0 18 0 0 1 0 8 0 0 0 6 1367488 0 0 0 0 2 2 0 5322 1 0 75 0 1 5 0 18 1 4 0 4 2 2 2 89 1 0 2 4 0 3 4 0 2 15 0 2 1 2 10 4 0 1 1 1 0 0 0 0 0 0 0 0 0 2707 1 1 1515 1510 1 0 1 0 1453 1450 1446 1442 1000 997 994 989 983 975 4 0 3 1 0 4 0 782 777
2 1 5 11 0 4 0 0 2 1 1 0 4 0 6 1367479 0 0 0 1 1 0 4 5314 5309 78 0 9 0 0 22 0 5 1 108 102 98 94 0 2 1 3 6 4 0 5 1 20 0 1 3 2 3 11 5 1 2 2 3 0 1 1 0 0 0 0 1 2 0 2710 1519 0 0 0 0 0 0 0 1 1 1 1 1 1 1 5 0 929 920 915 869 864 860 852 64 56
0 0 0 0 1 1 0 0 0 0 0 0 1 4 0 4 1367471 3 0 0 0 0 1 3 0 5227 11 0 1 23 0 6 0 111 0 0 70 69 68 67 61 60 48 42 40 33 30 8 7 4 3 0 17 0 6 2 3 7 13 1 2 2 1 1 0 1 0 0 0 0 4233 0 0 0 0 0 0 0 0 0 0 0 0 0 0 4 1 5 3 40 1 1 1 2 2 3
0 0 0 0 0 0 0 0 0 0 0 0 1 1 1 1 0 1367465 0 0 0 0 0 1 3 0 5209 3 0 0 35 9 0 113 1 71 0 0 0 0 0 0 0 0 0 0 0 0 0 4 1 20 1 0 10 0 0 0 0 15 2 3 5 2 1 0 4393 4389 4387 4381 141 139 132 4 1 1 1 0 0 0 0 0 1 2 3 0 2 1 2 39 0 0 0 1 1 0
4 9 1 2 0 0 0 2 4 9 1 0 0 0 0 0 0 4 1367458 2 0 0 0 0 1 0 1 5201 5198 5196 5154 5150 5146 117 0 72 4 2 1 1 0 2 0 1 1 1 1 1 6 2 21 0 0 0 11 2 0 0 0 0 16 4433 4425 4418 4412 4407 8 0 3 4 0 5 0 124 117 115 1 1 1 1 0 0 0 0 0 0 0 0 1 0 37 0 0 0 0 0
1 0 13 4 0 0 91 93 94 95 107 0 0 0 0 0 1 0 0 1367453 3 0 0 0 0 0 0 0 0 3 2 2 0 5026 79 5 0 0 7 4 1 3 1 2 2 2 2 2 7 25 1 0 1 1 0 15 0 2 4471 4469 4465 10 0 1 1 2 2 3 2 1 1 4 3 1 0 10 97 94 87 80 53 50 45 44 1 0 1 0 0 0 2 31 27 0 0 0
0 0 21 0 0 88 0 0 1 3 4 113 3 0 1 0 0 1 7 0 1367439 4 3 0 0 0 0 0 0 2 1 1 1 0 4942 4934 4929 10 0 0 0 4 2 3 3 3 3 3 34 0 2 1 2 0 3 4505 4488 4484 0 1 2 7 0 0 0 1 1 2 1 0 0 3 2 0 3 5 1 3 3 23 0 0 0 0 38 32 1 0 0 0 0 0 0 25 10 2
15 17 18 41 70 1 12 0 0 0 2 3 122 0 4 0 0 3 0 0 3 1367429 449936 449935 4 1 0 1 0 0 0 0 0 2 3 3 0 4915 4899 4895 4891 4876 4850 4845 9 0 0 4581 4572 4536 4533 4528 4524 4519 4515 0 1 5 1 0 1 3 2 1 0 0 0 0 0 0 0 1 1 1 0 4 0 2 2 2 19 14 0 0 0 2 27 1 0 0 0 0 1 11 4 1
1 0 0 18 7 0 1 8 0 0 0 0 1 142 5 0 0 0 0 0 0 917491 0 0 449928 449922 5 1 0 5 4 2 0 0 2 2 3 10 2 1 12 19 0 0 4829 4826 4811 225 0 0 0 0 0 1 1 1 0 2 1 0 0 0 1 0 0 0 0 0 0 0 0 0 0 0 0 1 0 1 1 1 1 1 12 10 0 0 1 22 20 13 2 0 0 10 0 0
0 7 13 2 6 0 0 6 0 0 4 10 14 0 151 0 0 0 2 0 0 917489 0 3 0 0 449914 8 6 1 0 0 1 1 1 0 1 9 1 0 11 2 15 0 0 13 1 222 0 0 0 0 0 0 0 0 0 0 0 0 0 1 0 1 1 1 1 0 1 2 0 0 0 0 0 0 0 0 0 0 0 0 0 2 6 3 0 0 4 3 3 0 0 2 5 1
6 0 3 1 3 0 0 1 1 2 2 1 1 0 0 152 155 161 0 0 0 917486 1 0 1 0 1 449901 3 0 0 0 0 0 0 0 1 6 0 5 4 1 2 11 0 10 1 0 221 3 1 2 0 1 0 0 0 0 0 1 2 1 0 10 5 2 1 0 2 3 1 1 1 2 0 0 1 0 0 0 0 0 0 0 0 0 2 1 1 2 0 0 0 0 0 1
1 0 2 0 0 1 0 0 0 1 1 0 0 0 0 0 0 162 0 0 917480 2 0 0 0 0 0 0 449894 3 1 0 0 0 0 0 0 4 0 3 3 0 1 10 1 5 0 0 4 211 3 0 4 2 1 1 1 1 3 3 2 0 11 0 0 0 2 4 4 2 0 0 4 3 1 3 0 1 1 1 1 1 0 0 0 0 0 0 0 0 0 0 0 0 0 0
0 0 0 0 0 0 0 0 0 0 0 1 3 4 1 2 1 163 1 0 917476 0 0 0 0 0 0 0 449889 0 1 1 1 1 0 0 2 0 0 1 2 0 7 1 0 2 1 0 2 0 205 14 7 6 5 0 2 6 0 4 3 1 13 0 2 0 8 0 8 0 1 1 5 4 2 4 1 2 4 2 0 2 1 2 0 0 0 0 0 0 0 1 1 1 0 2
0 0 1 4 1 1 5 2 0 1 0 0 0 0 8 3 2 164 2 0 917473 0 0 1 4 6 0 449884 2 0 15 10 7 4 2 0 0 0 0 0 0 5 0 0 0 0 0 0 0 0 46 142 76 75 74 73 69 68 60 58 48 47 44 29 24 22 12 10 0 0 7 0 6 5 9 15 32 13 4 3 20 15 14 11 6 4 3 0 1 1 2 6 9 2 1 3
0 0 0 5 2 2 7 0 0 2 0 0 0 0 1 15 3 165 3 0 917470 0 0 0 0 0 449878 2 0 0 17 0 0 0 0 0 0 0 0 0 4 0 6 8 10 16 17 26 34 39 44 13 50 3 2 1 0 0 0 1 0 0 0 0 0 0 0 0 0 0 8 0 7 0 0 0 34 0 0 21 0 0 0 0 0 0 0 0 2 0 0 0 10 3 2 0
0 0 3 6 3 3 8 16 8 6 1 0 0 1 0 1 22 166 0 914943 0 2523 4 1 0 0 449868 0 0 0 22 3 1 1 1 6 4 2 0 1 0 4 0 0 1 2 6 0 6 3 3 12 2 42 2 1 0 1 8 4 3 2 1 1 0 0 2 1 0 2 255 245 242 232 227 226 3 2 1 22 2 0 1 1 1 2 1 0 3 1 0 1 12 4 3 1
0 1 0 12 4 4 27 0 5 3 1 0 0 4 5 0 0 190 914933 3 0 0 2516 2 0 0 449865 0 0 1 24 0 2 2 7 0 0 0 0 0 0 2 0 0 1 1 3 5 0 1 2 11 1 12 25 15 14 13 1 0 0 0 0 4 279 277 271 269 265 259 0 0 0 0 0 0 184 182 180 29 5 1 4 0 2 3 2 1 4 2 1 15 5 0 4 2
0 2 0 0 18 34 0 0 0 0 1 0 0 0 0 7 9 914740 0 0 0 0 2509 2 0 0 449862 0 1 2 25 16 15 11 1 1 1 1 1 0 0 0 0 0 0 2 3 0 0 1 5 10 0 11 2 5 2 1 0 1 0 0 3 287 0 0 0 0 0 0 0 0 0 0 0 0 0 0 0 148 145 143 140 130 8 4 5 0 5 3 18 6 1 0 8 0
1 0 6 19 0 0 35 0 0 0 0 3 914715 914718 914721 914723 914727 0 0 0 0 0 2507 0 0 0 449859 0 0 5 51 7 6 5 2 2 2 2 1 1 0 0 0 0 0 0 1 0 0 4 1 1 2 10 1 0 0 0 2 1 0 0 294 0 0 0 0 0 0 0 0 9 7 5 3 0 0 0 0 0 0 1 2 0 119 117 115 107 38 31 7 0 2 10 1 0
2 0 0 27 914641 914644 914693 914696 914699 914702 914705 914709 0 0 0 0 0 0 0 2 1 0 2504 2 0 0 4 449851 0 129 70 69 67 65 7 3 3 2 2 1 0 2 1 0 0 0 0 0 3 0 0 1 1 6 0 0 0 0 1 8 0 0 296 0 1 1 1 1 0 2 10 0 0 0 0 1 1 0 0 0 0 0 0 0 0 0 0 0 65 64 62 59 56 14 0 25
914593 914596 914599 914611 0 0 11 0 0 0 0 0 0 0 0 0 0 0 0 0 5 2482 17 0 0 1 0 2 449845 0 0 0 0 0 56 12 11 6 2 1 0 5 1 1 1 0 0 0 0 0 0 0 1 3 0 1 4 6 7 17 0 2 298 0 2 2 2 3 3 0 11 2 0 2 2 0 2 1 2 1 0 0 0 0 0 0 0 0 0 0 0 0 0 37 36 35
18 0 0 6 2 0 0 9 0 0 0 0 0 0 2 1 1 0 2 2470 2474 0 1 13 0 0 0 0 2 449710 0 0 0 7 33 0 5 4 3 2 1 6 4 2 1 1 1 0 0 0 0 0 0 1 3 4 5 6 0 0 20 324 0 0 6 3 0 4 4 1 12 3 1 3 3 1 3 2 3 2 1 1 2 0 1 1 2 1 0 0 0 0 0 0 0 0
1 0 3 1 1 0 5 0 0 0 5 8 10 11 16 2431 2436 2448 2465 13 0 0 0 0 10 5 0 0 0 449701 5 0 0 5 31 25 17 8 7 3 0 7 8 2 2 2 1 1 0 1 1 0 0 0 0 1 20 21 30 31 79 81 408 418 0 4 1 5 7 0 13 4 19 16 9 0 7 0 4 3 2 2 3 1 2 2 3 2 1 2 1 0 1 1 1 1
0 0 0 0 0 0 0 0 0 0 0 0 0 0 2411 0 1 9 0 0 12 1 0 0 3 1 1 0 0 449700 2 0 4 1 2 1 0 7 5 2 0 21 3 3 3 2 2 0 1 2 2 1 0 0 0 1 17 0 26 27 18 0 0 20 441 450 0 63 56 0 19 21 0 0 0 1 8 1 5 4 3 3 4 2 3 3 4 3 2 5 0 1 4 2 0 2
0 1 2 0 0 1 2 3 7 10 0 0 1 0 2408 1 0 1 6 0 3 5 0 1 0 0 0 0 0 449698 0 0 0 0 0 0 0 0 0 0 0 22 4 4 3 3 1 2 0 3 3 0 3 8 10 11 2 0 24 16 0 7 17 1 0 10 527 0 0 45 24 1 0 0 0 0 0 9 8 5 4 4 5 3 4 4 5 0 7 6 1 2 5 3 1 3
0 22 0 90 92 0 0 2 0 0 14 15 19 2356 48 0 0 0 2 1 2 3 0 0 0 0 0 2 449690 5 2 1 1 1 0 0 0 0 0 0 0 28 5 4 0 6 3 12 10 5 0 0 0 0 0 0 0 20 1 15 6 0 7 0 8 0 2 533 0 0 1 0 0 2 0 0 0 5432 5420 5410 5402 5395 5388 5380 5373 5365 5357 5348 5344 5332 5320 5314 5308 5298 5292 0
20 0 85 0 0 95 0 0 0 1 0 0 2334 0 0 45 0 0 0 0 1 0 0 1 1 0 2 449685 1 0 0 0 0 4 0 1 1 5 2 0 47 45 7 1 0 11 13 0 0 0 1 0 0 0 0 0 19 0 14 2 2 2 3 3 3 0 0 7 544 0 2 0 1 3 1 0 5438 2 0 0 0 0 0 1 1 1 1 1 2 3 2 1 2 0 4 5279
0 26 0 30 0 0 97 0 1 0 0 2 2331 0 0 0 42 2 1 0 0 0 0 0 4 449670 449675 1 3 0 0 0 0 6 1 2 2 57 50 49 0 0 0 0 1 30 3 1 1 2 1 2 1 0 5 9 7 2 10 1 1 1 2 2 2 2 5 0 4 592 597 602 0 0 6 5444 3 0 0 0 0 0 0 0 0 0 0 0 1 2 1 0 1 1 1 2
24 0 2 28 0 0 100 1 0 2 1 0 2326 9 2 0 0 37 1 0 0 0 3 5 449663 3 0 0 0 2 0 0 2 7 2 3 62 0 0 0 0 0 1 0 35 0 0 0 2 9 3 0 0 1 0 1 6 1 9 0 0 0 1 1 1 1 1 2 0 41 0 2 606 1 5453 0 0 0 0 2 0 2 0 0 0 0 0 0 0 0 0 0 0 0 0 1
0 0 0 8 14 0 0 103 1 0 3 2310 4 0 4 0 0 0 32 2 0 0 3 449651 0 0 2 1 0 0 0 2 6 7 19 4 64 0 1 10 5 4 0 0 36 24 23 21 16 5 4 2 0 0 0 0 4 0 4 3 0 0 0 0 0 0 0 0 0 40 0 0 17 628 5455 0 1 0 5 0 0 5 12 10 8 6 4 1 0 4 3 2 1 0 0 0
0 0 2 6 12 0 0 105 2 0 1790 515 0 2 1 3 0 0 4 23 0 0 0 449645 0 0 1 0 0 0 1 3 7 8 13 41 66 0 0 16 2 1 0 1 62 0 0 0 0 0 0 0 0 0 0 1 3 1 3 1 0 0 0 0 0 20 29 32 34 38 0 0 15 0 6090 3 0 6 1 0 0 6 13 0 0 0 0 0 0 5 0 0 0 0 0 0
0 0 1 2 9 0 0 1 111 1760 23 0 513 1 0 0 0 0 1 21 2 0 0 29 449613 4 0 1 0 0 0 0 2 3 0 1 110 0 21 2 1 0 0 0 65 0 3 0 3 0 2 1 1 0 0 0 0 0 0 0 1 4 6 8 18 4 2 1 0 2 5 14 0 0 3 6103 7 0 2 0 1 7 14 1 1 1 1 1 1 6 1 2 1 1 1 1
0 0 0 2 8 0 0 1 1646 0 0 20 1 508 0 0 0 0 15 0 0 0 8 18 0 449606 449596 5 1 0 0 0 0 0 0 0 0 135 0 0 0 0 0 2 0 102 34 24 17 15 11 6 3 1 1 0 0 0 0 0 0 1 3 7 1 1 1 0 1 1 2 2 2 2 0 6108 6 4 0 1 0 10 15 2 4 3 0 5 2 7 2 5 0 2 2 2
2 0 0 0 2 0 0 0 1635 6 0 16 2 0 507 0 1 14 0 0 0 7 0 17 4 3 0 449588 449568 449558 3 0 0 0 0 0 0 136 0 0 0 0 117 114 109 0 3 1 0 1 0 0 3 2 3 1 0 2 0 0 0 0 0 1 0 0 0 0 0 0 0 1 1 1 1 0 6117 0 0 0 3 0 42 14 10 0 0 20 13 12 3 6 1 3 3 3
6 1 0 0 0 0 0 1633 0 4 0 0 14 1 2 502 498 1 8 0 2 1 14 1 3 2 17 0 8 1 449550 449547 449545 449542 449539 449536 449533 139 0 1 1 120 0 0 0 2 1 0 0 0 0 0 5 0 4 3 0 4 1 0 0 0 0 0 0 0 0 0 0 0 0 0 0 0 0 0 6121 1 0 0 705 699 654 649 644 641 23 0 0 0 0 0 474 464 9 0
0 0 0 0 0 3 1626 3 0 0 1 4 8 0 1 1 497 0 0 4 1 0 13 0 2 1 16 7 0 0 0 0 0 0 0 0 0 449390 449387 449384 124 0 0 0 0 0 0 0 0 0 0 10 1 0 5 4 1 5 2 2 1 0 1 0 1 1 1 1 1 1 1 0 0 0 0 0 6123 718 717 715 5 0 3 3 1 0 615 1 0 484 482 480 2 0 448 446
0 5 8 10 0 1620 0 0 0 0 1 1 7 0 0 0 495 0 3 0 0 0 12 0 1 0 15 3 2 0 1 3 0 1 0 0 0 0 1 0 449255 449252 449250 3 0 1 0 0 0 1 14 0 0 0 12 0 2 6 3 3 2 1 2 1 2 2 2 2 2 2 2 1 1 1 1 0 6846 2 0 1 1 1 2 2 0 7 0 603 593 100 1 0 0 0 0 0
0 0 0 0 18 1599 0 0 0 0 0 0 4 0 4 0 494 0 0 0 1 5 1 3 0 0 14 2 1 0 3 4 9 5 2 0 1 0 0 0 0 0 0 449243 3 0 0 1 8 12 28 0 2 13 0 0 3 7 8 0 3 2 3 2 3 3 3 3 3 3 3 4 0 2 0 6853 2 0 0 0 0 0 1 1 2 3 3 4 5 8 88 0 2 1 0 0
0 1 2 3 4 1597 9 8 4 3 1 1 1 0 1 462 0 29 1 0 0 0 0 2 0 9 2 1 0 0 0 13 14 33 1 0 3 0 0 0 0 0 401 0 448835 0 0 1 1 0 0 49 14 1 0 5 0 0 37 14 13 5 0 7 0 4 4 0 6895 6886 6881 6875 6868 6865 6860 3 0 0 3 2 1 0 0 0 1 2 2 3 4 3 3 87 74 1 0 0
