code/mhm/output/saxony_0p0625/mhm_setup/morph/facc.asc
ncols                1664
nrows                800
xllcorner            11.8125
yllcorner            50.125
cellsize             0.001953125
nodata_value         -9999
[rows 576 to 647 of 800, columns 1056 to 1151 of 1664]
18 17 16 3 9 0 0 0 4 0 1 26 0 0 0 0 0 0 0 0 3 2 2 1 0 3 1 0 2 2 2 2 1 0 0 0 0 0 0 1 2 0 1 1 2 9 5 1 0 2 2 2 1 2 1 0 0 0 1 4 13 3 5 19 2 1 1 3 0 1 3 6 8 0 1 2 3 2 3 4 0 1 1593981 0 0 38 34 28 24 23 1 0 0 1 3 17
16 11 8 11 2 8 1 0 3 0 7 10 6 0 0 0 0 0 1 2 0 0 0 0 0 0 1 0 1 1 1 1 0 0 1 0 0 0 1 1 5 0 3 0 0 13 6 2 1 3 3 3 2 3 2 2 0 0 0 0 5 14 10 23 0 0 2 6 1 0 2 11 9 0 2 5 10 16 17 18 24 25 138 1593838 2 1 2 4 2 7 10 7 1 0 1 0
1 1 1 7 10 1 5 0 2 2 3 9 2 1 1 1 0 1 0 1 0 0 0 0 0 1 0 0 0 0 0 0 0 0 1 4 1 1 3 2 6 0 1 5 1 0 24 2 0 0 4 8 3 7 0 3 1 1 0 1 1 6 15 35 1 0 1 5 7 3 3 22 0 0 0 0 0 0 1 102 109 110 0 1593833 0 0 1 3 1 6 1 1 2 0 0 0
0 0 0 6 6 2 0 3 1 1 2 8 1 0 1 4 8 11 0 0 3 44 1 1 0 2 0 0 0 0 0 0 0 1 0 1 7 10 16 21 10 0 1 2 6 3 25 4 1 0 0 15 0 12 1 4 2 2 1 0 4 0 23 36 2 1 0 0 7 17 22 27 1 1 1 0 88 92 99 3 1 0 3 1593831 0 0 0 2 0 4 0 0 0 1 0 0
21 16 0 5 0 4 1 2 0 0 1 7 0 0 0 1 12 15 28 32 34 5 47 1 0 3 2 1 0 1 0 1 1 1 2 0 1 2 0 0 34 0 1 2 3 15 26 7 1 0 0 0 17 1 13 2 8 3 2 1 5 1 24 37 0 5 1 0 0 0 2 30 63 68 77 86 2 2 2 2 0 1 2 6 1593818 0 0 0 0 0 2 1 0 0 0 0
1 1 14 1 2 1 1 0 1 0 6 1 3 5 7 9 1 0 1 0 4 0 7 50 1 7 0 2 1 2 1 2 0 4 3 0 0 0 0 1 35 0 1 2 3 0 43 10 1 1 0 0 0 18 2 14 12 0 4 8 11 20 25 38 1 6 2 1 0 0 0 2 1 1 5 7 1 1 1 1 0 1 1 0 1593815 1 0 0 0 0 0 0 0 5 1 0
0 0 13 0 0 0 0 0 0 5 0 0 0 0 0 0 0 1 2 3 0 1 2 11 65 21 11 10 6 3 2 6 8 14 19 21 23 24 26 28 67 0 2 5 13 14 16 80 7 4 1 1 3 4 27 28 57 1 2 3 4 5 27 93 96 108 3 5 2 0 0 0 0 0 4 6 0 0 0 0 0 0 0 1 1593812 1 1 2 1 1 2 14 7 0 0 1
0 1 3 8 3 1 0 0 4 0 3 4 13 15 17 19 21 23 24 25 0 0 0 1 66 22 0 0 0 0 0 0 0 0 0 0 0 0 0 0 0 68 0 0 0 0 0 81 0 0 0 0 0 0 0 0 58 0 0 0 1 2 11 12 13 109 9 2 1 0 0 1 0 1 3 5 3 0 0 2 4 6 8 10 16 1593790 5 0 0 0 0 15 0 0 0 0
0 0 0 2 0 0 0 1 0 0 0 7 0 0 0 0 0 0 5 6 33 35 37 0 70 23 2 0 1 1 1 1 1 0 2 0 2 0 1 1 2 0 69 1 1 1 1 1 83 1 1 1 1 1 1 1 59 1 1 2 4 7 1 3 4 140 0 0 0 0 3 0 0 0 0 0 0 0 0 0 0 0 0 1 2 0 1593782 1593779 1593775 3 0 17 0 1 1 1
0 0 0 0 0 0 0 0 0 0 2 6 0 0 0 1 2 3 0 15 18 23 26 65 141 142 170 1 2 2 4 2 0 0 1 3 1 4 0 2 5 0 1 70 2 4 0 2 2 86 2 2 2 2 2 62 0 2 0 0 0 0 0 0 0 1 141 0 2 1195 1204 2 0 0 0 0 0 0 0 0 0 0 0 0 0 0 0 1 0 1593768 1593765 1593762 1593740 7 2 0
4 2 0 0 0 1 1 2 0 0 0 0 0 0 2 6 8 10 13 1 1 1 1 0 3 0 1 173 176 189 10 1 0 0 1 2 4 7 1 0 9 1 435 508 512 6 0 3 0 3 87 3 3 3 6 64 0 4 0 0 0 0 0 0 0 1001 1145 1148 1190 0 0 1207 1217 1220 1233 1237 1248 1253 1257 1259 2 0 0 0 0 0 0 0 0 0 1 2 0 1593729 3 1
6 4 2 0 1 2 5 1 0 0 0 0 0 1 2 0 0 0 0 0 0 0 0 0 1 0 1 4 5 0 202 0 1 1 2 0 3 13 400 406 421 432 0 0 1 526 540 545 5 0 0 88 8 704 713 785 788 801 0 1 1 1 0 2 994 2 0 0 37 1 0 0 7 0 10 1 8 2 1 0 1263 1269 1272 1275 1277 2 0 0 0 0 0 0 0 0 1593722 9
0 0 0 0 2 9 0 2 1 1 1 1 0 1 0 0 0 0 0 0 0 0 0 0 1 0 1 0 1 2 123 333 336 339 0 362 376 382 0 3 3 3 2 0 4 5 4 0 554 564 576 667 689 0 0 5 0 4 804 808 976 982 985 989 0 0 0 0 34 0 0 1 4 4 4 0 7 1 0 0 0 0 0 0 0 1284 1286 2 0 0 0 0 0 0 0 1593711
0 0 0 0 4 10 4 3 0 4 0 2 1 0 2 2 1 0 2 1 1 1 0 1 2 0 0 0 0 0 118 4 4 12 356 7 0 1 2 2 2 2 1 0 2 4 3 3 2 1 9 0 18 1 0 3 1 1 1 0 164 2 0 1 0 0 1 24 3 4 2 0 3 3 3 3 2 0 2 3 7 8 0 0 0 0 0 1293 1296 1298 1300 1309 1312 1315 1593497 0
1 1 1 1 5 22 5 0 0 0 5 1 5 1 0 6 2 0 1 5 2 2 1 0 5 0 1 4 113 117 3 3 3 2 2 4 1 0 1 1 1 1 0 1 3 2 2 1 0 5 2 2 9 4 0 2 0 0 0 0 160 1 1 0 0 2 15 2 2 2 0 1 2 2 2 2 1 1 0 2 0 1 11 13 1 0 0 0 0 2 6 0 0 0 1592177 1
2 2 2 8 23 0 0 0 1 1 6 2 0 8 0 1 10 1 2 9 67 71 2 1 8 9 100 103 2 2 2 2 2 1 1 2 0 0 0 0 0 0 0 2 1 1 0 2 4 1 1 1 6 1 1 0 0 0 1 0 159 1 0 0 0 2 8 0 1 1 1 0 1 1 1 1 0 0 0 0 1 0 1 2 17 2 1 0 0 0 0 0 0 0 1592176 0
6 0 3 33 0 1 1 1 2 2 7 3 1 11 15 22 25 40 49 53 0 2 77 82 84 86 1 1 1 1 1 1 1 0 0 0 0 0 0 0 0 0 1 0 0 0 1 0 0 0 0 4 0 0 0 0 0 0 0 151 2 0 0 0 1 1 4 1 0 0 0 0 0 0 0 0 0 0 0 0 1 4 5 6 7 26 30 2 1 0 0 0 1 1592171 3 0
2 0 38 1 0 2 2 2 3 3 8 8 3 2 2 1 2 0 4 2 0 0 0 0 0 0 0 0 0 0 0 0 0 0 0 0 1 0 1 1 1 0 0 0 0 0 0 0 1 2 3 0 1 2 3 129 138 142 145 1 0 0 0 0 0 0 1 0 0 0 0 0 0 0 0 0 0 1 3 5 6 7 8 9 10 11 12 44 5 0 1 2 1592167 0 0 0
191 0 41 1 3 0 3 50 42 41 12 0 2 1 1 0 1 1 1 1 0 1 0 0 0 0 0 0 0 0 0 0 0 0 1 2 2 1 4 0 2 0 1 3 6 8 1 1 0 1 21 23 90 91 123 4 1 1 1 0 0 0 1 1 1 0 0 1 1 1 1 0 1 1 1 0 2 0 0 1 2 0 0 0 0 0 0 0 45 53 1592093 1592098 0 63 44 43
3 189 143 119 111 61 55 2 0 14 0 1 1 0 0 0 0 0 0 0 1 2 6 1 1 2 0 1 1 1 1 1 1 0 3 3 3 2 5 1 3 1 0 0 0 1 11 14 17 18 0 65 1 27 2 3 0 0 0 0 0 1 1 4 2 1 1 2 4 2 0 1 2 2 2 1 3 1 0 0 0 3 1 1 1 1 1 1 3 1592036 0 0 1 0 17 16
2 2 17 2 2 47 0 0 0 12 1 0 0 0 0 1 2 3 4 0 0 0 0 8 4 4 0 0 4 2 2 2 2 0 1 8 4 3 6 6 0 3 0 0 0 0 2 5 10 11 64 0 2 21 1 1 0 0 0 0 2 4 4 8 0 2 2 3 8 0 1 2 3 3 3 2 4 0 3 1 0 1 6 0 2 4 2 0 1 1592030 0 0 1 0 0 0
1 1 15 0 1 1 46 2 0 9 1 0 0 0 0 0 0 0 0 5 7 1 1 2 17 0 6 1 5 3 3 3 3 1 2 9 5 4 7 7 1 4 1 1 1 0 1 1 1 2 48 1 18 1 0 0 0 0 26 30 31 33 40 47 59 3 0 7 9 1 2 3 4 4 4 3 5 1 4 2 1 0 2 8 12 66 3 0 0 430 1591595 0 2 1 0 0
0 0 0 13 0 0 41 0 0 0 5 4 2 1 0 2 4 6 8 10 11 20 23 24 43 0 2 10 13 24 29 34 39 42 46 88 24 23 9 0 2 3 11 14 17 0 0 0 0 0 47 0 17 0 0 1 3 23 0 0 0 0 0 0 0 61 67 76 87 2 8 4 5 5 11 16 23 26 27 33 37 40 45 46 47 0 72 422 426 2 1 1591590 1591587 1591575 3 0
1 4 7 12 0 7 40 0 0 2 1 0 0 0 0 0 1 2 9 12 15 18 19 20 0 44 0 0 0 0 0 0 0 0 0 89 0 0 0 0 0 0 1 2 18 0 0 1 41 46 0 6 16 0 0 12 14 3 1 1 3 4 6 7 0 0 1 0 0 101 0 0 6 0 0 0 0 0 0 0 0 0 1 2 3 4 347 0 1 1 0 1 7 0 1591567 1591564
0 1 1 3 2 2 30 24 18 17 9 6 2 0 2 3 4 5 1 1 1 0 1 2 25 26 72 1 1 1 1 1 2 2 0 0 91 2 1 0 1 0 0 0 4 25 27 37 0 3 0 3 8 0 8 1 0 0 0 0 0 0 0 1 10 12 93 103 105 213 215 8 0 1 1 0 1 2 1 0 1 3 4 5 6 0 340 0 0 0 0 1 4 0 0 0
0 0 2 1 1 2 1 2 0 1 1 1 1 0 0 0 0 0 0 0 0 0 1 2 3 0 1 75 2 2 2 2 5 13 0 0 93 5 1 2 0 1 0 1 0 0 2 2 2 2 2 3 3 2 1 0 0 0 0 0 1 2 3 4 68 79 4 1 0 3 4 231 248 253 260 265 269 275 280 0 0 0 0 0 0 324 13 1 0 0 0 0 2 4 6 9
0 1 0 0 0 0 0 0 0 0 0 0 0 0 0 0 1 2 0 0 0 0 0 1 6 0 1 2 79 3 6 0 0 0 15 1 94 14 5 1 0 3 2 1 1 0 1 1 1 1 1 2 2 1 0 0 0 1 1 0 0 0 1 62 5 3 3 0 2 3 6 2 5 1 3 2 0 1 4 287 290 293 300 304 309 5 0 10 6 4 0 1 1 1 0 1
1 2 3 4 5 0 0 0 0 0 0 0 0 2 0 1 3 3 1 1 1 0 1 2 7 0 1 2 3 84 89 8 1 0 1 113 15 0 0 1 0 4 5 2 0 0 0 0 0 0 0 1 1 0 0 1 17 20 27 32 35 40 55 3 4 2 2 1 2 2 2 1 4 0 2 1 0 1 1 0 0 0 4 1 2 0 2 2 0 0 0 0 0 0 0 0
0 1 2 3 4 11 23 1 1 1 1 1 1 3 1 2 0 4 6 2 2 0 1 0 11 0 0 0 0 0 0 321 328 331 335 450 17 0 1 2 1 5 6 7 2 0 0 0 0 0 0 0 0 0 1 4 12 3 3 0 2 9 3 2 3 1 1 0 1 1 1 0 3 0 0 0 0 0 0 1 2 3 0 0 0 0 0 0 0 0 1 0 0 0 0 0
1 2 3 4 6 8 1 27 37 40 43 46 57 68 72 76 78 79 102 115 123 1 0 3 180 181 183 185 187 189 220 2 0 0 0 0 472 7 3 3 0 6 16 0 0 0 1 2 1 1 0 0 0 0 1 1 4 2 2 1 4 3 2 1 2 0 0 0 0 0 0 1 0 0 1 0 0 0 1 2 3 4 5 0 0 0 0 0 0 0 0 3 2183 2187 2192 2195
1 0 0 0 0 0 0 1 4 0 2 7 4 0 0 1 7 16 4 0 4 133 142 153 162 0 3 11 14 27 0 0 0 0 0 0 0 483 5 0 0 0 24 0 1 1 2 5 2 3 1 1 0 0 0 1 1 1 1 0 3 2 1 0 0 0 0 0 0 0 1 2 3 0 1 4 2 0 0 0 1 2 4 11 14 0 2 1873 1893 1907 2169 2177 0 1 2 0
3 2 1 1 0 0 0 0 0 0 0 2 2 0 0 4 6 0 3 3 3 1 3 9 7 1 6 1 3 7 0 2 7 8 25 0 0 0 527 2 0 0 1 26 2 5 26 19 15 10 9 5 3 1 0 0 0 0 0 0 1 1 0 0 1 2 0 1 3 1 0 0 4 0 0 1 7 11 2 0 0 0 0 0 0 16 1868 0 17 11 259 0 4 0 1 2
4 0 3 4 1 1 0 0 0 0 0 0 0 0 3 2 2 2 2 2 0 2 4 3 6 0 5 0 2 6 0 3 9 13 0 30 35 36 0 532 0 0 30 0 0 41 4 3 2 1 0 0 0 1 0 0 0 0 0 0 0 0 1 2 3 4 8 1 0 5 2 1 6 0 1 0 0 1 14 18 2 0 0 2 1843 1848 0 0 16 10 257 0 3 1 0 1
5 1 4 5 2 2 1 1 1 0 1 1 0 0 1 1 1 1 1 1 1 0 2 2 5 0 3 1 4 0 2 5 2 2 1 0 2 2 5 541 544 611 0 1 43 0 0 0 0 0 0 1 2 0 1 1 0 1 0 1 0 0 0 0 0 1 2 12 15 16 23 27 37 0 1 2 1 0 0 1 24 0 2 1838 0 0 1 11 3 3 5 256 242 0 0 0
29 37 41 47 54 6 2 2 2 3 2 0 1 0 0 0 0 0 0 0 0 0 0 1 4 2 0 1 1 1 1 2 1 1 0 1 1 1 0 0 0 32 612 659 1 0 1 1 1 1 3 3 1 2 2 1 0 2 0 1 2 1 2 0 1 0 1 2 3 4 5 6 45 0 2 5 9 2 1 0 0 26 1832 0 0 0 4 5 2 2 4 0 11 241 1 0
0 0 0 1 2 58 69 3 3 7 1 3 0 0 0 0 0 0 0 0 0 0 0 1 1 1 0 0 0 0 0 0 0 0 0 0 0 0 1 3 30 0 1 8 672 0 2 2 17 14 7 2 3 3 5 2 0 0 3 1 5 0 5 0 3 0 0 0 1 0 0 1 48 0 0 1 2 13 17 2 2 1802 0 0 0 3 3 0 1 1 3 2 4 2 238 63
2 0 0 0 1 2 3 83 0 10 4 0 0 1 1 1 1 1 1 1 1 1 0 0 0 0 0 1 2 3 0 0 0 0 0 0 0 0 0 0 25 0 4 0 4 679 686 18 0 0 0 0 8 6 0 0 0 0 1 4 2 7 6 0 5 0 1 1 0 2 1 0 49 0 2 0 1 2 3 25 1797 0 0 0 1 0 0 1 0 0 2 1 3 1 0 172
0 3 5 20 21 0 0 1 84 16 1 0 1 2 2 2 2 2 2 2 2 3 0 0 0 0 0 0 0 0 4 2 1 1 1 0 1 3 9 12 10 0 2 0 2 0 3 711 0 2 0 1 16 1 0 1 1 1 2 5 0 3 15 1 0 7 2 2 0 1 3 2 51 0 1 5 129 131 188 203 1 1563 3 0 0 0 0 0 0 0 0 0 2 0 1 169
9 11 12 0 1 24 26 27 115 37 17 16 14 11 7 3 3 7 11 15 19 30 5 2 1 1 2 4 6 8 10 16 20 28 2 1 2 3 0 0 9 0 0 0 0 0 0 18 732 738 0 2 25 5 4 2 2 6 3 6 8 13 30 33 34 36 48 52 54 57 58 63 119 120 121 122 0 55 0 12 0 0 1557 1554 1551 6 3 1 0 1 0 0 0 0 0 165
0 0 0 0 1 2 3 0 116 38 0 0 0 0 0 0 0 0 0 0 0 31 0 0 0 0 0 0 0 0 0 0 0 29 0 0 0 1 3 5 2 2 5 7 10 11 14 2 2 5 745 29 0 0 0 0 3 7 0 0 0 0 0 0 0 0 0 0 0 0 0 0 0 0 1 49 54 2 3 11 3 0 0 1 1 1540 0 0 0 2 0 0 0 1 3 164
1 1 0 1 0 0 0 4 123 39 1 2 1 1 0 1 0 3 1 1 1 32 2 0 1 0 1 1 3 2 1 0 1 31 1 1 0 0 0 0 1 1 1 0 1 1 1 1 0 0 0 796 798 2 0 1 4 8 1 1 1 1 0 2 0 2 10 13 15 17 19 32 41 42 46 1 1 1 1 0 1 0 0 0 0 5 1532 0 1 4 1 0 0 0 0 17
10 2 0 1 3 0 1 3 130 131 42 5 2 1 2 0 0 1 6 4 2 36 1 0 2 1 0 2 0 4 8 12 0 34 2 2 2 0 0 0 0 0 0 0 0 0 0 0 1 2 3 14 17 823 825 7 0 9 2 2 2 2 1 0 3 5 1 3 5 7 10 1 4 1 0 0 0 0 0 0 0 0 0 1 2 0 1488 40 13 12 4 2 0 0 2 13
3 15 21 22 25 4 1 0 0 0 133 52 2 3 1 0 0 0 0 8 8 39 0 1 3 2 0 1 3 1 0 0 13 1 38 3 4 1 1 0 0 0 0 0 0 0 0 0 1 11 13 16 1 0 1 838 841 853 857 6 0 3 3 0 0 0 0 0 0 0 0 0 3 0 0 0 0 0 0 0 0 1 3 0 0 0 1487 23 0 0 0 0 0 0 3 0
0 0 0 1 2 26 5 2 0 0 0 190 7 2 0 1 1 1 0 0 18 40 1 2 4 3 1 0 6 2 0 1 1 14 2 43 7 0 2 1 1 1 1 1 0 1 4 7 8 0 10 4 0 0 0 0 0 0 0 861 870 10 1 0 0 0 0 0 0 0 0 1 2 0 1 1 1 2 1 1 0 1 4 0 3 1480 5 0 21 18 12 2 0 0 0 1
0 0 0 0 1 5 27 6 4 0 1 0 193 12 2 0 2 2 1 0 20 41 2 3 5 4 2 1 7 3 1 2 0 17 3 44 9 3 0 2 2 2 2 2 1 0 0 1 3 9 1 1 0 1 2 3 0 0 0 0 0 884 1 0 1 1 1 1 0 2 0 0 1 2 4 7 10 13 19 2 1 2 0 6 1474 0 1 1 1 1 1 6 3 1 0 0
1 1 1 0 0 0 6 35 5 0 1 0 0 209 4 0 3 3 2 1 21 42 3 4 6 5 3 2 0 8 4 10 0 2 22 45 10 4 1 3 3 3 3 5 0 0 0 0 2 1 0 0 0 1 2 0 6 0 1 0 1 887 0 1 2 2 2 2 1 0 3 1 0 0 0 1 2 3 6 29 33 39 40 0 1465 0 0 0 0 0 0 0 0 0 2 1
4 2 2 1 1 1 0 7 50 51 3 0 0 0 217 6 0 4 6 0 0 22 43 4 12 6 4 3 1 9 0 0 11 0 3 23 46 16 2 4 4 4 4 7 1 0 0 0 0 0 0 0 0 0 0 4 12 0 1 5 892 0 0 2 3 3 3 3 2 1 0 4 3 0 0 0 0 1 0 0 0 0 0 1220 242 240 239 0 0 0 0 0 0 4 0 0
1 8 3 2 0 4 1 0 0 0 52 5 0 0 0 227 0 12 0 0 0 1 23 44 18 0 7 9 2 10 1 1 0 12 1 4 71 17 3 5 5 5 5 10 0 1 1 0 0 0 0 1 1 1 3 4 18 0 2 903 0 0 0 3 4 4 4 4 3 0 3 0 9 0 1 1 1 0 0 1 0 3 1173 3 0 0 0 236 126 124 122 118 0 5 2 3
0 2 13 3 1 5 2 2 0 0 1 53 7 0 0 230 0 14 2 0 0 1 2 27 96 98 0 18 0 3 13 2 1 13 2 5 72 18 4 6 6 6 6 11 1 2 2 2 0 0 1 3 6 11 13 14 34 44 45 950 0 0 1 4 5 5 5 5 4 1 0 4 11 0 1 2 2 2 4 0 2 1167 0 0 0 0 0 103 4 2 0 1 114 112 100 88
1 0 3 18 2 6 3 3 1 1 2 54 0 8 1 247 15 3 0 0 0 1 2 0 3 0 102 104 124 126 131 146 150 16 3 6 73 19 12 7 0 0 7 19 2 3 3 3 1 1 0 0 1 0 1 4 8 1 2 10 964 974 0 5 0 12 6 6 5 2 1 5 12 1 0 2 6 0 0 7 1161 3 0 0 10 12 102 0 0 0 0 0 0 4 7 80
5 1 4 19 3 7 4 4 2 2 3 0 57 265 255 3 0 0 5 1 1 6 0 0 0 0 0 0 1 2 0 0 1 153 171 177 185 74 116 0 1 9 20 0 0 7 0 8 2 2 1 0 0 0 0 0 2 0 1 4 0 4 977 985 1005 0 7 0 7 6 3 8 13 0 3 3 0 8 0 1149 4 0 0 4 3 6 17 61 60 58 4 0 2 0 6 0
0 6 15 36 41 50 5 5 3 8 9 4 330 0 0 0 0 0 1 8 9 0 0 0 0 0 0 0 0 0 3 1 0 0 0 0 1 189 190 311 325 0 21 1 1 8 1 9 0 3 5 7 1 0 0 0 0 0 0 2 1 1 1 0 3 1008 1019 1023 1035 1045 1052 1064 1091 1095 1103 1112 1117 1130 1135 7 0 3 3 2 0 4 16 1 0 51 1 0 1 1 1 1
1 0 0 2 4 5 63 0 0 0 0 11 343 0 0 0 0 0 3 9 11 0 2 1 0 0 2 0 1 1 5 2 1 0 1 0 0 0 0 0 2 330 354 364 0 9 2 10 5 0 0 0 9 13 1 0 0 0 0 0 0 0 0 0 1 1 1 1 2 1 1 1 11 1 2 3 2 2 2 2 2 2 2 1 3 1 5 5 0 49 0 0 0 0 0 0
0 0 0 0 0 0 6 66 0 0 0 0 6 346 0 1 1 1 4 10 12 1 3 2 1 1 3 1 2 2 6 3 2 3 0 1 1 0 0 0 0 0 0 3 366 378 383 395 403 1 0 0 0 0 14 18 22 24 0 0 0 0 0 0 0 0 0 0 0 0 0 0 10 0 1 2 1 1 1 1 1 1 1 0 2 0 2 1 4 4 43 41 39 37 1 0
20 1 2 0 0 1 3 80 1 1 3 4 0 10 359 364 0 2 5 11 0 16 21 3 6 2 7 10 26 11 0 4 8 18 4 0 2 8 2 1 0 0 1 0 0 0 0 0 5 414 418 0 2 0 0 0 0 0 27 31 1 3 0 0 1 2 3 4 5 6 7 8 9 0 0 0 0 0 0 0 0 0 0 0 0 0 0 0 3 3 0 0 0 0 33 1
225 5 0 0 0 0 0 81 0 0 0 0 0 0 0 12 388 392 411 0 0 0 22 0 7 0 0 0 27 0 0 0 0 19 0 0 0 9 0 0 0 0 0 0 0 0 1 2 0 1 2 423 427 2 0 0 0 1 3 37 0 4 0 0 0 0 0 0 0 0 0 0 0 0 0 0 0 0 0 0 0 0 0 0 0 0 0 1 2 2 1 0 1 3 30 23
0 235 237 2 0 1 1 82 1 0 3 5 7 8 9 0 8 1 4 418 1 1 24 0 8 0 2 1 28 1 1 1 1 20 1 1 1 10 1 2 0 2 0 1 1 0 0 0 0 0 0 0 0 434 2 0 0 0 0 0 38 40 47 1 0 1 2 4 6 0 2 1 1 1 1 1 1 2 0 0 1 2 1 1 1 1 0 0 0 0 0 0 0 0 0 0
0 0 1 245 3 0 85 2 0 0 0 0 1 3 5 7 0 0 0 0 425 427 431 459 469 4 0 0 2 31 34 2 23 0 0 2 4 11 2 3 1 4 2 0 2 1 1 1 0 0 0 0 1 0 444 2 0 1 0 0 0 0 0 49 53 57 60 63 66 77 86 94 103 109 115 120 127 135 136 144 147 5 0 2 2 2 1 1 1 1 1 1 0 0 0 0
0 0 1 1 252 260 347 4 0 1 0 0 0 0 0 1 3 4 0 1 0 0 0 0 0 473 480 4 0 0 0 35 27 2 0 0 10 11 31 2 0 8 0 1 3 2 2 2 1 1 1 0 0 0 0 446 3 0 1 1 1 1 0 0 0 1 1 1 2 2 3 3 3 2 2 1 3 3 3 0 1 158 161 166 171 176 180 184 190 194 201 1 1 0 2 0
0 0 0 1 1 1 2 360 362 3 1 0 0 0 0 0 0 0 6 0 0 0 1 2 0 0 0 482 6 3 0 79 42 11 2 0 0 2 4 40 1 9 1 2 4 3 3 3 2 2 2 1 1 0 0 0 452 4 0 2 2 2 2 0 0 0 0 0 1 1 2 2 2 1 1 0 2 2 2 0 0 0 0 0 0 0 0 0 2 0 2 206 211 0 3 1
0 0 0 0 0 1 1 1 2 369 377 1 0 1 0 0 1 3 4 7 2 0 0 0 3 0 0 0 580 89 82 1 1 2 0 0 0 0 0 0 46 48 62 69 75 80 85 4 3 7 3 2 2 1 0 0 453 6 0 3 27 23 16 14 11 9 1 0 0 0 1 1 1 0 0 1 1 1 1 6 9 10 0 0 0 0 0 0 0 0 0 0 2 216 222 228
1 0 0 0 0 0 0 1 2 0 3 385 389 1 0 0 0 1 2 8 17 21 2 0 5 0 3 583 0 0 0 0 0 0 0 0 0 0 0 0 0 0 0 2 1 3 6 100 103 104 115 124 132 137 138 597 7 0 4 28 0 0 0 0 0 0 6 4 2 0 0 0 0 0 0 0 0 0 0 2 1 2 47 50 52 1 1 0 0 0 0 0 0 0 0 2
2 2 1 0 0 0 0 0 0 0 0 0 2 395 2 0 0 0 0 0 0 2 26 30 38 39 628 0 0 0 0 0 0 0 0 2 1 1 1 0 0 0 0 0 0 0 1 1 1 1 0 2 0 1 1 1 610 613 648 1 1 1 1 0 0 1 0 0 0 0 0 3 10 11 15 17 18 0 1 0 0 0 32 1 3 62 66 1 0 2 0 0 0 1 0 0
133 3 2 2 1 0 0 0 0 0 0 0 0 0 399 404 2 0 2 0 0 0 0 2 5 6 9 641 644 1 0 1 1 1 0 1 10 15 18 1 1 1 0 0 0 0 0 0 0 0 0 0 0 0 0 0 0 0 2 655 661 0 3 1 2 5 4 3 2 1 1 2 2 1 0 1 3 24 26 28 30 31 0 0 0 2 0 67 3 3 2 0 0 0 2 0
1 137 146 5 1 0 0 1 2 0 2 4 5 0 0 0 420 7 1 0 0 0 0 0 0 0 0 0 2 650 3 2 2 0 1 2 0 0 0 23 27 28 34 37 39 43 44 45 0 0 0 0 0 0 0 0 0 0 0 0 1 662 10 3 10 3 2 1 0 0 0 1 1 0 0 0 0 0 0 0 0 1 0 0 0 0 1 3 76 0 8 2 0 0 1 6
0 0 0 148 157 1 3 3 0 0 0 1 2 10 12 13 0 434 3 1 0 0 1 0 0 0 0 0 0 0 651 15 3 0 0 0 0 0 0 0 0 0 0 0 1 0 0 1 51 56 59 62 65 68 71 73 75 76 77 0 0 666 24 12 0 0 0 0 0 0 0 0 0 0 1 2 3 0 0 0 0 0 2 2 0 0 0 0 0 77 0 13 1 1 0 371
0 0 0 0 0 158 6 5 0 1 0 0 0 0 0 1 3 1 442 3 0 0 1 3 1 1 0 1 0 673 18 0 0 0 0 0 1 3 0 0 0 0 0 0 0 0 1 2 0 0 0 0 0 0 0 0 0 0 0 78 0 802 25 0 0 2 1 1 1 0 1 0 0 0 0 0 1 4 1 1 1 2 3 3 1 5 1 1 1 0 78 0 16 0 4 374
1 1 0 2 1 159 7 6 1 2 2 0 0 0 0 0 0 0 0 446 452 3 0 4 2 2 1 0 3 675 0 0 0 0 0 2 2 4 1 1 1 1 2 1 0 0 0 0 1 4 6 9 10 15 16 19 34 37 39 40 133 0 807 836 3 2 2 2 1 0 2 1 1 1 1 0 0 3 9 12 15 18 44 45 50 6 0 0 4 0 80 1 0 17 399 0
2 2 1 3 2 160 15 2 0 3 3 5 3 1 1 0 0 0 0 0 20 480 487 0 3 0 3 2 3 685 0 0 1 1 1 3 3 9 2 2 2 2 3 2 1 2 2 0 0 1 0 1 1 1 1 1 9 0 4 7 4 1 0 2 846 853 0 3 2 1 5 2 0 2 2 1 0 0 0 0 1 2 17 0 1 53 62 1 5 1 0 81 2 1 455 54
0 6 2 7 0 161 16 25 20 19 8 0 1 1 5 10 11 16 18 19 0 0 4 494 501 0 0 4 0 687 0 1 2 2 6 0 0 0 10 6 3 7 24 19 15 4 0 0 0 0 0 0 0 0 0 5 2 0 2 1 3 0 0 0 1 2 858 866 0 2 9 1 0 3 3 2 1 1 0 2 3 13 0 0 0 0 0 66 73 3 0 0 82 5 459 1
21 0 11 231 209 208 45 1 0 1 0 0 0 0 0 0 0 0 0 0 1 2 0 0 26 530 534 542 549 550 1239 6 0 11 0 65 63 61 48 47 39 34 0 0 0 6 5 3 1 0 0 1 2 3 4 0 0 0 0 0 0 1 0 0 0 0 0 7 939 949 961 4 0 13 8 3 2 5 6 7 8 0 1 1 1 2 0 0 74 0 5 0 84 467 0 0
22 0 0 232 0 0 0 1 0 0 0 0 0 0 0 1 2 4 6 8 10 11 13 16 7 0 1 1 4 9 11 1260 13 0 106 39 34 33 26 25 20 12 0 0 0 0 0 0 0 0 0 1 3 0 1 0 0 0 1 3 4 0 0 0 0 1 3 1 62 5 0 969 14 0 0 0 0 0 0 0 0 0 0 4 1068 1074 1078 1081 1162 1165 1174 1 554 0 2 1
