code/mhm/catchment_custom/input/morph/aspect.asc
ncols                168
nrows                208
xllcorner            12.6875
yllcorner            50.59375
cellsize             0.001953125
nodata_value         -9999
[rows 0 to 44 of 208, columns 0 to 95 of 168]
225 220 326 18 11 355 341 318 308 288 63 61 55 77 90 313 310 330 356 19 19 1 351 31 26 16 24 11 349 5 33 7 345 359 31 47 44 39 54 82 84 323 296 225 253 263 259 259 304 259 222 223 259 324 309 287 280 255 229 227 245 265 281 279 203 194 191 187 194 180 351 336 341 104 124 135 144 136 124 100 336 325 302 277 290 315 352 78 81 63 61 37 329 326 344 0
270 270 276 329 355 348 357 357 348 344 9 35 46 52 34 321 304 322 351 21 20 9 2 10 10 8 15 7 355 22 33 6 0 10 26 39 46 53 58 54 28 5 33 30 274 275 267 260 244 174 190 228 253 298 327 328 345 351 354 347 321 306 274 176 167 184 190 192 206 206 198 195 183 139 107 104 106 77 67 356 308 326 342 335 321 334 15 39 19 21 41 43 0 252 255 296
275 281 262 262 295 308 104 135 186 203 206 26 42 40 23 321 296 299 330 10 10 8 3 9 12 14 23 14 17 40 37 26 45 105 133 140 131 100 63 35 16 16 43 49 271 273 288 309 348 19 21 274 245 219 213 230 234 270 316 349 338 212 182 164 159 206 242 267 288 305 -9999 201 196 158 69 49 12 10 28 5 318 312 336 336 302 312 24 41 21 36 73 79 27 317 308 315
208 196 199 216 213 185 160 167 190 188 187 201 225 38 15 317 291 281 284 116 141 162 177 170 167 167 153 150 144 144 145 145 148 149 151 154 154 145 121 17 9 18 43 53 295 269 279 297 341 1 13 4 301 271 271 263 240 228 226 195 175 169 300 341 347 353 345 329 326 343 18 10 346 344 358 21 4 3 23 6 339 323 340 343 297 281 90 94 110 109 98 66 342 332 335 351
353 214 219 216 203 195 183 270 296 296 341 246 247 305 344 319 300 284 210 146 140 151 170 170 172 173 167 168 162 160 159 145 135 131 132 30 22 13 344 349 359 12 40 53 22 284 270 260 274 325 23 37 344 319 331 333 339 245 208 206 225 288 317 322 330 348 351 345 344 354 23 10 353 342 345 14 4 0 9 359 353 350 7 3 321 315 74 95 110 104 65 350 336 332 337 5
10 0 352 356 266 274 307 334 352 349 5 11 306 297 312 320 315 210 151 142 120 95 78 71 36 32 56 42 34 36 33 55 61 47 3 340 358 0 348 354 2 15 46 59 33 305 254 239 242 242 120 77 320 260 245 189 164 176 195 232 235 223 225 232 239 253 291 319 340 2 14 2 353 342 342 7 1 357 0 353 358 5 23 22 344 354 63 86 90 65 355 326 336 338 345 14
2 358 6 38 332 288 288 293 325 341 28 45 309 294 299 310 348 113 119 131 97 48 14 9 2 5 16 11 12 24 30 51 60 43 344 316 335 353 346 12 23 34 68 76 55 331 198 233 241 244 210 83 65 246 230 175 157 190 214 232 236 236 234 238 242 241 239 250 276 338 12 0 351 334 331 357 0 352 344 341 355 26 53 51 353 21 76 84 78 23 304 294 311 327 349 30
348 351 20 63 350 288 293 297 315 341 23 21 331 315 315 335 16 59 68 16 1 9 358 1 1 11 45 66 96 104 97 73 56 26 344 318 276 186 178 160 161 144 114 98 10 4 22 309 249 240 200 164 183 289 293 350 14 343 335 328 315 321 334 308 270 254 258 268 273 273 90 135 198 208 191 176 180 194 207 218 246 35 48 38 18 57 84 64 25 353 331 313 315 331 358 15
225 284 3 35 5 319 311 288 240 234 324 347 332 329 331 342 16 39 29 0 356 21 25 36 90 127 130 140 146 151 162 147 96 49 326 45 146 163 170 175 180 164 139 47 334 4 33 47 255 241 204 211 276 300 295 310 349 343 338 343 334 333 351 352 329 316 304 291 239 182 172 173 176 177 176 177 187 210 227 250 270 330 45 37 23 29 26 11 3 350 342 336 320 300 315 5
186 227 258 14 12 341 194 195 206 196 210 236 262 267 251 191 151 137 135 333 63 98 110 135 156 151 139 141 140 145 165 176 157 172 188 158 144 155 167 178 184 179 250 317 324 14 68 67 318 319 333 333 321 225 189 214 215 223 250 273 293 294 324 338 329 331 327 323 150 159 169 176 178 182 197 247 310 302 295 281 212 177 169 169 180 38 23 18 14 327 201 170 180 189 190 188
213 231 216 207 175 139 146 181 198 176 190 210 210 206 195 165 160 171 188 199 203 45 45 69 78 75 76 72 71 78 103 180 3 29 83 125 128 142 162 221 280 291 290 289 289 41 74 67 280 278 295 164 157 170 186 209 205 203 222 218 211 197 195 213 232 222 175 164 147 143 161 191 204 255 291 309 315 255 214 186 166 166 176 183 189 186 178 171 172 177 172 166 180 206 215 235
248 243 238 248 203 117 113 152 190 166 178 200 207 211 190 155 151 175 209 239 268 341 90 103 118 118 94 80 78 78 47 340 343 29 61 97 108 106 329 340 350 340 279 245 231 161 88 51 338 255 190 155 137 158 203 231 227 228 231 198 193 201 219 213 197 178 170 178 167 139 135 297 319 315 275 198 180 183 189 178 155 155 180 193 192 190 185 180 174 191 270 30 11 263 273 302
290 307 317 311 126 123 119 124 158 147 149 202 231 212 172 160 160 246 294 301 309 112 127 129 150 157 135 30 38 25 5 353 4 75 91 93 91 294 292 318 348 23 306 273 264 135 120 356 351 7 20 57 84 96 244 244 219 212 217 205 225 237 234 184 167 165 171 197 195 206 321 293 244 196 188 173 176 190 193 180 160 162 251 301 326 337 348 351 355 349 349 13 25 336 263 253
283 295 296 147 140 149 155 153 166 164 147 209 234 185 155 175 245 298 303 300 151 135 143 147 161 176 230 304 38 21 12 41 78 90 82 71 61 13 257 264 345 74 315 289 307 45 36 309 305 24 50 85 99 97 259 250 227 235 270 307 335 338 248 178 102 19 349 345 337 243 222 199 186 180 190 188 315 293 302 3 40 336 288 270 271 285 315 335 348 351 356 29 32 18 306 221
268 270 276 99 106 120 125 78 56 62 90 191 207 180 152 209 249 245 232 189 157 147 148 154 167 193 219 203 172 175 135 110 114 121 104 76 75 88 249 243 180 164 258 262 267 353 8 345 320 101 107 99 79 52 344 260 240 255 271 281 299 350 343 351 355 353 350 11 26 337 332 15 0 306 316 335 346 344 347 2 11 2 353 338 291 225 213 225 222 213 284 25 27 27 26 3
315 308 338 45 49 24 2 16 15 18 36 36 71 168 154 212 214 192 191 177 166 165 159 151 166 213 221 191 194 201 160 136 125 122 135 141 130 123 263 255 210 251 268 254 254 275 336 356 0 39 58 52 41 25 12 354 212 222 236 239 261 308 330 342 344 352 5 24 8 351 3 17 10 332 302 303 319 326 336 3 13 4 3 4 7 22 233 238 227 221 257 322 27 30 21 9
340 327 338 68 47 18 22 79 108 106 87 72 70 77 5 323 344 135 174 173 168 175 172 171 182 218 217 203 226 196 160 157 150 138 137 145 151 311 304 289 301 317 315 316 276 248 247 306 350 25 46 41 23 10 10 18 11 352 262 253 279 320 335 334 336 355 19 13 351 352 18 33 19 352 310 267 254 262 284 338 358 0 8 20 30 39 9 315 318 322 300 315 355 11 8 5
45 163 162 160 166 163 155 150 164 165 155 158 137 29 327 331 18 48 42 26 25 57 122 187 191 198 211 213 199 170 161 170 157 132 128 136 301 318 327 320 331 335 328 347 353 312 251 256 279 32 49 28 2 3 15 26 14 14 10 251 248 270 328 325 320 350 12 1 350 7 45 47 18 350 355 358 270 261 279 310 336 3 50 74 65 38 354 328 338 341 327 331 343 3 15 33
155 158 152 159 171 166 159 156 166 164 129 342 352 350 319 300 84 63 25 11 22 31 16 19 37 154 192 192 178 168 168 185 177 106 96 310 295 311 333 334 342 345 333 350 12 8 340 283 244 240 32 13 354 13 45 48 21 15 37 77 240 244 230 240 254 281 337 352 5 38 47 22 1 341 0 33 1 291 272 268 288 15 59 49 17 1 349 336 344 344 329 327 337 16 52 75
156 160 146 153 172 171 165 135 350 350 342 344 1 30 212 198 144 57 1 23 52 43 31 69 81 73 62 348 79 86 95 205 187 126 101 280 281 290 309 316 326 325 281 194 138 11 337 337 322 299 335 359 5 43 61 45 13 12 68 87 249 247 220 216 221 223 235 243 54 33 8 358 356 345 12 43 8 338 319 300 308 351 17 8 359 357 358 349 349 349 340 335 341 39 64 59
106 83 90 100 148 225 304 340 347 332 300 225 131 139 167 182 177 184 191 163 137 138 143 137 145 225 338 352 6 20 23 32 70 88 76 287 268 265 257 225 187 185 184 178 183 204 228 250 293 298 306 333 17 45 40 21 3 9 56 75 249 248 234 228 221 221 225 214 189 200 274 309 345 0 39 30 0 352 348 334 333 346 1 358 357 7 10 352 349 341 340 351 0 39 57 35
2 15 38 37 26 335 299 334 20 288 237 153 96 86 83 131 155 178 186 171 163 162 128 72 16 323 303 321 20 51 48 36 27 35 57 324 256 240 221 190 173 184 187 202 251 271 257 253 277 303 313 326 7 26 24 7 358 5 43 63 54 252 241 226 214 215 216 207 196 202 219 220 200 185 315 357 346 354 341 309 296 255 213 194 191 116 15 349 351 308 305 334 2 32 27 4
293 29 51 51 42 9 282 280 40 8 320 343 48 56 47 56 79 119 172 162 167 249 356 13 8 333 285 272 77 78 51 26 43 74 89 110 252 238 225 197 164 207 246 278 295 311 304 282 285 297 309 315 334 20 30 3 352 24 73 82 83 259 248 235 225 227 230 223 219 232 244 249 240 248 273 294 299 45 225 229 200 184 188 180 186 209 251 315 0 296 270 275 332 40 17 353
275 101 106 66 27 17 344 326 16 8 0 161 131 129 140 127 99 45 17 31 18 281 294 353 5 353 326 319 24 45 22 26 64 66 54 27 296 235 218 195 177 202 236 261 262 233 244 270 274 276 289 302 305 66 100 163 196 111 87 86 81 286 294 309 313 303 291 292 295 291 289 283 258 220 210 195 187 175 183 194 192 184 198 218 294 307 303 310 351 323 296 276 284 77 78 288
210 173 123 230 327 9 8 0 0 3 28 76 98 62 36 43 12 2 13 27 25 339 271 278 333 345 330 338 19 27 8 18 38 30 23 19 6 354 328 -9999 157 198 225 227 217 223 259 276 275 272 275 292 312 87 113 161 182 171 112 82 63 291 280 308 330 325 318 320 328 327 316 299 183 173 174 183 185 187 195 209 221 232 278 298 315 329 335 321 315 246 235 245 251 49 6 321
242 243 93 228 247 248 40 4 355 18 56 53 23 359 13 20 7 18 52 51 41 40 210 239 236 255 286 327 17 14 358 10 30 21 18 17 4 2 0 10 11 2 339 233 206 231 259 275 272 266 268 279 284 102 98 90 0 108 91 63 48 1 256 250 263 284 290 291 292 203 190 184 174 166 153 209 266 294 312 327 338 341 332 301 272 241 180 172 176 189 203 218 231 243 337 311
352 343 45 356 283 180 172 186 185 165 150 152 322 340 39 57 69 86 62 36 51 62 24 303 296 280 274 291 344 357 356 4 24 19 18 23 25 52 0 2 3 4 9 39 113 260 279 307 317 310 301 282 108 80 49 14 2 21 47 43 56 64 247 234 217 222 222 218 180 172 198 225 225 326 336 341 59 166 217 254 328 9 151 186 199 197 181 175 180 225 255 249 239 225 195 181
18 16 19 6 71 135 162 184 184 172 173 196 215 209 135 75 53 28 9 13 33 42 12 320 328 318 291 287 299 325 355 25 53 74 114 135 149 168 205 243 261 135 91 84 57 283 287 301 316 298 240 234 208 62 43 50 94 92 73 56 62 61 31 226 199 196 196 190 172 180 203 203 190 196 232 257 115 143 206 228 226 135 135 173 216 234 237 278 315 251 216 205 208 202 185 174
128 160 184 163 138 132 146 173 180 172 187 216 221 225 247 14 15 14 19 38 58 51 13 326 330 322 295 291 292 295 90 117 130 145 152 143 85 45 275 226 178 178 171 140 318 286 269 234 207 192 230 248 248 98 75 78 76 63 58 41 30 34 26 6 357 335 204 180 170 191 199 193 188 194 209 186 137 124 220 239 229 163 149 211 274 285 288 194 174 169 171 185 196 194 182 174
125 128 162 149 138 138 151 159 170 176 226 261 268 259 250 241 0 56 71 85 81 27 356 344 351 347 324 315 316 341 135 128 124 136 259 336 3 10 0 32 100 192 309 349 324 308 297 269 246 243 255 236 206 183 147 93 56 25 33 17 2 20 27 14 2 5 13 22 12 340 351 3 260 237 239 203 77 56 355 255 239 174 210 291 298 288 288 116 143 150 128 161 194 199 196 194
135 84 116 120 111 112 135 154 168 198 253 264 237 208 207 200 202 206 52 46 11 347 348 349 355 356 346 338 352 90 123 127 115 121 270 283 338 14 21 40 28 351 343 348 327 303 313 306 186 186 195 191 189 187 183 174 170 174 184 292 338 27 54 45 4 8 29 27 11 352 352 6 4 346 321 327 36 84 115 251 238 188 221 241 242 216 172 153 163 179 165 153 178 219 241 230
186 131 142 147 139 122 121 139 164 200 218 209 192 197 216 233 258 284 357 18 356 339 335 330 340 345 340 0 102 126 145 152 127 22 287 264 248 144 107 77 27 352 325 338 333 244 198 185 167 168 190 190 193 192 192 189 179 179 199 225 222 135 64 49 11 354 32 39 31 34 299 302 352 356 335 171 152 132 141 240 222 183 194 202 196 186 172 169 174 187 185 176 225 278 280 315
169 141 144 155 161 152 141 142 160 193 201 195 201 225 252 274 290 293 300 123 194 174 178 184 180 180 178 179 155 137 138 332 338 350 345 333 325 56 54 26 8 15 347 288 348 1 0 243 0 355 0 356 308 286 279 285 351 59 250 252 254 300 9 16 10 13 35 50 50 55 16 281 279 18 74 82 72 49 12 317 297 2 127 197 209 201 168 176 220 280 296 326 328 316 291 135
167 148 146 157 164 163 151 83 358 358 350 342 296 270 275 286 285 209 154 164 177 177 172 171 175 182 182 183 166 86 343 341 340 346 353 8 13 0 9 15 12 27 18 326 338 3 354 358 2 354 4 0 350 348 343 350 1 17 357 267 250 241 256 338 12 28 30 29 33 43 19 315 319 348 17 28 21 18 7 344 334 358 38 20 305 308 346 345 346 349 335 327 288 191 183 177
154 154 144 59 21 9 358 340 346 357 349 348 356 339 253 229 212 155 149 163 172 172 166 160 170 212 275 336 352 336 326 329 328 294 153 104 19 344 2 18 10 13 8 346 348 355 340 356 14 7 1 352 350 353 353 10 19 33 49 237 225 219 225 237 279 31 36 43 62 57 3 335 341 347 5 31 38 43 25 357 212 181 120 343 308 321 328 312 246 178 173 175 174 174 179 182
146 181 312 336 358 3 3 344 341 347 331 331 355 30 88 196 192 163 157 328 5 16 10 6 0 345 315 317 337 330 294 206 173 173 178 187 225 263 318 357 0 5 2 356 357 356 344 357 23 12 357 347 353 9 29 65 66 57 65 4 318 318 311 298 294 37 86 98 92 54 331 325 340 347 18 58 55 32 14 21 35 87 118 244 257 226 175 175 180 177 171 169 169 178 239 294
192 308 320 322 344 7 11 348 347 348 333 313 304 55 55 47 202 243 307 315 357 9 359 359 0 3 353 245 220 209 160 170 172 178 208 237 235 219 219 247 294 343 350 12 2 357 20 8 0 5 355 350 21 71 77 53 26 23 43 348 316 322 322 309 286 23 62 55 40 30 322 289 317 344 21 43 22 3 3 16 29 52 83 201 215 194 173 176 190 229 317 350 356 352 340 335
290 302 322 326 335 5 9 347 349 351 354 2 329 45 46 23 12 346 291 248 211 204 253 303 16 27 31 57 190 193 158 160 175 197 218 208 193 192 204 215 200 196 204 175 177 175 138 258 288 90 270 348 53 47 15 5 5 13 31 20 255 231 220 225 250 303 24 29 30 40 356 307 327 345 10 33 14 353 358 20 45 71 82 86 225 219 254 317 343 343 333 341 351 0 351 337
282 282 297 307 315 1 12 340 344 353 22 45 353 29 33 22 39 30 259 222 202 199 204 209 198 165 121 94 106 178 164 119 95 198 211 197 190 198 222 228 199 204 223 215 175 165 192 251 203 159 209 248 36 26 349 355 5 30 56 67 149 232 234 259 277 286 336 39 58 66 354 298 320 338 11 45 21 338 351 40 68 80 82 67 348 270 276 291 322 335 318 323 339 7 3 350
278 278 282 286 288 135 150 217 218 204 60 36 0 6 10 30 55 36 353 324 308 302 289 279 284 18 77 85 78 19 335 0 22 1 346 341 321 281 243 224 195 205 219 208 185 188 243 229 164 170 221 246 281 23 293 180 155 111 91 85 55 298 299 301 308 315 329 90 96 90 323 279 284 299 14 45 6 340 0 70 90 89 78 42 17 285 264 271 292 315 301 307 323 6 10 6
273 264 236 225 196 161 176 214 211 209 234 355 350 350 357 17 22 10 8 1 341 339 336 330 344 4 43 61 41 2 344 358 2 356 0 1 353 354 340 250 202 197 208 203 197 210 218 185 175 207 254 267 279 45 135 151 165 160 130 53 0 339 324 317 324 338 39 94 85 42 352 312 305 310 338 2 1 14 102 124 114 90 50 13 24 33 273 286 323 345 329 330 345 10 18 66
254 247 215 217 189 159 202 234 211 201 205 197 209 239 291 0 7 0 8 2 349 348 348 348 354 9 33 39 22 2 351 348 355 5 7 4 354 351 358 2 0 4 343 270 239 229 211 191 199 227 229 220 205 184 139 119 143 155 255 325 347 355 345 331 334 0 42 40 10 357 0 357 353 345 342 4 63 118 130 116 65 29 5 5 34 44 294 287 301 345 214 219 172 151 166 162
310 302 324 329 352 14 344 309 310 284 239 225 232 236 239 255 312 337 359 0 348 343 344 354 2 19 40 34 14 356 350 351 2 22 24 10 339 332 347 8 8 7 14 5 310 230 215 205 203 206 200 200 206 210 186 64 36 14 316 304 330 357 2 353 356 10 6 354 349 355 5 8 2 1 27 111 130 115 4 356 4 5 2 15 48 40 304 254 194 175 178 193 177 157 165 163
337 328 330 333 351 11 2 347 352 358 352 351 347 334 301 239 226 219 202 184 208 236 244 281 0 15 31 17 0 348 345 0 22 34 38 24 316 300 315 1 7 8 21 22 17 0 318 315 296 239 231 227 231 233 235 45 25 11 303 291 306 348 17 12 18 9 333 329 342 8 30 38 22 39 72 79 74 354 321 335 355 12 22 28 26 13 358 344 350 356 5 4 102 90 22 8
321 308 308 308 331 28 7 338 347 355 344 346 353 0 17 346 279 272 278 322 309 274 264 273 306 350 358 355 348 340 342 17 39 32 32 30 354 256 254 288 355 6 13 18 23 15 348 349 14 344 315 322 276 249 251 243 120 315 298 293 290 288 93 81 15 340 317 306 324 87 94 83 45 39 47 40 28 343 310 307 333 14 21 16 6 1 12 8 357 357 3 12 12 9 0 1
