code/mhm/catchment_custom/input/morph/aspect.asc
ncols                168
nrows                208
xllcorner            12.6875
yllcorner            50.59375
cellsize             0.001953125
nodata_value         -9999
[rows 45 to 89 of 208, columns 0 to 95 of 168]
259 290 297 279 168 156 193 230 216 214 266 297 332 10 27 359 340 342 346 354 357 346 341 343 346 336 319 327 334 335 347 50 53 33 32 32 20 355 290 266 299 334 340 8 24 19 359 5 33 4 317 339 0 311 273 275 59 293 285 274 233 183 162 168 302 311 304 280 164 118 72 36 15 20 41 36 11 346 330 322 329 356 16 24 22 16 30 14 358 9 32 47 46 47 45 68
242 237 223 181 156 165 213 241 239 278 291 298 315 8 15 350 333 329 330 345 357 351 352 0 1 350 336 330 334 356 63 75 51 28 29 26 22 22 358 291 313 333 329 352 10 10 3 14 29 13 337 341 21 3 287 297 356 296 250 221 191 182 183 192 220 242 238 201 161 135 32 21 15 19 28 8 352 345 338 336 341 353 22 43 41 25 13 29 56 101 109 115 102 104 125 150
282 218 202 190 112 0 297 296 324 332 307 268 227 184 159 182 202 209 226 244 273 307 332 358 2 351 332 312 329 22 15 13 10 17 28 32 45 46 26 305 311 325 317 340 3 9 8 23 36 26 3 18 71 15 305 303 336 348 240 207 185 185 189 198 217 217 203 193 187 194 242 330 358 3 6 358 350 346 338 335 348 28 68 64 52 42 59 90 101 71 35 22 33 36 45 22
8 25 263 280 356 350 318 300 295 248 193 181 189 180 171 181 200 205 207 208 206 210 203 192 183 181 195 220 239 324 350 8 25 60 90 110 116 96 0 307 309 308 290 300 4 47 61 73 70 55 43 58 49 339 315 315 336 5 5 12 135 191 253 293 306 302 282 244 221 235 263 294 336 351 358 5 1 4 341 186 165 160 158 139 120 103 74 47 17 1 2 17 28 31 43 34
20 33 7 284 237 263 263 250 228 190 147 139 188 174 149 225 239 228 230 239 242 227 203 198 191 188 218 248 261 278 298 80 104 117 117 113 102 330 330 329 339 338 315 316 50 100 113 106 79 47 35 32 20 348 323 325 341 10 50 66 36 331 321 324 333 343 352 0 356 342 298 274 274 281 293 78 106 132 153 167 167 163 167 156 146 154 153 104 33 348 116 101 93 97 91 64
2 13 16 11 340 318 285 285 318 351 1 12 359 350 1 3 358 309 309 327 328 329 340 325 329 334 321 313 300 289 225 129 124 127 130 115 335 316 316 321 341 341 327 343 29 47 43 37 29 29 30 27 22 0 332 327 341 56 71 66 341 315 318 327 335 339 353 12 9 6 341 277 239 199 186 157 148 132 117 130 153 156 143 143 151 166 179 176 176 177 176 167 148 138 98 12
349 2 16 18 9 3 348 317 326 346 353 11 351 341 0 21 35 315 293 315 333 339 350 351 351 345 333 331 333 349 81 113 110 91 56 16 304 272 253 239 215 220 247 258 68 64 51 47 56 71 71 53 33 9 354 0 2 20 37 24 326 305 300 305 317 320 349 47 48 30 346 325 333 352 63 111 120 23 30 29 30 39 102 116 120 118 142 148 165 176 180 171 131 11 340 348
303 345 20 24 18 5 357 336 333 344 347 0 350 345 6 41 50 333 271 278 315 329 343 351 355 350 338 334 346 15 41 50 30 14 12 18 347 242 225 224 207 209 223 201 168 142 109 101 100 88 64 41 21 8 10 20 24 52 33 355 315 276 257 240 206 192 186 171 159 328 332 344 3 23 80 98 149 215 98 45 39 45 63 47 13 10 22 26 7 358 4 8 6 339 326 338
238 270 334 2 7 2 2 348 338 334 322 340 351 1 34 59 55 17 292 295 311 300 286 306 338 343 331 331 345 22 35 26 10 9 24 36 16 346 293 233 205 206 217 200 186 181 135 87 51 34 26 25 24 45 105 129 142 108 327 337 347 294 236 211 186 190 210 249 318 326 332 35 105 122 108 86 29 0 315 357 16 21 28 17 8 19 30 10 357 0 8 10 359 344 342 305
274 288 304 335 1 10 18 6 333 278 271 281 330 57 82 82 78 40 289 286 276 215 230 258 279 299 294 306 338 50 55 40 20 40 66 60 11 4 32 233 209 225 237 231 231 230 149 77 23 38 56 64 76 98 116 126 101 296 292 309 5 30 225 208 195 231 268 287 307 320 21 98 106 100 85 24 16 12 321 334 0 21 37 34 47 70 49 347 345 5 21 22 354 345 61 129
288 278 280 305 352 14 23 15 0 341 289 272 248 100 90 77 71 69 243 221 193 203 240 255 235 216 226 214 199 171 71 63 73 87 78 63 45 116 106 0 307 285 277 270 254 241 225 81 116 113 110 120 106 83 49 12 16 320 304 315 5 36 17 336 334 315 284 266 250 213 146 126 114 71 49 7 26 15 300 297 338 58 75 90 93 60 354 344 353 9 19 14 358 9 79 113
284 281 290 313 345 3 10 7 1 0 332 297 315 92 91 79 69 77 191 204 197 207 219 232 222 213 234 232 231 225 113 86 90 94 85 66 49 55 55 338 315 281 267 255 251 251 263 18 63 92 95 71 23 28 13 11 10 321 309 322 3 25 7 343 342 341 327 299 279 300 81 104 116 8 357 6 12 4 335 317 348 48 59 55 33 357 343 357 7 15 26 16 18 82 106 122
328 310 293 293 320 349 1 5 1 1 353 346 27 81 95 108 94 53 15 347 333 308 232 245 268 319 315 330 326 189 162 151 126 78 52 26 16 23 10 349 354 339 315 310 312 325 337 357 30 32 23 6 3 19 26 28 10 298 266 236 225 352 349 335 333 338 346 342 324 352 40 32 4 342 335 3 13 12 358 329 45 74 61 38 10 349 337 61 108 125 138 164 172 152 129 127
348 348 330 312 323 340 349 359 0 0 3 17 54 73 68 29 355 357 357 354 358 10 22 270 258 255 267 251 135 147 158 171 183 175 4 1 15 22 339 339 355 358 356 356 349 346 355 6 15 13 14 24 41 71 66 20 358 330 287 299 328 333 338 335 329 332 345 349 328 8 57 22 358 348 332 7 34 28 21 26 94 130 137 150 167 178 178 156 151 119 113 140 165 160 140 105
348 0 356 337 335 341 347 0 3 19 62 75 60 45 17 352 339 347 353 352 4 22 38 345 226 198 203 192 172 150 156 180 201 217 243 291 39 355 310 317 344 359 3 7 359 348 357 12 19 20 28 46 49 50 45 347 345 351 320 320 334 337 342 345 337 335 347 359 353 48 43 5 357 359 354 38 59 37 45 87 125 141 141 156 167 175 187 195 194 80 81 89 115 137 108 343
324 19 39 270 244 229 212 180 45 63 59 21 12 8 358 347 326 330 338 334 1 26 38 33 15 270 201 198 183 163 168 218 274 298 305 322 17 341 278 275 275 296 74 99 159 288 337 21 31 29 28 33 28 24 18 351 347 352 316 310 324 330 336 4 218 251 295 17 27 13 5 4 3 14 45 82 102 118 115 108 116 130 120 90 85 125 201 208 189 157 126 100 48 15 341 341
189 170 172 194 209 209 201 212 234 33 12 350 349 351 353 356 341 331 315 305 335 27 40 38 18 8 14 2 8 63 315 281 297 318 329 337 19 25 264 246 210 188 184 104 21 274 275 65 59 42 34 32 25 15 5 355 354 359 335 304 294 290 277 109 157 251 256 26 12 357 12 56 102 115 105 103 86 56 56 69 68 35 8 14 28 38 40 180 177 159 138 59 353 358 352 21
186 180 198 232 246 225 187 203 203 199 264 313 331 342 352 2 0 353 339 321 315 57 67 57 27 11 24 17 17 24 8 313 297 315 331 344 22 30 312 255 209 192 218 270 353 272 215 164 144 129 66 28 15 2 353 355 359 5 354 325 305 276 248 47 0 310 283 208 225 195 125 109 101 75 68 45 20 25 47 68 52 358 353 13 30 36 22 18 17 22 16 338 332 349 12 40
198 203 233 236 210 188 183 204 206 205 234 253 271 293 319 345 355 346 346 352 10 87 109 109 115 124 98 53 16 11 10 352 284 276 303 340 15 12 353 344 351 5 243 210 188 193 195 175 173 186 315 349 358 347 343 0 6 12 356 337 345 351 341 344 326 297 216 180 194 189 155 93 33 32 54 53 63 90 97 94 81 270 218 123 72 56 36 29 19 15 13 349 296 180 147 137
240 228 239 213 182 181 195 210 202 194 205 209 207 199 204 209 198 240 282 2 42 73 89 101 129 161 355 351 351 357 16 36 292 268 288 331 354 357 356 0 3 13 19 4 11 257 257 303 319 325 320 324 343 330 325 16 20 16 342 312 336 7 0 344 294 198 161 168 197 220 194 145 166 161 142 140 145 145 117 97 108 157 169 167 167 160 165 172 173 168 162 165 169 172 173 176
39 241 226 203 196 230 270 272 295 333 296 213 205 205 211 204 195 217 223 205 124 81 74 65 36 334 331 344 352 5 39 57 9 281 286 312 338 356 3 4 4 19 34 30 20 349 326 328 323 332 321 305 322 328 334 2 9 5 350 320 322 6 39 123 160 167 162 164 202 219 184 155 167 167 158 160 162 172 145 90 88 112 136 146 154 143 152 170 176 173 166 152 148 167 187 191
43 24 308 254 277 309 324 321 338 353 1 18 349 299 263 235 228 239 233 213 181 126 97 74 29 310 281 286 335 18 37 41 24 284 244 218 195 183 181 183 180 154 137 140 145 198 243 270 296 332 338 277 262 273 293 333 0 2 357 334 315 119 129 135 143 157 159 159 191 202 183 162 166 164 156 170 187 225 281 57 60 53 33 13 11 23 28 26 16 14 15 38 48 7 350 30
40 16 0 349 324 275 280 294 318 347 8 38 1 329 325 292 268 257 251 234 203 117 71 32 7 350 268 252 281 346 16 28 23 8 235 196 188 185 187 187 183 170 163 178 176 183 233 264 271 255 141 205 231 257 289 333 23 135 161 180 175 150 132 125 124 141 144 151 174 193 191 163 164 162 153 191 239 242 196 156 100 42 13 8 27 45 40 36 23 23 27 34 39 2 16 58
25 1 353 9 4 321 315 318 332 353 8 26 4 345 348 315 263 254 255 256 273 353 3 0 358 11 5 305 306 335 5 22 21 24 29 20 3 239 255 275 309 349 349 353 20 11 297 295 275 176 149 210 255 260 252 195 145 161 165 170 167 163 151 146 143 150 137 122 122 171 191 167 162 161 161 251 252 181 173 182 175 164 169 167 161 159 137 102 69 41 33 24 49 63 54 27
14 3 4 43 352 310 315 327 342 357 0 6 2 1 7 357 344 332 313 305 302 304 321 337 350 18 28 308 268 275 351 22 24 35 39 27 15 355 336 340 352 351 354 6 16 13 330 308 339 45 45 306 251 227 212 176 162 168 169 165 160 165 161 155 114 33 24 27 38 75 142 164 163 161 200 227 186 165 171 186 176 166 166 167 171 180 174 165 168 15 24 30 38 24 352 346
16 26 49 72 300 276 273 271 270 300 315 339 357 12 34 356 326 340 336 326 320 280 276 289 321 34 60 68 247 244 239 18 53 63 66 65 38 328 315 325 347 344 352 18 30 32 2 299 344 26 15 45 244 252 260 122 141 171 172 138 132 153 170 281 333 357 18 51 75 84 86 102 135 161 209 186 163 158 169 181 167 159 154 149 166 180 188 219 236 251 45 60 23 0 345 323
30 52 50 45 338 275 248 225 195 212 259 294 341 27 51 349 303 327 349 356 1 326 291 271 251 111 83 64 279 266 248 188 144 105 86 69 34 293 271 275 311 321 332 20 32 37 28 330 341 30 14 41 342 307 323 92 101 161 164 130 100 11 339 332 323 0 90 98 94 77 45 20 13 7 18 55 71 38 26 45 59 56 61 55 39 53 206 239 225 239 310 3 353 345 352 330
0 31 34 35 356 300 248 209 188 215 258 292 333 11 21 359 330 328 347 4 3 343 329 315 319 20 38 34 322 241 205 194 190 78 49 30 14 349 308 270 263 260 266 331 16 33 36 22 3 353 349 358 352 349 57 92 64 24 30 29 2 344 348 351 355 6 19 24 20 11 6 12 12 12 25 27 14 5 18 25 17 22 29 26 37 62 105 258 289 312 317 341 345 349 359 1
250 344 40 45 0 327 349 0 201 254 271 285 313 351 3 0 357 2 15 12 337 333 338 340 350 2 12 27 27 26 209 241 277 351 11 10 2 0 2 324 310 333 315 315 341 36 42 21 2 356 350 353 18 90 90 0 356 1 1 4 356 345 351 355 358 0 2 9 12 12 14 27 19 15 26 21 11 20 55 77 105 119 104 116 132 135 135 297 318 331 319 329 339 350 5 12
273 293 21 20 357 342 7 25 8 285 264 257 260 287 332 358 9 21 21 11 340 326 332 338 352 6 23 49 55 45 353 278 264 245 206 326 325 350 13 346 340 351 344 346 345 13 33 23 11 17 29 127 130 21 342 336 347 357 356 4 0 352 355 354 356 358 10 37 62 90 114 123 135 135 99 104 132 140 138 143 157 171 167 150 150 173 306 307 324 333 316 322 335 8 53 90
270 259 288 351 348 353 10 29 26 300 240 228 221 217 199 184 180 165 153 35 320 310 316 328 355 48 92 107 113 104 59 242 222 187 181 201 225 211 180 251 240 201 219 248 302 15 80 101 132 145 158 168 309 325 331 331 341 352 352 7 10 3 19 108 181 177 143 132 132 127 122 129 156 167 157 155 157 156 152 144 145 171 190 135 63 306 284 281 288 290 282 285 299 103 116 131
229 217 217 228 253 305 3 30 24 9 303 238 225 212 193 188 190 190 204 231 279 286 286 263 149 132 121 120 115 135 45 315 225 171 173 215 223 197 193 212 198 195 240 282 303 111 118 131 137 110 60 325 297 293 297 301 322 340 345 23 45 48 81 113 159 171 156 144 139 138 124 114 132 146 33 46 56 51 36 59 87 145 228 209 127 262 265 263 253 246 252 237 185 141 133 139
216 229 233 227 222 215 225 351 11 6 6 335 288 287 312 321 300 267 266 277 283 274 258 164 141 118 86 49 24 6 0 8 11 45 56 266 242 212 239 266 288 306 298 312 45 119 115 75 0 5 0 356 318 291 295 301 317 329 334 14 29 32 50 62 60 58 45 55 73 104 123 97 22 331 349 23 26 18 18 58 86 131 196 187 200 278 298 298 315 315 276 222 170 151 145 145
278 300 276 194 207 218 233 251 303 331 353 358 307 307 333 351 359 344 319 315 321 318 312 18 32 27 29 18 17 16 27 40 15 31 24 334 303 302 305 304 324 324 297 307 85 100 81 329 346 358 355 0 350 323 314 324 343 348 348 6 23 34 41 43 34 10 0 20 33 35 40 2 348 329 339 50 49 45 67 96 106 137 205 290 309 310 310 305 316 312 248 169 154 151 150 144
268 221 162 181 229 250 253 254 245 245 261 321 287 264 246 243 335 329 321 321 331 340 343 23 36 40 71 93 93 71 52 15 0 15 17 356 340 332 326 315 327 333 297 258 104 92 341 295 323 347 349 356 354 341 330 330 346 349 351 17 35 41 37 23 21 16 20 72 73 65 57 342 322 310 144 109 106 100 95 92 93 4 325 335 331 324 317 299 213 180 170 161 159 160 164 173
217 180 173 217 261 274 261 225 192 199 234 275 295 273 253 265 306 320 320 324 335 348 10 56 78 90 85 49 0 1 8 7 9 11 6 352 343 340 331 322 334 352 329 140 118 79 321 303 319 337 346 353 347 343 345 347 354 353 2 52 61 56 32 12 31 52 72 90 96 89 68 344 288 180 140 137 142 127 113 97 86 311 313 333 337 329 251 168 172 169 163 169 174 171 169 173
244 184 192 240 234 221 211 200 185 219 255 267 285 308 318 319 322 327 328 335 349 1 17 32 17 11 12 1 354 350 7 27 21 0 354 348 348 352 341 339 351 21 51 26 11 12 330 296 293 295 299 318 326 333 350 22 34 56 113 123 96 98 128 150 141 100 63 55 51 45 31 20 21 116 121 138 161 151 133 117 106 274 278 275 172 167 168 166 172 168 164 191 192 174 167 162
354 9 15 296 271 250 244 276 333 323 301 301 307 311 317 312 300 302 310 324 350 7 11 15 7 5 7 2 7 357 12 32 9 349 348 352 354 357 356 11 28 349 0 2 352 1 352 296 246 253 295 312 322 340 90 118 120 98 96 116 112 103 114 133 153 160 126 78 57 49 45 63 87 103 95 96 118 125 88 79 87 236 221 182 168 167 170 175 179 177 196 215 173 167 177 173
7 39 29 324 327 341 338 329 341 330 301 294 293 295 303 308 300 299 306 313 336 355 358 6 6 7 12 8 11 6 1 6 1 350 349 358 1 7 45 41 358 339 352 22 347 336 0 10 318 294 304 311 326 62 102 86 353 11 23 34 39 24 31 40 55 118 160 162 119 118 138 138 147 139 107 85 63 68 84 79 74 168 194 173 166 159 162 180 184 187 203 194 170 167 184 187
20 22 8 337 322 335 343 345 354 348 316 288 267 254 250 267 287 296 310 326 337 345 347 6 10 11 17 11 10 6 0 1 3 0 17 108 146 161 126 321 332 338 353 36 4 313 343 16 348 303 265 245 209 118 55 343 343 2 18 31 30 27 47 60 68 81 119 165 152 148 158 162 170 167 155 159 160 157 157 137 101 59 34 21 14 41 31 0 357 353 246 188 162 157 184 188
23 355 0 2 338 311 320 338 352 358 345 330 326 318 304 295 279 265 262 275 300 324 288 135 140 144 77 49 57 101 156 171 156 150 152 147 144 225 328 325 336 348 1 27 13 331 333 358 353 349 319 255 216 164 -9999 255 217 192 100 70 83 113 133 128 110 101 112 140 141 140 148 152 167 163 145 146 149 135 104 96 84 25 14 15 33 48 350 350 4 5 13 21 39 37 3 0
53 302 330 26 32 276 268 288 320 356 337 315 318 328 323 318 297 259 248 248 243 206 158 131 148 180 161 158 137 129 158 172 146 139 145 150 14 312 301 307 330 350 11 39 28 326 318 343 351 7 7 323 291 246 163 174 187 196 200 114 100 110 121 125 113 105 110 116 114 100 80 64 36 45 48 31 22 14 40 68 61 329 4 36 60 52 309 329 15 16 35 55 70 51 344 3
67 278 291 29 39 353 305 300 317 345 331 318 316 326 330 335 340 334 317 303 293 261 333 26 13 357 5 14 39 48 16 19 47 31 16 354 348 333 282 283 318 350 6 25 20 334 320 344 357 13 26 3 333 341 74 116 169 191 205 169 102 105 125 144 146 134 128 120 115 112 90 55 30 35 24 13 23 36 68 64 19 333 33 90 91 74 278 280 45 52 84 85 51 11 350 357
33 318 311 355 16 10 345 322 329 338 329 330 331 333 337 341 347 351 349 345 346 341 344 355 0 357 2 22 31 9 9 23 12 0 4 355 353 6 312 286 312 343 352 14 11 346 339 356 8 11 17 20 32 120 126 120 152 172 189 190 151 136 143 150 153 153 154 147 143 151 161 157 135 75 356 354 24 43 48 34 7 356 45 55 28 18 335 306 4 32 59 25 355 0 1 0
359 334 331 348 14 26 16 323 320 316 306 317 331 335 333 336 346 4 15 15 347 331 339 356 7 7 71 96 83 326 29 47 352 344 355 353 358 12 347 296 292 305 323 18 4 341 344 18 70 112 116 45 82 134 159 135 133 134 163 184 168 154 148 145 141 142 148 140 139 155 168 176 177 185 209 228 90 68 62 72 119 171 59 19 1 14 8 344 353 10 24 4 341 350 1 4
