code/mhm/catchment_custom/input/morph/aspect.asc
ncols                168
nrows                208
xllcorner            12.6875
yllcorner            50.59375
cellsize             0.001953125
nodata_value         -9999
[rows 135 to 179 of 208, columns 0 to 95 of 168]
57 66 68 75 73 62 45 9 350 337 22 91 90 300 312 27 316 285 271 263 16 7 5 3 15 345 335 344 339 325 328 350 81 93 108 135 111 90 67 45 33 11 71 102 110 102 0 327 354 354 2 345 315 315 318 331 355 6 10 2 358 1 337 292 275 286 45 18 37 8 305 307 328 329 320 334 342 346 14 18 334 350 32 336 308 8 309 283 297 348 337 317 304 300 304 345
46 44 30 32 37 29 23 10 356 346 34 76 76 287 306 15 337 283 260 244 227 188 335 334 353 351 343 354 2 345 337 32 81 94 103 123 101 59 34 33 26 18 57 83 97 0 333 339 347 357 17 350 325 332 341 355 5 353 346 354 7 8 354 337 326 337 3 0 2 2 330 306 318 306 282 291 319 349 13 357 329 351 25 354 330 2 342 305 318 338 333 335 325 315 320 32
31 29 28 36 46 55 86 125 180 255 45 65 53 280 286 354 356 315 305 294 210 188 223 255 270 294 282 120 108 135 186 149 68 59 42 18 6 15 20 23 15 14 45 58 17 334 334 341 354 18 49 321 309 330 351 10 12 342 324 343 12 9 354 347 346 348 0 357 350 4 2 320 315 329 288 273 270 298 351 358 328 327 12 353 337 356 349 328 339 342 334 342 340 311 199 151
34 45 56 67 73 73 74 66 11 264 225 81 77 270 265 279 331 317 321 345 6 359 339 313 289 258 216 146 153 151 180 260 2 22 17 13 12 17 26 45 49 68 81 30 342 335 338 349 19 53 64 291 280 300 351 17 12 344 313 295 355 355 347 343 346 344 355 0 355 11 26 6 337 342 321 324 330 318 324 353 351 338 346 352 350 352 341 333 345 348 335 347 48 130 155 171
41 55 61 59 52 43 42 28 6 349 102 112 98 288 275 270 284 287 294 327 4 4 358 355 353 353 135 147 158 167 225 284 319 1 22 46 86 129 145 142 150 149 56 328 328 335 348 17 42 48 57 302 266 270 315 8 7 350 357 0 271 284 300 309 326 322 331 356 7 26 40 28 357 337 303 311 335 332 327 339 348 341 343 353 359 358 335 321 335 15 149 162 164 149 136 168
135 90 74 70 82 113 131 142 168 171 139 121 330 307 310 323 325 312 302 294 180 161 45 77 101 126 123 138 151 190 261 276 277 306 90 109 129 149 153 37 8 1 339 323 322 334 2 26 37 56 74 338 271 264 268 324 357 352 14 21 339 311 300 302 317 313 310 339 30 46 31 10 0 355 340 326 328 328 331 337 343 342 343 354 10 18 335 281 201 124 115 134 163 168 138 151
166 161 149 133 126 139 146 137 159 175 99 21 324 302 281 282 298 298 285 233 164 183 166 145 156 160 141 144 155 197 228 215 198 184 155 135 125 341 341 352 359 359 346 332 332 343 15 57 92 110 109 300 285 278 277 296 337 354 7 11 353 342 332 327 332 330 334 352 11 15 7 356 355 355 354 351 340 330 329 335 342 347 354 16 60 88 154 246 270 81 85 90 115 157 150 144
152 167 160 99 68 31 14 23 12 356 6 348 331 337 308 256 247 239 221 197 174 164 165 147 153 158 135 116 57 135 230 205 186 180 151 111 344 315 324 345 357 0 353 345 346 10 86 108 100 88 76 292 288 291 293 279 248 249 324 357 340 328 326 332 339 335 335 348 358 1 4 356 352 348 349 352 347 337 328 328 338 2 77 88 97 111 169 238 220 105 74 60 57 67 99 115
43 344 358 16 17 14 19 23 8 0 1 338 328 349 357 331 313 310 311 284 288 0 8 22 18 16 30 353 12 13 333 342 354 1 9 7 343 319 315 331 352 0 1 2 15 71 78 42 24 41 38 298 262 241 216 207 196 199 212 233 291 305 294 280 255 230 228 250 298 332 357 357 355 347 341 346 350 345 316 235 171 154 164 171 137 123 177 224 204 159 141 102 66 57 62 72
355 334 6 19 13 21 26 22 11 2 356 336 330 348 353 341 335 337 352 0 326 333 358 15 14 24 52 81 191 330 313 322 341 358 8 1 344 332 330 335 350 0 10 21 26 34 25 13 32 67 60 321 302 259 201 207 199 195 204 215 230 219 192 192 196 199 211 235 265 291 328 346 353 348 338 346 10 91 157 181 163 144 157 183 167 138 173 210 200 168 166 171 162 135 112 98
352 336 7 9 8 17 21 22 15 3 0 335 329 349 354 345 351 1 3 3 320 287 225 109 120 109 97 100 295 308 302 278 276 322 358 348 335 329 333 344 355 2 15 27 30 32 38 73 108 109 48 318 336 3 6 336 326 318 279 239 221 204 194 240 274 289 297 293 288 288 297 305 303 243 227 185 141 109 123 172 164 129 132 171 172 154 169 201 195 174 169 174 177 166 148 141
346 343 1 8 15 20 25 35 24 10 10 333 321 347 358 350 7 10 359 2 9 30 158 145 156 146 109 12 316 319 332 315 279 282 313 322 322 320 327 348 1 13 51 84 107 122 127 124 122 110 313 313 334 3 1 354 356 356 357 2 354 261 284 310 314 316 320 319 313 308 302 180 169 177 180 177 176 151 127 160 180 127 94 103 137 141 151 188 188 180 175 172 176 172 165 162
327 347 22 61 78 49 31 39 25 11 10 337 319 354 3 344 28 16 0 3 46 68 98 110 135 146 63 321 315 320 338 348 326 319 322 320 321 323 327 129 163 156 123 113 117 123 126 126 119 321 311 316 334 352 355 356 0 1 13 34 25 326 310 311 300 290 300 313 320 329 350 93 119 145 154 165 173 171 150 160 185 181 136 57 43 40 57 103 162 178 175 172 174 171 162 151
301 95 122 117 55 358 2 16 8 6 8 353 333 4 15 355 10 17 47 130 123 108 104 99 85 344 329 321 324 332 343 350 337 325 323 319 318 333 85 128 159 166 150 138 125 114 112 112 342 312 307 314 329 344 357 8 7 16 50 53 350 326 325 341 340 304 294 300 310 0 94 94 81 79 90 104 124 142 134 135 165 189 198 182 93 91 105 114 137 168 258 335 355 357 356 358
325 97 97 35 340 343 348 356 358 8 16 6 352 26 54 355 355 70 85 104 122 119 109 81 12 334 309 303 309 322 338 347 344 333 322 311 302 126 124 126 147 154 144 151 151 138 120 350 327 323 313 306 313 336 8 23 14 30 55 24 325 318 321 347 354 318 306 302 305 70 82 86 75 62 67 61 54 56 64 73 88 146 193 196 168 146 142 137 115 329 323 335 354 358 357 2
41 80 76 338 291 305 322 327 346 38 50 36 23 76 98 162 178 141 106 97 98 94 84 45 344 306 282 276 276 284 302 321 333 333 316 296 285 108 114 117 131 124 106 116 129 128 143 294 304 316 310 291 288 310 35 62 64 82 82 14 296 297 302 336 346 299 296 300 315 63 70 74 55 68 88 98 105 101 93 90 88 90 132 201 172 134 137 188 315 311 298 309 345 0 6 17
55 77 58 354 289 238 215 220 203 120 99 108 128 110 107 122 108 86 82 76 68 74 71 341 343 338 306 278 263 258 265 282 306 331 334 297 161 104 91 80 60 60 72 79 93 79 324 292 275 266 276 283 279 246 135 129 149 138 72 347 300 281 286 328 340 307 302 317 26 104 105 115 146 131 116 126 144 150 149 140 122 106 107 180 172 124 68 315 325 313 301 313 348 4 19 34
60 60 25 355 349 356 339 273 225 153 97 95 98 98 99 127 153 147 117 83 72 74 2 327 344 352 345 331 305 288 285 297 316 345 24 115 152 146 128 93 67 73 90 96 83 338 332 330 316 295 282 282 283 300 93 91 94 343 341 346 343 308 290 315 335 326 322 23 127 150 150 149 164 147 123 124 137 147 151 157 154 140 131 158 178 341 333 325 339 327 312 328 3 17 23 32
79 52 8 345 354 3 3 2 357 10 62 45 42 67 69 87 129 149 154 137 119 83 318 315 336 348 347 347 337 333 322 316 325 3 51 76 106 136 157 156 160 143 116 106 45 301 307 321 329 328 306 290 297 346 19 26 13 345 334 345 0 343 292 280 290 289 247 121 119 132 143 150 167 158 122 106 105 107 108 125 141 141 135 351 336 329 324 322 339 329 302 301 78 107 135 140
52 23 353 342 356 4 6 16 11 33 81 113 122 109 107 112 114 120 135 135 111 326 316 315 333 342 338 341 335 342 340 328 336 33 58 66 79 101 137 161 173 164 139 91 334 269 236 237 258 292 301 301 311 336 1 15 9 346 340 349 3 8 327 288 272 274 353 81 90 105 121 130 157 171 128 88 75 73 75 75 82 83 336 323 330 328 309 292 297 279 254 218 137 119 125 125
32 5 342 337 357 19 42 101 144 136 130 150 147 133 119 107 107 118 122 45 332 317 314 311 327 332 325 327 320 331 340 304 172 127 111 101 97 98 102 123 161 163 176 325 343 350 279 239 231 230 247 268 288 313 347 16 15 350 351 354 356 6 354 334 294 264 153 128 119 119 122 101 99 156 124 40 26 26 33 52 71 38 318 318 329 345 340 307 256 221 231 219 141 52 24 27
178 202 244 257 186 113 114 120 143 143 114 99 71 59 64 80 91 69 355 340 332 316 286 267 255 267 284 294 279 216 169 174 170 161 152 127 109 106 108 100 39 356 326 320 341 7 8 343 259 266 281 285 283 288 317 27 31 0 11 0 336 355 8 10 210 184 164 153 126 102 94 95 86 86 142 214 347 27 36 63 77 342 301 295 303 333 353 356 358 358 342 283 303 1 17 42
180 201 214 199 177 160 125 87 58 37 51 42 47 71 91 101 55 336 345 345 345 353 324 303 324 310 290 280 271 135 125 150 164 166 167 157 134 124 119 351 348 350 329 314 329 2 15 28 325 282 287 289 281 271 260 102 66 23 30 356 323 146 156 170 156 155 169 171 117 84 82 88 85 75 96 169 189 185 135 97 85 317 312 288 263 264 303 355 1 13 18 338 317 345 46 70
167 197 203 187 182 187 165 131 128 122 107 120 133 122 111 85 322 321 340 349 353 6 345 328 343 343 318 251 219 164 132 136 151 160 167 162 135 100 356 324 341 350 338 318 313 348 27 51 12 275 268 257 250 246 232 199 24 8 14 12 52 102 125 160 153 149 179 199 180 112 65 28 8 10 21 28 52 160 159 128 81 309 322 331 296 253 240 234 251 35 16 347 329 9 77 56
142 174 188 187 200 225 225 77 63 67 79 78 79 79 68 345 312 316 335 348 351 357 342 325 332 29 145 171 180 169 154 142 124 60 13 12 29 36 326 307 331 344 339 332 318 342 69 77 23 287 270 261 262 265 280 315 0 0 28 68 95 101 105 117 122 123 160 196 197 175 170 304 344 2 9 22 39 56 94 113 294 301 316 338 351 308 274 280 326 353 351 357 17 88 86 5
151 159 181 213 255 279 313 15 12 16 29 34 47 63 52 311 295 281 256 270 309 333 344 0 146 145 131 141 154 164 150 5 355 357 1 13 39 47 307 286 291 295 302 318 322 16 65 46 0 315 272 250 256 259 252 232 178 185 135 132 142 138 137 139 136 127 122 174 196 180 182 208 202 192 189 120 89 76 70 55 284 284 303 332 2 344 310 308 332 354 352 19 54 62 15 333
160 170 227 290 303 308 322 36 50 57 57 64 78 86 21 290 278 266 287 320 319 330 1 38 36 47 74 78 37 342 343 349 350 357 15 42 62 45 315 304 331 329 307 302 311 34 31 12 355 347 342 286 242 222 213 214 198 182 144 120 118 106 97 103 109 78 23 12 17 63 139 197 189 187 186 172 154 132 108 72 295 296 309 335 1 353 317 298 308 351 12 75 80 69 94 157
163 225 287 301 309 318 45 130 157 159 151 139 117 91 325 314 310 296 300 311 315 332 6 33 26 35 59 53 347 319 329 345 355 7 23 41 49 34 302 282 299 306 290 290 301 25 1 355 342 340 352 356 342 231 224 237 225 192 105 45 32 32 36 28 13 356 354 4 14 13 11 22 19 8 14 116 56 56 69 22 281 283 282 272 321 344 328 279 234 192 152 125 122 125 136 141
195 274 292 287 256 187 161 149 158 150 136 135 117 326 301 320 346 291 239 250 274 310 355 33 31 37 56 47 326 287 287 307 344 8 26 45 50 39 322 231 201 197 218 225 225 275 329 340 331 325 334 353 15 27 308 263 254 276 319 4 19 24 15 7 3 353 354 7 14 14 22 30 14 0 356 358 7 24 53 54 255 235 202 197 205 206 194 197 192 184 171 156 153 133 111 76
221 248 234 213 192 183 186 178 150 93 71 60 65 300 272 268 315 17 282 259 264 282 331 53 54 55 71 59 325 305 306 302 308 353 36 50 47 39 32 335 264 257 261 254 259 289 322 337 337 330 328 348 29 44 12 291 263 252 262 300 6 9 0 1 4 359 359 14 26 42 42 13 2 350 346 2 26 61 84 62 290 263 211 201 205 197 186 188 186 182 179 176 185 161 32 18
217 217 213 231 256 304 307 329 14 57 78 86 65 320 294 284 291 342 350 300 268 256 228 107 99 93 88 52 313 309 322 334 328 345 32 44 48 50 48 12 340 323 308 316 318 316 322 331 336 333 334 5 49 45 10 343 342 315 270 250 287 333 352 2 12 18 18 40 64 73 41 336 347 339 329 39 77 94 97 329 314 336 349 358 349 332 181 205 198 187 189 195 216 233 287 1
191 222 255 283 314 337 331 2 45 76 99 113 71 300 302 313 308 307 340 318 272 253 228 114 96 91 88 7 291 286 293 316 326 351 42 61 71 74 72 30 321 297 284 293 303 305 305 308 313 315 323 44 72 52 352 350 1 353 341 279 275 288 349 39 67 83 91 87 84 83 81 262 259 237 208 131 102 97 96 283 290 315 341 6 10 19 38 332 300 345 278 246 249 255 265 303
131 270 281 284 297 327 330 71 96 101 98 90 310 301 305 321 325 316 332 338 316 292 278 97 97 91 85 322 272 262 257 268 301 354 38 67 78 77 66 14 337 315 283 280 290 303 308 314 317 318 324 63 57 15 348 353 4 2 7 348 290 247 177 160 151 144 153 147 128 124 149 192 190 182 180 168 139 109 104 273 278 285 308 358 21 45 61 1 309 352 348 353 281 274 281 307
176 276 285 287 304 346 26 91 104 94 86 20 307 307 315 329 330 321 323 332 334 327 336 94 109 105 81 334 300 281 259 258 274 323 32 61 71 63 34 353 350 348 325 297 290 301 311 315 316 323 351 54 31 0 353 359 3 3 9 14 7 181 175 167 157 163 169 158 141 136 148 168 177 177 175 175 164 133 138 266 264 251 246 259 37 51 42 5 346 348 354 12 336 293 288 307
250 282 286 285 287 23 98 104 101 73 60 351 285 264 246 216 228 257 280 296 318 342 20 68 75 73 53 322 315 324 312 275 266 281 46 73 72 52 6 338 347 352 347 337 290 275 273 258 227 198 179 153 165 228 248 300 26 42 79 101 120 145 164 169 159 165 179 158 116 99 95 105 137 150 149 165 163 142 199 251 233 218 216 209 194 121 48 6 351 344 348 9 355 318 290 281
316 307 293 287 282 90 90 79 56 45 45 348 295 256 222 200 220 237 250 265 283 325 32 64 54 31 21 318 304 321 336 315 297 292 74 80 63 31 344 327 342 350 350 5 335 298 291 266 215 185 177 173 181 188 192 189 180 171 154 135 118 124 145 161 164 173 194 180 136 102 85 82 79 84 94 116 136 143 261 253 235 226 221 210 202 191 177 209 262 299 313 349 352 341 332 337
315 323 313 306 317 34 52 47 31 12 8 345 333 331 335 340 298 243 235 245 256 287 21 58 43 17 7 334 314 312 327 318 299 291 73 68 48 6 334 328 342 348 347 6 353 332 338 352 35 132 154 164 173 183 188 188 182 180 172 154 123 118 127 140 156 176 196 184 162 152 143 121 101 79 81 87 93 319 302 285 251 225 214 206 206 208 218 257 281 297 300 325 339 344 348 351
275 283 305 320 347 24 39 36 15 353 348 344 339 340 347 358 7 356 265 262 257 258 320 55 30 16 9 319 309 315 322 313 296 298 37 45 18 345 335 337 350 350 347 358 354 350 4 26 41 53 58 65 93 148 178 190 187 189 183 159 140 132 135 140 152 178 205 180 152 150 156 158 162 119 92 88 69 312 315 321 315 264 255 266 285 300 311 316 336 335 322 329 337 344 352 357
292 278 285 303 351 41 46 15 358 348 338 340 339 338 348 11 35 42 294 273 261 245 220 110 45 35 25 312 307 320 333 321 305 309 351 8 352 335 331 340 356 347 344 357 354 11 35 55 73 80 74 72 79 95 135 192 192 198 181 145 132 119 113 117 137 187 216 176 118 104 117 155 176 162 129 110 0 310 316 333 349 348 325 311 315 324 327 329 345 340 330 338 346 352 358 4
301 299 302 309 3 64 29 344 349 349 335 334 335 342 9 59 65 45 318 259 226 223 216 198 170 57 6 311 298 305 329 333 322 315 327 341 337 328 322 330 98 198 184 172 185 180 130 98 104 123 123 133 135 115 120 180 190 202 181 138 127 104 82 82 95 165 200 187 162 91 69 70 100 124 117 105 313 311 318 330 342 350 341 321 318 327 331 329 344 332 318 331 347 355 4 13
271 283 300 330 27 38 351 326 341 346 332 330 335 2 40 41 29 13 357 349 221 225 236 257 311 355 345 304 271 261 264 289 309 309 313 322 328 335 135 154 166 168 165 171 187 199 187 127 88 61 78 96 120 110 103 143 182 188 175 153 155 161 90 75 70 69 149 178 181 168 146 132 146 131 99 322 311 313 322 332 340 351 356 334 299 294 298 292 313 298 280 280 304 340 5 17
300 287 295 341 17 7 343 332 344 344 336 336 341 11 17 13 15 5 2 19 24 317 273 279 311 338 339 341 315 290 283 288 297 301 304 305 280 148 154 161 170 167 156 164 190 209 208 182 93 64 72 75 72 60 45 45 81 144 155 139 142 284 23 54 40 26 25 29 40 105 129 141 161 160 329 308 302 301 305 311 321 345 15 8 300 289 294 289 305 294 270 258 257 266 312 16
326 311 283 294 354 357 345 335 345 344 337 342 347 357 2 10 16 9 9 32 37 5 296 276 281 293 296 323 324 311 307 312 307 299 280 189 161 157 160 168 176 173 166 173 207 232 230 208 167 151 130 94 30 15 26 32 17 15 20 33 47 239 160 132 131 39 35 27 23 36 66 80 45 330 311 300 286 272 259 250 242 224 90 2 333 323 323 315 327 322 303 300 297 306 317 26
225 212 221 238 270 329 341 327 333 336 316 320 335 345 354 7 17 20 23 39 36 13 336 286 259 236 244 249 270 283 282 283 277 226 175 160 158 163 169 177 181 182 201 299 309 303 288 213 157 147 122 351 349 10 29 19 3 11 27 49 78 147 155 157 180 181 174 174 92 82 84 71 6 324 302 292 280 268 258 247 236 238 287 331 346 340 330 325 338 335 322 329 331 326 325 107
199 208 244 275 284 302 334 340 349 350 335 307 303 319 329 352 27 35 31 33 25 12 2 333 324 324 304 303 298 273 244 226 195 168 158 157 162 177 213 297 337 339 328 334 339 340 348 11 16 354 353 344 339 22 37 22 8 37 65 66 57 54 67 90 148 175 183 195 180 124 98 62 354 336 320 317 304 290 288 290 293 296 302 321 350 344 335 334 344 342 328 337 3 105 153 143
