code/mhm/catchment_custom/input/morph/aspect.asc
ncols                168
nrows                208
xllcorner            12.6875
yllcorner            50.59375
cellsize             0.001953125
nodata_value         -9999
[rows 90 to 134 of 208, columns 0 to 95 of 168]
324 315 333 357 32 51 38 332 327 310 290 296 319 338 340 340 350 19 31 18 353 323 246 165 113 93 108 107 116 233 138 78 315 315 333 343 1 12 357 317 312 299 280 357 353 321 150 142 142 160 189 176 135 138 161 163 168 152 143 166 167 162 155 149 147 146 135 103 87 73 100 144 173 198 228 245 258 70 78 96 135 196 266 344 35 106 128 251 261 90 78 90 176 197 183 164
302 262 255 123 66 50 28 340 340 324 297 292 300 322 338 348 6 37 33 19 12 26 40 319 345 21 45 54 36 341 15 352 326 318 304 293 0 61 348 268 245 217 212 192 178 166 157 149 144 154 178 176 161 154 159 164 173 168 157 158 157 161 161 150 142 160 172 156 154 131 107 111 144 210 233 233 199 147 128 115 115 185 209 185 157 160 176 187 185 176 172 167 167 180 179 170
7 281 239 169 167 131 33 330 328 304 287 284 278 268 232 178 154 131 60 27 28 39 32 340 285 102 83 66 27 6 354 330 327 335 351 182 180 165 169 194 192 187 185 175 172 170 165 156 152 149 160 168 167 166 163 158 166 168 161 163 161 165 175 169 147 152 171 173 176 165 152 146 149 194 210 205 182 167 162 157 150 155 185 174 153 155 187 218 204 168 144 108 45 38 0 357
5 347 349 36 68 225 180 245 230 261 266 256 236 210 186 183 181 180 213 225 60 68 64 75 158 156 133 127 141 45 315 270 266 183 136 153 180 185 159 166 180 179 176 170 168 172 172 165 161 156 151 153 159 167 170 162 166 165 148 151 158 169 190 170 132 84 45 24 71 98 98 81 59 18 153 176 171 167 173 176 135 51 5 10 24 357 344 352 358 359 4 9 14 10 347 351
350 351 359 28 27 358 357 353 354 320 291 259 228 214 205 216 219 245 268 262 99 93 96 111 137 146 131 144 170 176 187 221 223 153 135 143 172 180 168 159 169 173 171 171 168 171 172 168 162 161 156 150 151 160 166 162 169 169 141 106 27 355 345 7 18 24 30 41 54 48 48 77 135 180 75 36 19 3 341 348 0 4 357 6 21 343 330 349 0 358 15 47 52 340 336 11
265 285 315 45 21 359 357 357 0 339 322 321 298 298 318 333 334 326 325 353 85 90 93 108 138 152 122 66 78 131 203 243 209 141 136 143 155 165 167 161 165 169 162 166 168 169 167 163 156 157 156 143 120 96 93 102 127 156 101 45 63 158 187 170 159 155 155 157 162 150 128 120 90 322 341 355 7 0 335 344 2 11 10 38 62 302 294 331 358 6 47 71 26 324 346 62
261 219 192 285 337 343 351 357 0 345 333 339 326 313 316 332 338 322 175 158 152 151 131 123 151 169 183 195 91 78 168 205 175 161 160 154 149 155 160 156 160 168 144 124 127 135 127 126 125 131 138 143 143 135 131 122 126 149 135 153 158 160 174 180 170 119 86 53 56 90 15 357 357 350 345 355 7 345 330 340 18 48 83 98 25 330 307 322 5 35 66 43 354 346 20 32
337 354 355 340 326 317 332 348 353 342 320 316 306 296 279 243 159 161 164 167 165 174 165 140 154 167 181 192 178 158 150 163 166 169 171 159 138 140 156 162 170 176 168 147 151 164 152 148 148 151 154 157 161 156 161 180 0 3 25 47 55 49 6 335 347 15 35 29 11 356 340 346 359 1 8 21 351 326 334 8 63 82 68 5 341 344 336 350 39 50 47 353 346 5 26 12
219 227 300 332 338 315 301 302 288 251 236 230 228 202 191 180 160 162 163 170 172 175 173 154 161 165 167 185 185 179 164 149 152 169 180 169 127 88 62 57 53 104 143 140 135 146 139 138 113 35 41 48 45 32 350 337 352 3 28 51 34 5 355 349 11 104 109 120 309 332 338 347 1 6 16 19 357 328 347 77 69 38 5 344 334 344 1 19 18 19 25 318 326 10 26 10
191 193 200 195 187 190 187 180 179 179 179 184 186 179 178 176 168 168 169 178 182 174 172 162 166 164 154 173 187 181 173 166 150 146 165 180 182 116 22 25 19 17 20 15 21 21 19 9 0 13 30 27 14 1 347 344 0 54 93 92 351 344 9 45 60 45 34 7 312 309 330 350 3 10 30 38 27 45 145 149 356 353 343 342 340 354 22 23 8 22 27 313 309 354 23 16
193 197 198 190 184 185 183 178 178 177 175 179 180 175 176 177 173 174 181 198 200 173 169 166 165 162 141 154 175 176 193 219 160 140 153 177 194 193 181 166 169 183 205 352 21 15 9 12 8 20 21 9 4 4 13 77 145 126 80 3 336 350 65 53 349 11 17 7 318 296 304 347 28 49 70 67 67 87 59 318 324 328 331 340 355 20 42 45 32 49 9 323 319 344 21 23
197 204 199 191 189 189 184 178 177 177 174 178 179 173 174 180 184 198 226 227 206 178 168 171 174 167 147 145 155 177 212 207 166 147 147 166 189 192 181 177 181 191 206 217 273 347 5 13 4 11 15 12 23 56 68 33 10 10 3 349 351 37 69 357 321 30 64 60 292 300 325 135 161 83 68 68 57 24 352 344 327 293 293 315 16 45 49 50 32 7 330 318 321 342 22 30
180 221 211 214 229 223 176 166 173 176 174 183 180 165 176 205 242 267 271 240 208 184 161 168 180 159 136 130 133 189 228 208 160 128 120 133 181 201 180 193 210 208 231 246 261 287 355 9 0 27 52 72 94 104 75 338 356 7 357 350 34 80 82 315 292 86 94 122 273 287 48 98 215 135 87 88 64 345 344 4 351 271 261 261 45 59 58 52 30 341 306 298 297 319 45 55
78 276 292 297 271 202 161 159 172 175 176 191 183 165 244 291 283 242 222 206 197 178 166 172 179 170 154 145 147 186 208 200 170 151 141 133 166 200 201 238 239 205 234 243 236 219 196 197 186 124 115 112 102 77 331 322 349 16 23 90 113 91 48 343 326 86 73 32 286 300 18 33 5 15 54 51 3 337 350 13 8 327 308 304 348 45 61 45 11 339 309 305 312 334 38 46
63 296 296 267 190 168 165 170 177 179 182 191 199 230 289 302 135 177 199 205 195 170 159 168 178 175 165 162 172 181 189 190 173 167 168 157 178 255 299 320 339 356 278 241 218 204 198 209 202 126 105 90 33 5 340 340 7 40 73 79 45 24 13 3 3 11 26 17 291 288 9 40 20 10 15 15 355 339 352 9 5 343 344 352 1 30 28 358 355 349 333 326 326 348 26 21
277 287 227 167 168 165 162 180 190 233 305 324 310 315 316 270 133 140 187 204 196 175 153 158 176 178 165 156 180 184 181 187 169 169 179 173 250 292 313 329 350 358 347 339 335 322 307 292 299 34 43 3 348 359 4 30 74 85 41 0 2 13 8 357 359 8 28 28 282 245 189 126 25 2 0 7 355 339 349 5 1 348 356 9 20 28 2 342 349 352 341 334 330 349 17 6
297 215 163 155 166 182 217 316 341 341 340 351 335 319 161 144 143 140 163 190 189 182 170 161 173 184 181 166 180 188 182 184 180 243 338 341 264 240 223 234 263 319 322 334 338 340 336 329 336 9 17 345 334 3 28 37 25 13 352 338 5 20 356 353 8 37 61 36 315 284 232 210 189 218 266 331 339 334 343 0 346 337 5 33 30 9 350 339 344 353 339 300 292 321 356 1
274 136 142 149 178 283 314 325 340 335 316 341 198 174 157 146 146 144 151 172 180 185 183 165 167 190 196 180 187 204 199 242 302 330 355 5 344 239 220 227 211 202 209 210 226 217 218 241 261 11 7 326 310 351 30 30 12 4 356 340 3 6 353 16 65 75 43 355 339 343 357 9 19 326 308 282 268 225 165 175 192 200 180 150 0 341 345 339 198 162 169 214 248 264 262 198
174 139 128 146 310 311 307 282 184 181 185 181 170 167 163 157 158 151 147 169 189 239 285 345 0 357 344 339 349 0 349 329 318 318 349 9 10 12 347 231 198 195 206 202 200 190 193 206 201 188 193 212 232 255 12 14 2 0 4 357 354 6 30 79 86 42 345 338 343 349 4 16 9 354 358 354 332 6 48 81 159 191 182 192 236 258 158 140 164 157 168 233 248 217 190 200
180 156 148 247 278 261 202 175 173 173 173 179 176 173 170 166 170 167 71 341 349 335 307 324 349 0 358 345 344 2 355 337 332 330 342 4 17 28 43 9 288 288 294 300 210 227 245 231 209 201 217 240 256 266 291 340 347 347 355 354 355 26 46 34 18 4 329 320 334 352 12 18 10 0 11 11 356 19 39 46 52 82 151 204 226 225 175 108 120 120 150 223 214 190 202 239
185 171 173 219 214 188 178 175 177 174 170 177 183 184 178 156 315 322 333 344 0 5 302 265 268 323 342 342 337 353 354 342 342 347 351 25 65 71 62 7 341 312 311 356 354 340 346 355 351 341 322 311 312 304 251 198 189 201 227 253 296 65 35 7 5 5 343 319 310 349 73 91 98 108 109 124 154 137 124 113 98 90 99 169 204 205 190 159 156 133 128 197 211 223 265 263
199 192 209 234 203 179 184 192 182 177 145 153 276 310 339 354 348 326 323 346 7 17 10 279 204 200 212 223 253 286 322 318 326 353 27 61 53 29 23 8 356 285 258 250 300 313 338 0 348 340 332 318 310 288 159 178 184 195 209 208 185 162 183 244 329 4 347 308 243 168 127 138 165 156 142 154 164 156 152 155 158 152 141 131 173 193 187 176 175 168 146 169 226 248 247 201
357 353 352 353 13 37 310 320 351 2 8 14 317 281 306 345 358 333 313 334 6 23 25 17 6 336 233 230 229 213 215 248 284 342 28 27 8 6 20 20 6 343 310 247 235 225 199 189 222 261 291 308 327 35 62 71 156 183 194 198 180 170 199 219 200 181 180 183 202 186 104 72 28 63 69 26 22 42 65 80 74 57 49 49 56 81 151 171 177 165 120 125 218 216 198 180
357 359 0 11 40 50 295 258 228 239 2 27 21 259 260 293 352 349 318 320 5 37 37 20 7 6 356 332 324 237 235 255 268 301 356 4 4 10 25 15 0 357 0 357 331 307 305 281 266 270 279 300 340 23 34 42 45 68 129 181 171 182 235 239 192 166 176 198 234 260 16 28 15 37 41 358 2 6 17 22 17 22 22 19 26 23 10 1 0 7 29 53 118 195 188 178
350 7 20 43 57 54 28 220 191 215 258 15 28 333 245 243 274 334 334 332 14 45 28 17 11 359 351 349 7 18 315 257 245 259 305 343 5 15 15 5 0 1 5 9 352 341 355 1 340 319 308 312 344 37 54 65 62 69 92 126 142 203 217 206 189 154 174 246 273 289 334 33 21 39 45 357 322 337 12 33 35 28 20 12 15 12 6 8 6 23 57 63 50 36 56 120
349 40 70 78 72 60 40 25 59 255 259 297 9 16 319 247 242 259 300 335 15 17 14 22 15 355 346 355 12 11 1 333 271 240 226 204 189 176 352 350 356 1 7 14 352 336 355 3 351 339 324 312 125 127 126 126 143 138 98 45 28 21 167 188 195 178 228 275 266 223 194 180 159 112 106 152 217 213 178 117 67 45 39 37 41 34 52 98 141 143 111 93 78 74 80 78
41 91 88 70 57 54 47 45 37 285 270 284 339 6 3 331 244 225 219 212 200 353 30 34 12 1 353 352 3 6 7 5 1 257 216 203 206 201 197 217 216 218 335 358 343 339 353 0 353 349 315 176 143 141 141 116 37 13 6 8 23 45 66 104 186 209 249 253 201 186 194 188 176 165 154 166 192 200 194 178 129 112 123 138 155 166 152 148 163 169 151 135 136 141 135 145
39 45 39 37 46 57 58 55 33 315 277 276 297 348 1 358 8 210 207 202 195 191 191 202 336 356 351 353 354 358 7 11 16 10 348 338 330 344 355 306 289 282 282 298 309 332 358 2 18 74 125 147 118 75 8 358 357 3 8 33 71 84 77 74 101 209 220 201 174 183 197 180 174 171 162 172 204 223 218 200 154 129 124 122 140 162 141 133 158 170 157 142 138 147 150 154
39 43 49 62 76 77 73 67 39 315 269 265 266 270 225 295 49 76 196 210 208 211 222 241 251 282 315 45 290 307 1 20 26 19 353 341 335 347 3 344 342 345 318 278 271 277 18 351 50 68 74 90 78 353 341 343 350 26 62 84 90 86 74 78 88 150 209 201 176 191 199 171 169 168 155 194 252 261 242 214 140 125 123 102 100 124 95 85 93 125 116 119 117 123 136 147
53 76 87 88 86 81 67 47 19 6 267 258 261 293 347 321 68 73 27 317 258 245 247 246 222 209 205 156 196 231 205 138 140 157 237 288 315 325 336 334 345 354 353 334 305 319 14 0 105 95 66 41 4 335 341 8 171 127 119 127 128 128 137 124 98 74 270 214 178 186 193 174 171 169 164 260 267 240 195 187 164 147 127 101 97 117 130 100 105 135 131 141 139 121 90 34
60 76 87 92 84 49 24 28 19 25 296 253 259 285 330 354 29 26 7 7 0 230 224 211 191 190 192 175 187 213 195 158 166 218 283 294 198 203 261 294 322 338 342 350 345 358 17 25 37 21 10 9 1 355 36 115 158 151 129 129 130 125 127 124 86 63 85 156 161 174 184 179 176 180 199 230 220 188 175 179 178 190 195 85 71 82 127 133 151 163 151 153 154 149 0 0
111 97 68 46 30 12 17 40 30 32 45 274 272 286 311 353 14 13 16 34 31 341 273 217 191 193 198 182 191 209 193 172 194 228 222 190 172 196 219 225 212 221 259 310 348 5 16 14 5 1 3 4 8 28 71 90 93 78 66 56 55 53 47 48 73 95 79 36 30 29 29 83 142 183 210 202 187 177 171 184 207 228 220 158 84 71 103 131 153 165 151 139 45 322 331 344
84 35 15 20 21 23 41 55 34 38 58 284 271 266 273 315 21 51 70 50 358 349 354 354 355 356 356 12 272 258 227 210 244 230 203 189 210 275 282 288 320 322 284 259 270 343 15 10 0 1 9 17 45 76 85 79 45 36 53 57 57 47 50 69 78 49 8 0 11 17 19 24 16 12 33 164 172 170 168 199 243 259 184 164 180 152 109 115 131 45 18 0 335 324 331 334
27 6 20 57 80 98 111 109 108 98 76 296 287 281 278 296 21 52 45 355 332 340 356 0 359 4 14 14 344 323 341 350 338 341 355 347 308 320 332 326 341 352 340 218 220 203 173 172 180 180 170 142 131 136 138 145 167 164 152 138 101 59 59 60 27 2 356 1 20 42 57 61 45 45 67 78 102 124 139 225 254 259 75 93 171 160 116 98 356 352 348 345 340 336 339 339
64 110 137 142 141 130 107 66 52 77 33 295 304 319 324 336 4 21 21 350 304 315 347 3 4 3 9 20 11 293 308 343 341 346 4 9 319 297 314 323 325 123 132 166 193 185 181 185 179 185 191 150 136 140 148 155 169 173 174 181 186 4 32 30 11 8 20 86 122 138 149 150 163 165 152 152 158 157 157 225 248 228 168 131 145 146 116 14 350 346 342 347 346 342 343 355
129 131 132 117 54 19 8 28 34 56 23 273 279 299 319 339 0 13 22 12 315 278 290 341 358 358 9 30 34 306 263 250 248 256 326 7 344 309 286 204 161 144 124 139 165 172 184 203 184 195 216 136 122 128 135 129 151 176 186 209 230 225 124 117 131 145 155 153 148 152 159 157 166 170 160 159 154 147 159 212 219 197 175 164 152 64 13 340 343 337 335 352 355 348 348 12
72 58 33 9 4 8 22 60 53 51 45 252 234 225 218 217 232 0 21 15 358 324 282 280 317 342 9 37 29 2 308 226 214 227 245 291 329 334 320 150 159 147 131 133 136 148 178 215 202 202 212 147 117 117 126 107 125 169 181 197 197 183 170 170 165 159 162 160 152 151 150 131 98 33 24 11 20 27 11 341 315 321 343 347 354 3 5 338 341 336 331 352 359 356 1 18
64 56 45 36 84 120 124 106 96 77 68 243 225 212 198 194 199 201 196 220 338 349 336 315 323 328 345 26 22 15 9 352 333 316 299 285 276 186 135 140 161 150 138 135 123 90 21 282 234 210 213 146 114 127 157 141 145 165 169 185 184 179 172 172 170 160 159 161 135 30 4 9 8 1 3 3 6 3 355 350 344 341 342 343 356 14 352 336 347 348 343 354 0 3 12 21
59 58 49 36 34 42 47 56 42 14 19 6 347 331 209 185 203 206 201 208 217 214 258 296 329 338 320 25 34 21 5 353 349 337 322 304 280 142 82 34 12 15 18 17 14 7 10 0 6 174 190 162 132 138 156 150 149 153 139 161 159 163 161 163 155 101 37 349 347 351 340 6 23 354 0 1 356 350 345 346 341 336 336 344 12 12 329 327 345 353 351 1 10 30 50 53
42 59 59 49 19 34 41 27 9 355 0 2 359 8 29 49 293 254 232 216 213 217 234 227 193 181 187 188 183 333 333 335 351 339 321 297 288 347 344 0 9 0 12 22 21 30 31 21 74 125 163 169 151 140 145 90 12 6 10 10 13 15 10 5 358 357 2 353 349 355 340 11 25 350 353 356 348 340 336 339 340 337 336 352 30 342 318 321 341 359 20 71 87 96 88 48
145 117 122 159 187 167 32 349 354 356 3 16 35 81 102 95 323 313 332 343 241 233 219 202 187 181 190 206 220 243 275 280 270 270 210 199 208 233 249 155 155 192 166 133 145 130 123 137 129 132 147 161 152 116 349 344 353 355 0 3 7 12 12 12 353 338 353 356 354 2 5 4 2 352 350 351 345 339 334 333 336 342 349 6 351 329 324 340 4 20 22 13 24 23 11 8
5 59 88 119 266 309 328 334 347 6 26 53 71 90 92 355 323 322 341 8 7 279 207 211 212 203 264 292 298 290 286 239 190 183 170 177 188 199 186 162 167 189 182 164 168 166 161 153 137 131 125 30 5 349 332 334 348 349 350 358 10 23 23 7 350 336 345 1 2 13 11 350 351 353 349 348 343 337 334 330 338 9 33 329 327 326 334 13 21 2 349 357 14 6 6 6
343 53 57 2 345 339 325 225 180 180 139 54 50 70 53 313 307 312 326 358 17 16 14 301 255 240 273 290 309 303 293 123 146 159 149 157 175 184 171 158 168 187 184 174 174 174 162 146 129 97 8 352 348 344 332 331 347 347 346 4 31 45 3 342 345 344 349 4 14 20 356 339 348 353 348 349 342 338 333 332 353 48 24 304 283 270 281 29 23 354 323 343 11 356 1 0
6 52 32 0 355 12 135 156 170 209 217 131 115 92 6 313 270 270 291 337 20 20 16 359 354 338 307 289 278 283 309 18 34 49 69 69 83 128 139 132 149 183 180 167 174 173 152 126 73 16 357 352 337 333 334 338 351 353 0 15 19 14 342 325 335 348 357 4 28 22 339 334 347 351 348 350 347 342 335 337 23 28 10 324 285 247 236 249 6 358 320 308 340 339 348 355
41 51 33 32 75 111 118 135 225 272 230 131 125 165 320 0 270 265 274 297 43 23 11 4 10 343 323 313 289 279 293 341 45 67 73 59 63 74 73 60 39 0 15 61 101 139 145 108 36 5 347 339 321 310 312 326 350 2 25 27 2 0 327 296 302 343 28 26 66 29 309 310 331 340 337 345 342 336 337 40 5 0 23 337 321 336 267 266 307 1 333 296 297 304 317 347
