code/mhm/catchment_custom/input/morph/facc.asc
ncols                168
nrows                208
xllcorner            12.6875
yllcorner            50.59375
cellsize             0.001953125
nodata_value         -9999
[rows 0 to 72 of 208, columns 0 to 95 of 168]
0 0 0 0 1 2 11 8 6 5 0 0 1 4 16 42 2 1 0 0 1 7 0 0 5 2 2 2 2 0 0 8 0 0 1 3 6 0 0 0 1 139 69442 1 6 1 0 0 7 0 1 0 0 0 28 24 21 20 17 11 7 4 1 0 0 0 0 0 0 0 0 0 0 0 1 0 0 0 0 62 0 1 34 7 3 1 0 0 1 0 9 130 0 0 0 0
5 2 1 0 0 1 0 0 0 0 0 0 1 1 5 15 1 1 0 0 2 1 1 1 1 1 1 1 1 0 3 1 1 0 0 0 0 0 2 7 135 0 3 69431 12 11 10 8 0 0 2 2 1 0 0 0 0 0 0 2 0 0 0 0 1 1 1 1 3 0 0 0 0 0 0 3 17 28 34 26 0 0 1 23 1 0 0 3 5 7 0 1 126 1 0 0
0 0 0 0 0 0 0 0 0 0 0 0 0 1 0 9 2 0 0 0 0 0 0 0 0 0 0 0 0 0 0 0 0 0 0 0 0 0 0 1 126 0 1 69410 1 0 143 142 141 138 135 128 0 0 0 0 0 0 0 0 0 0 0 0 51 47 37 25 20 18 17 14 0 1 8 11 8 0 1 11 12 1 0 21 0 0 0 0 0 0 0 0 57 65 62 57
0 0 2 1 0 0 0 3 0 1 1 0 0 0 2 4 0 1 0 0 0 0 0 0 0 0 0 0 0 0 0 0 0 0 1 2 1 0 0 119 5 0 2 69407 0 146 1 0 0 0 2 1 119 16 13 8 5 4 0 0 0 61 59 56 1 1 2 8 1 0 0 6 3 5 1 1 5 0 3 6 6 2 0 14 5 0 0 1 2 0 1 48 6 1 2 0
95 92 84 1 0 1 48 46 40 36 30 26 0 0 0 1 1 0 0 0 1 2 1 0 2 1 1 0 1 2 1 0 2 80 100 106 108 114 118 1 2 1 0 4 69397 3 2 1 0 0 0 0 101 0 0 0 0 0 0 66 63 0 0 0 0 0 1 1 3 0 0 4 2 4 0 0 4 2 2 2 2 2 1 13 2 0 0 1 5 0 1 43 0 4 0 1
1 3 1 76 74 52 1 0 1 2 0 14 7 5 3 1 0 0 0 1 1 22 33 41 47 51 55 58 62 67 71 72 74 1 14 1 0 1 2 0 1 0 1 0 69245 0 0 0 0 0 0 0 100 0 0 0 0 0 68 0 0 0 0 0 0 0 0 0 0 1 1 1 1 2 0 1 1 1 1 1 1 1 0 2 9 1 0 1 11 12 39 1 0 2 0 0
0 2 0 0 16 0 0 0 0 1 0 3 8 0 0 0 0 0 2 6 17 6 0 2 1 0 0 0 0 0 0 0 0 0 11 0 0 0 0 0 0 0 0 0 51547 17695 4 1 4 2 0 0 0 95 93 92 90 88 86 16 13 11 9 8 5 3 2 1 0 0 0 0 0 0 0 0 0 0 0 0 0 0 0 0 8 0 0 1 2 15 8 0 0 0 0 0
0 1 0 2 15 5 3 1 0 0 0 2 7 4 2 0 1 2 3 9 1 5 1 1 0 0 1 2 0 0 0 1 2 5 10 1 0 0 0 0 0 0 0 2 51545 0 17688 17685 0 0 0 0 0 39 37 35 34 32 30 28 23 21 20 15 1 0 3 2 1 0 0 1 0 0 0 0 0 0 0 0 0 0 2 5 7 0 1 6 11 2 7 4 2 1 1 3
0 0 0 0 3 0 0 0 0 0 0 0 0 0 0 0 0 0 1 2 0 0 0 0 0 0 0 0 3 1 1 0 0 0 0 0 0 0 2 1 1 0 1 51543 0 0 1 17678 4 2 1 45 41 0 0 0 0 0 0 0 2 0 1 1 12 10 3 1 0 0 0 0 3 0 2 1 1 2 4 3 0 0 0 0 0 0 3 1 1 1 0 0 0 0 0 0
1 1 0 0 0 0 0 0 1 2 0 0 0 0 0 0 0 0 0 0 0 0 3 4 1 0 2 1 23 27 30 1 0 1 0 0 0 2 0 5 51513 51530 51537 1 0 0 1 17672 0 48 47 0 0 0 0 0 0 0 0 0 0 0 0 0 0 0 0 0 0 1 1 1 4 1 22 18 13 7 1 0 0 0 0 0 0 0 0 0 0 0 0 0 0 0 0 0
5 0 0 0 0 0 0 4 0 0 5 1 1 1 0 0 2 1 1 0 0 0 0 0 8 9 10 15 0 0 0 54 56 58 63 64 1 1 4 51504 0 14 0 0 0 0 0 17668 49 0 0 0 0 0 2 2 0 2 1 0 0 0 0 0 0 0 0 0 0 1 4 2 35 29 1 0 0 0 0 0 0 2 1 1 1 0 0 0 0 0 1 1 4 2 15 14
0 8 7 2 0 0 2 9 11 13 8 0 2 3 0 0 4 2 3 3 1 0 0 0 0 0 0 0 1 2 15 3 0 0 0 0 66 71 51496 1 0 11 1 0 0 0 0 3 17611 17594 0 1 17582 17580 8 1 0 5 1 0 1 1 4 1 1 0 0 2 0 3 46 40 0 0 0 0 0 0 1 1 0 1 350 344 341 336 332 328 321 320 315 311 307 18 1 0
12 1 0 0 0 0 0 0 0 0 14 13 5 0 0 1 1 21 8 1 0 0 0 1 2 0 2 4 6 8 1 1 0 0 1 2 7 51421 0 1 0 0 9 3 0 0 2 11 0 2 17590 17588 0 0 17568 1 0 0 8 696 694 687 0 0 0 656 652 9 4 47 0 0 0 0 0 1 1 3 0 2 0 354 2 0 1 1 1 1 1 2 0 0 1 280 1 0
0 0 0 0 0 2 0 1 2 0 1 36 0 0 0 5 23 0 0 0 0 0 1 1 5 0 0 0 0 0 0 0 0 0 1 3 1 3 51407 0 0 0 4 0 0 0 4 5 0 0 0 0 0 0 33 17531 714 712 709 0 0 2 678 673 669 6 0 639 637 634 572 567 546 543 490 486 482 477 470 466 460 453 87 0 0 0 0 0 0 0 0 0 4 1 270 255
2 1 0 0 2 4 17 18 26 29 34 72 1 0 0 32 0 0 0 0 0 1 3 2 6 2 0 0 0 0 0 1 2 1 0 0 0 0 51403 0 0 0 0 0 0 0 1 3 0 0 1 2 9 12 31 16815 0 0 0 0 0 0 3 1 3 2 2 0 1 12 2 18 0 50 1 0 1 1 1 1 4 3 2 86 82 75 0 0 0 0 0 0 2 0 7 5
4 2 0 0 2 5 1 0 0 0 1 1 79 81 1 33 0 2 0 0 2 2 0 4 10 4 0 1 3 0 0 0 0 4 2 0 0 51357 42 39 38 36 32 2 0 0 0 0 1 0 3 5 1 11 17 1 16811 0 0 0 4 3 2 0 2 1 1 0 9 1 1 0 16 48 0 0 0 0 0 0 3 2 1 2 0 4 73 38 35 34 0 0 0 2 3 4
0 0 0 0 0 0 0 0 0 0 0 0 0 0 194 196 232 238 244 1 3 3 1 5 11 6 0 6 0 0 0 2 0 0 5 3 51341 14 12 1 0 0 0 28 23 0 0 0 0 1 0 0 10 2 1 0 3 16805 1 5 1 0 2 1 1 0 0 4 3 0 0 1 13 5 41 1 0 1 0 0 1 1 0 1 1 1 28 4 0 30 5 0 1 2 1 1
0 0 0 0 0 0 0 0 2 0 0 0 100 108 2 0 0 0 3 250 258 259 271 292 0 8 7 1 0 0 1 4 0 2 1 51333 4 1 0 11 6 5 0 1 1 20 14 1 0 0 0 5 3 1 0 1 0 21 16779 2 0 0 0 0 0 0 1 1 1 0 0 0 11 4 1 36 5 2 1 0 0 0 0 0 0 11 15 1 0 22 0 3 0 1 0 0
0 0 1 2 1 1 0 1 4 6 96 99 1 1 0 0 0 2 2 1 0 0 3 0 295 305 10 0 1 1 2 5 0 0 4 51320 0 1 0 2 0 2 0 0 0 1 1 10 6 0 0 2 2 0 0 0 19 0 1 16767 2 0 0 0 0 0 0 0 0 1 3 7 2 3 0 0 28 16 0 0 0 0 2 7 10 2 8 2 0 17 3 1 0 0 1 2
0 2 0 5 0 4 66 80 82 84 2 0 0 0 0 0 0 0 0 0 0 1 0 0 0 0 493 509 514 518 524 533 0 0 1 51313 1 0 0 0 0 0 0 0 0 0 0 0 1 4 0 1 1 0 3 16 0 0 0 16762 0 1 1 1 1 0 0 0 0 0 0 1 1 1 0 1 8 2 11 4 1 0 1 1 1 1 2 4 1 12 3 2 0 0 0 4
3 7 11 23 25 64 0 10 0 0 0 0 0 0 1 1 0 0 0 0 0 0 0 0 0 185 1 0 1 0 1 0 554 558 560 51308 2 1 0 0 0 0 0 1 1 0 0 0 0 0 1 0 0 1 3 2 4 2 3 7 16751 2 2 2 1 1 1 0 0 0 0 0 0 0 0 4 2 1 1 2 0 0 0 0 0 0 1 3 0 11 0 1 1 0 2 11
0 0 1 1 2 28 0 0 8 3 0 0 2 5 8 14 17 1 1 0 2 1 163 167 172 10 0 0 0 0 2 19 1 0 0 50743 1 0 0 0 2 1 1 21 16 13 10 5 4 3 1 0 0 2 1 1 1 1 0 1 16745 7 3 2 2 2 1 1 0 2 0 0 0 0 1 1 1 0 0 0 0 0 0 0 0 0 0 0 1 10 0 0 0 0 10 1
0 0 0 0 0 0 25 0 3 0 0 0 0 0 0 0 0 19 24 26 30 159 0 0 3 6 1 0 0 1 14 0 0 0 1 50739 0 1 2 0 3 29 24 1 0 0 0 2 1 0 0 0 0 0 0 0 0 0 0 0 16736 34 33 29 25 21 18 15 14 9 7 5 3 2 0 0 0 0 2 1 0 1 1 1 7 3 1 0 0 5 2 1 0 0 8 0
0 0 0 0 15 17 23 0 2 2 4 0 0 0 0 0 0 30 32 35 39 87 0 0 2 5 3 0 0 2 13 1 2 7 15 19 50715 6 0 0 4 30 0 1 0 0 0 6 5 4 3 2 0 0 0 0 0 0 1 2 16699 0 21 20 18 15 12 9 7 5 3 1 0 0 0 0 0 0 3 0 2 0 2 0 16 6 4 2 1 4 2 1 0 0 7 0
0 0 3 12 0 0 0 2 1 1 0 6 9 16 19 24 27 0 0 1 2 85 0 0 0 0 0 0 0 0 8 0 3 6 0 1 3 50703 50699 50696 50693 35 2 0 0 2 10 2 1 0 0 0 0 0 2 3 0 0 0 1 31 16662 0 0 0 1 1 1 0 0 0 0 0 0 2 1 1 1 42 37 33 28 26 19 0 0 0 0 0 0 0 1 0 0 4 0
7 0 1 5 1 0 0 0 0 0 0 0 1 1 0 2 0 0 0 0 0 0 82 18 16 15 1 0 0 4 2 2 0 4 0 2 1 0 1 0 1 50649 50646 50644 16 11 0 13 6 5 3 1 0 0 1 16 19 22 23 26 1 16638 2 0 0 0 0 0 0 0 0 0 1 0 60 55 51 46 2 1 1 0 0 0 0 0 0 0 0 0 4 0 0 0 0 0
4 0 0 2 0 0 0 0 0 0 0 0 0 0 0 0 0 1 9 14 15 16 41 3 0 12 0 0 0 1 1 1 0 2 0 0 0 0 0 0 0 0 0 0 50624 18 16 0 5 2 1 0 0 1 4 1 0 0 1 0 14 0 16618 1 1 0 0 0 0 0 71 68 64 63 0 0 0 0 0 0 0 0 0 0 0 1 1 1 14 12 5 4 3 0 0 0
0 0 0 0 0 2 2 1 1 1 1 1 0 0 0 0 2 6 2 0 1 3 36 0 0 10 7 4 0 0 0 0 0 0 0 0 0 1 0 1 0 0 0 0 50604 1 0 0 0 0 0 0 0 0 0 0 0 0 0 13 0 5 16615 2 1 1 1 0 0 74 0 0 0 0 0 0 0 2 2 0 0 0 0 2 27 23 19 16 0 0 0 0 0 0 1 1
0 0 0 0 0 0 3 5 2 2 4 1 0 3 0 0 1 0 1 0 0 0 15 18 0 0 0 0 2 0 0 0 0 0 0 50279 50282 50291 2 0 0 0 1 1 50600 16 0 0 0 0 5 2 0 0 1 2 6 7 9 1 3 0 1 16602 16596 16583 16579 16574 16565 16558 16375 16372 2 1 1 0 0 11 6 1 0 0 1 37 2 1 0 0 0 0 2 1 1 1 2 2
1 4 5 8 0 3 4 0 9 3 16 8 6 1 0 0 0 0 0 2 3 11 2 2 13 10 7 2 0 0 0 1 1 4 50276 2 0 1 50293 50296 50318 50345 50351 50580 1 1 14 13 9 7 0 0 0 0 0 0 0 0 0 0 1 0 1 2 9 0 1 6 4 106 0 1 16365 16360 16354 16350 16347 16332 3 2 0 1 41 0 1 0 0 0 3 4 6 14 2 0 3 3
0 0 0 0 10 11 4 6 10 21 1 0 0 0 1 0 0 0 0 1 4 1 1 1 1 1 2 0 0 0 1 1 2 50271 0 0 0 0 0 0 19 24 2 222 0 0 0 0 0 0 0 1 1 1 1 0 0 0 0 0 0 0 0 0 8 0 3 1 3 105 0 0 2 2 0 0 0 0 16326 0 0 44 0 0 0 0 0 0 0 0 0 0 18 5 6 0
0 0 1 1 0 0 12 5 18 24 0 0 1 1 2 8 4 1 0 0 0 0 0 0 0 0 0 0 0 0 0 2 2 50250 10 2 0 0 0 8 9 23 0 0 221 0 0 0 0 194 191 2 2 2 2 1 1 1 2 0 0 0 0 4 7 2 0 1 0 0 103 0 0 0 0 0 0 0 23 16300 0 0 47 1 1 0 0 1 2 1 1 38 17 9 0 0
0 1 1 4 1 0 1 13 25 25 1 1 4 3 10 0 0 0 0 0 0 0 0 0 0 0 0 0 0 1 50235 50241 50249 0 2 3 0 0 6 1 6 0 21 0 0 218 216 210 206 0 0 185 173 166 159 148 147 140 136 4 2 0 0 1 1 1 0 0 6 9 99 2 0 0 8 10 15 20 0 35 16261 16259 16256 16206 68 64 63 60 55 50 43 3 0 0 0 0
1 0 2 7 2 1 0 16 48953 48981 48994 49007 4 11 2 1 0 0 0 1 1 0 2 0 2 1 1 1 0 50232 2 1 1 0 0 0 2 1 1 0 5 0 6 11 4 0 3 1 3 4 6 3 2 2 2 1 3 0 125 0 0 0 0 0 0 0 2 4 1 0 85 1 0 6 0 2 1 0 2 31 0 0 0 0 16134 1 0 1 0 0 0 0 0 0 0 1
4 0 1 11 48886 48892 48899 48909 0 0 9 10 49020 49039 0 0 0 0 1 3 49132 49137 0 1 5 8 50215 50219 50221 2 0 0 0 0 0 0 0 0 0 1 2 1 3 4 0 3 2 0 2 3 5 2 1 1 1 0 2 0 1 121 0 1 2 0 0 0 0 0 0 0 80 2 0 5 0 0 0 0 0 29 0 0 0 16130 2 0 0 0 0 0 0 0 0 1 1 2
69 6 48865 48870 0 2 4 5 1 8 8 0 0 1 49048 1 0 0 3 49128 0 1 49143 49145 49147 50203 0 0 0 0 0 0 0 0 1 0 0 0 0 0 0 0 2 1 1 2 0 0 1 2 4 1 0 0 0 0 0 0 0 102 15 10 5 3 0 0 1 2 3 78 0 0 0 3 0 1 4 24 28 0 4 5 16123 1 0 0 0 0 1 1 1 0 411 408 398 387
48847 48855 2 1 0 1 3 4 0 3 3 7 0 0 4 49056 49060 49114 49118 0 0 0 1 0 0 2 1050 0 0 0 0 1 1 1 7 3 1 0 0 0 0 0 0 0 0 0 0 0 0 0 1 1 0 0 4 11 16 19 21 78 0 0 0 0 0 0 1 3 8 2 61 1 0 2 0 1 12 5 2 0 1 0 5 16109 0 0 0 437 434 430 424 420 4 6 7 2
0 1 1 1 0 0 2 2 0 2 0 1 6 0 1 6 1 51 0 0 0 0 0 0 0 0 2 1045 3 0 0 3 2 10 0 0 0 1 2 1 0 0 0 0 0 0 0 1 0 0 0 0 0 2 5 1 1 1 0 76 0 0 0 0 2 0 0 1 1 1 58 9 0 1 0 1 9 4 1 0 1 3 0 4 16102 452 450 10 0 2 0 1 1 1 5 6
1 0 0 0 0 0 0 0 0 0 0 0 5 0 4 0 0 0 49 8 7 5 3 1 0 0 0 0 1039 1028 998 994 987 982 958 954 4 0 5 0 1 5 2 0 0 3 4 0 0 4 1 0 0 3 0 0 0 0 0 0 73 8 6 4 0 0 0 0 0 0 45 0 7 0 0 0 7 3 0 0 0 0 1 0 0 15647 0 0 8 0 0 0 0 0 4 0
0 3 2 1 0 0 0 0 0 0 0 2 4 0 3 0 2 10 39 21 20 13 9 1 0 0 3 4 4 28 1 1 0 11 1 0 946 632 631 3 0 6 0 0 0 9 0 0 0 5 0 0 0 2 0 0 0 0 1 2 62 16 11 8 4 2 0 0 0 1 44 1 0 6 0 2 6 2 0 0 0 1 5 94 95 15645 2 1 0 7 4 2 0 1 3 0
48695 0 0 0 0 0 2 2 0 1 0 0 0 0 0 0 3 2 2 2 2 2 2 6 3 1 0 3 15 11 0 0 7 2 0 0 312 0 0 619 616 609 3 0 11 1 0 0 2 12 5 2 0 0 0 0 2 0 0 28 3 8 3 1 2 0 0 0 2 27 6 4 0 5 0 1 0 0 0 0 1 2 80 6 0 0 15543 1 0 0 0 0 0 0 0 0
48689 0 119 117 112 11 9 2 0 3 0 0 0 0 0 0 1 1 1 1 1 1 1 1 2 0 1 2 11 7 2 5 0 1 0 0 307 1 0 1 4 0 596 12 2 1 0 1 16 0 0 0 0 0 0 2 11 13 27 1 0 2 4 2 0 1 0 14 20 2 2 2 2 4 0 0 0 0 0 73 74 79 3 1 0 1 15540 0 0 0 0 0 0 0 0 0
129 126 3 0 1 99 97 93 90 87 80 76 69 2 0 0 0 0 0 0 0 0 0 0 1 0 1 2 7 6 1 2 1 0 3 5 305 3 0 0 3 0 4 577 558 551 529 526 18 0 1 1 2 0 0 0 3 1 9 0 0 1 1 1 1 0 12 2 1 1 1 1 1 1 0 0 0 2 66 2 1 1 2 0 0 18 15536 0 1 15493 15491 3 0 0 15467 15464
1 1 1 1 0 0 2 1 1 1 1 1 2 63 60 1 0 0 0 0 0 0 0 0 0 0 1 2 3 5 0 1 0 2 3 293 0 0 0 0 1 0 1 17 2 18 0 0 503 500 484 476 1 1 0 0 0 0 7 3 1 0 0 0 0 6 4 1 0 0 0 0 0 0 16 19 33 58 2 1 0 0 1 3 16 0 3 15511 15502 0 0 15484 15480 15476 4 0
0 0 0 0 0 0 0 0 0 0 0 0 1 1 0 55 48 46 42 38 34 25 20 15 0 0 0 0 2 3 0 0 1 2 0 13 273 264 1 0 0 0 15 0 1 10 6 0 0 13 0 3 468 4 0 0 0 0 2 0 0 0 0 1 2 2 1 1 0 0 1 5 14 15 1 1 9 18 4 1 0 0 2 3 7 0 0 7 2 1 0 1 2 1 1 0
3 2 1 0 0 0 0 0 0 0 1 0 0 0 1 3 0 1 1 1 2 2 2 2 13 10 7 1 1 1 0 0 0 0 12 1 5 248 12 0 0 13 0 0 2 6 3 1 0 11 1 0 0 461 388 386 4 1 0 0 0 0 0 0 0 0 0 0 0 0 2 2 4 0 0 8 7 7 1 3 0 1 0 1 0 5 4 1 1 0 0 0 0 0 0 0
0 0 0 0 0 7 4 1 10 9 3 1 0 0 0 0 0 0 0 0 1 1 1 1 1 1 2 1 0 0 0 0 7 11 0 3 0 1 245 10 0 9 2 1 2 2 2 0 3 3 2 0 0 70 0 0 378 0 0 0 1 1 2 1 0 0 0 0 0 0 0 0 3 0 7 3 2 3 2 0 2 0 0 1 4 1 1 0 0 0 1 16 19 21 25 0
983 1 0 28 26 16 14 12 0 0 0 0 0 0 0 0 0 0 0 0 0 0 0 0 0 0 0 0 0 0 3 5 1 0 1 0 0 0 243 7 0 8 1 0 1 1 1 0 1 2 0 0 0 64 3 0 4 371 368 3 0 2 3 7 4 1 0 2 0 0 0 0 1 3 1 2 1 2 0 0 0 0 0 0 0 0 0 0 8 9 13 1 0 2 1 274
5 973 31 0 0 0 0 0 0 0 0 0 1 1 1 1 2 1 1 0 0 0 0 0 0 0 0 0 0 0 0 0 0 0 0 1 0 0 241 5 0 6 0 0 0 0 0 0 0 0 17 19 60 2 2 1 0 1 0 361 358 68 60 48 47 45 41 37 27 22 1 0 0 2 0 1 0 0 0 0 0 0 0 0 0 1 2 3 2 1 0 0 1 0 0 242
0 2 937 1 0 0 0 0 848 845 842 838 832 822 815 811 2 0 65 59 55 0 1 1 35 33 18 5 3 2 0 0 0 0 0 1 4 240 1 2 0 2 2 0 0 1 6 7 12 16 0 4 2 31 1 1 0 0 0 0 0 287 2 2 0 2 1 1 3 1 18 1 0 0 0 0 0 0 0 1 1 1 1 0 1 0 0 0 0 0 0 0 0 0 0 0
1 2 0 930 926 0 862 860 9 0 1 3 6 3 0 2 799 796 0 2 0 52 48 43 0 12 0 9 3 0 0 0 1 1 1 0 229 1 0 0 0 0 0 0 0 3 0 3 1 0 1 1 1 25 4 0 0 0 3 5 280 1 1 1 1 1 0 0 2 0 9 5 0 0 0 0 0 89 94 99 0 2 2 0 1 3 1 0 0 0 1 0 0 1 222 225
0 1 0 1 7 914 47 1 0 7 0 2 5 2 0 0 1 727 0 0 0 0 1 2 2 9 0 3 0 1 0 0 2 17 27 37 189 0 0 0 0 0 0 0 0 0 0 0 0 0 0 0 0 21 1 3 1 1 0 167 101 1 0 0 0 0 0 0 0 0 4 2 3 2 0 2 86 0 0 1 105 109 0 4 129 141 145 150 181 186 191 193 199 217 0 1
0 0 0 1 4 2 2 41 0 5 0 1 3 0 1 0 1 725 0 5 3 1 0 1 1 3 4 1 0 0 1 7 11 2 1 0 7 187 3 1 0 2 1 0 0 0 0 1 2 8 14 16 19 0 0 0 0 0 166 7 91 0 0 0 0 0 0 0 0 0 2 0 0 0 0 0 81 0 0 0 0 4 117 122 2 1 0 2 28 2 1 3 11 3 0 0
2 1 0 1 1 1 1 39 0 3 0 0 1 0 0 0 3 4 716 1 0 0 0 0 0 2 1 1 0 0 1 1 2 1 0 1 2 1 182 2 0 5 1 0 1 1 0 2 4 2 1 0 1 0 0 0 1 165 3 0 1 90 1 0 1 1 9 6 4 1 0 0 0 0 1 49 51 26 1 0 3 1 0 2 1 0 1 25 1 1 0 2 10 1 0 0
1 0 0 0 0 0 0 15 22 2 1 0 0 0 1 2 0 705 1 0 0 3 2 1 0 1 0 0 0 0 0 0 0 0 0 0 0 0 0 177 18 17 8 6 3 0 0 0 0 0 0 0 0 1 4 5 162 0 0 0 0 0 86 19 17 14 1 0 0 0 0 0 2 3 4 40 0 23 0 0 0 0 0 0 0 0 23 0 0 0 0 0 9 0 0 4
10 2 1 0 1 4 9 14 4 16 5 1 0 0 1 4 6 703 0 0 0 4 0 1 0 0 0 0 0 0 0 3 4 0 8 11 12 0 0 157 6 5 2 1 0 0 0 0 1 0 1 0 0 1 36 38 96 58 3 0 1 3 65 37 29 23 10 1 0 0 0 0 0 1 35 39 0 22 15 2 1 0 2 0 1 12 22 3 1 1 3 5 8 0 0 6
0 6 5 3 0 1 3 3 3 3 5 2 0 0 1 0 0 0 692 629 624 6 2 0 0 1 9 6 2 0 0 0 0 6 0 0 6 22 27 120 0 1 0 0 8 6 0 0 5 8 15 26 28 31 1 0 56 53 0 0 0 0 22 6 4 1 9 7 2 0 2 7 8 31 0 2 2 1 9 1 0 0 1 6 9 2 1 0 0 0 0 0 0 0 0 0
16 9 0 0 2 0 2 2 2 2 2 1 0 0 1 2 0 54 6 2 0 614 608 18 15 14 1 0 0 0 0 0 0 1 3 5 1 1 0 85 32 29 23 18 4 0 3 3 0 5 3 2 0 1 0 0 54 52 0 0 0 0 20 5 3 0 1 6 3 0 0 2 13 7 1 1 1 0 7 0 0 0 0 0 0 0 0 0 0 0 0 0 0 0 1 1
2 2 7 2 0 1 1 1 1 1 1 0 1 10 15 28 52 1 3 1 2 1 0 584 0 0 0 0 0 0 2 1 0 0 0 0 0 0 83 0 1 2 1 2 3 2 2 2 3 1 0 0 0 0 0 51 1 32 17 7 5 3 19 0 3 2 0 5 0 0 1 9 2 4 0 0 0 2 2 0 0 0 0 0 0 0 0 0 1 0 3 6 1 0 1 129
1 1 1 1 0 0 0 0 0 0 0 0 7 3 11 17 1 0 2 0 1 0 2 582 1 1 0 0 0 1 4 2 1 3 1 0 0 79 0 1 0 1 0 1 2 1 1 1 2 0 3 6 11 19 48 0 0 31 4 2 0 2 15 2 1 0 1 1 2 0 3 4 1 1 1 0 1 0 0 0 0 1 1 4 1 1 1 3 0 0 0 1 9 12 126 0
0 0 0 0 0 0 0 0 0 0 3 6 2 3 6 3 12 0 0 0 0 1 1 2 571 565 561 1 0 2 5 19 13 5 2 0 0 76 1 0 0 0 0 0 0 0 0 0 1 2 1 0 2 6 14 12 8 30 1 1 1 1 14 0 0 0 0 0 1 2 1 1 0 0 0 0 0 0 0 0 2 1 2 48 59 64 71 1 0 0 0 0 101 105 2 0
0 0 0 0 2 3 2 1 0 0 0 1 1 2 2 2 2 11 8 1 0 0 1 1 2 0 2 553 551 548 543 2 1 2 1 0 0 71 1 0 0 0 0 6 5 3 0 0 0 0 0 1 5 10 2 2 7 2 26 0 0 0 0 13 2 1 0 0 0 0 0 0 0 0 1 2 18 22 23 26 28 37 44 1 0 1 2 81 1 3 5 99 0 1 1 0
1 1 2 9 5 0 2 1 0 0 0 0 0 1 1 1 1 1 3 1 0 0 0 0 0 0 0 0 0 0 513 3 0 0 1 0 0 1 66 54 0 2 7 0 0 0 0 0 0 0 0 0 3 9 1 1 6 1 12 12 8 5 0 0 8 2 0 0 0 0 0 1 5 6 8 11 1 0 0 0 4 2 0 0 0 1 2 0 84 85 88 2 0 0 0 0
0 16 10 0 0 0 0 7 0 2 0 0 0 0 0 0 0 0 0 1 0 0 0 0 0 0 0 282 290 292 215 210 1 0 0 0 0 5 1 2 51 48 43 0 0 0 0 1 8 6 0 2 2 5 0 0 5 0 11 0 1 1 3 2 0 0 0 1 1 1 0 0 0 0 0 0 0 0 1 3 0 0 0 0 0 0 0 0 0 0 0 0 0 0 0 0
0 20 2 0 1 2 8 0 0 3 2 1 0 0 0 0 0 0 0 0 0 1 4 6 1 30 281 4 1 0 0 2 209 4 2 0 1 2 0 1 1 0 2 29 27 24 19 16 5 0 3 1 1 3 0 1 2 0 8 0 0 0 2 0 0 0 0 2 4 1 0 0 0 0 0 0 0 0 0 0 1 0 1 1 0 0 0 0 0 0 0 0 0 1 1 1
416 402 0 0 2 168 164 150 147 146 136 131 24 2 1 0 1 2 0 0 0 0 0 2 25 247 0 1 1 0 1 2 200 1 0 0 0 0 0 0 0 0 0 0 0 0 0 0 1 1 1 0 0 0 2 0 1 1 1 3 0 0 0 0 0 1 1 3 7 1 0 0 2 1 1 1 1 1 0 1 3 6 1 4 23 28 32 34 1 1 49 57 67 70 73 78
11 14 364 361 173 0 0 1 0 4 0 0 102 19 14 12 7 3 1 1 0 0 0 0 13 245 0 0 0 0 1 1 4 190 0 0 0 0 0 0 0 0 0 0 0 0 0 0 0 0 0 0 0 0 0 0 0 0 0 0 0 0 0 0 3 2 2 4 10 0 1 0 4 0 4 2 2 3 0 0 0 2 12 14 1 0 1 2 43 45 5 0 7 1 3 4
2 10 1 3 178 2 1 0 0 2 0 3 97 0 0 0 0 4 3 0 1 0 3 8 3 1 242 3 2 0 0 1 1 5 182 1 1 1 1 1 1 1 94 88 0 50 48 45 1 0 0 0 2 3 2 1 0 0 0 0 0 0 1 1 0 4 3 8 11 1 2 1 5 0 1 11 5 0 0 0 0 0 0 0 0 0 0 0 2 0 4 0 4 0 0 1
5 3 0 0 1 177 4 2 0 1 2 0 5 89 86 83 48 1 0 3 0 0 1 1 2 0 235 1 0 1 0 0 3 0 2 176 170 166 120 114 108 105 2 2 85 32 2 1 41 0 0 11 5 0 0 0 0 0 2 0 2 0 1 2 2 1 5 13 12 5 0 0 8 0 3 19 0 0 1 1 0 0 0 0 0 0 0 0 1 0 3 0 2 0 0 29
1 1 0 0 169 0 0 0 0 0 1 2 1 1 1 33 1 38 31 6 4 0 0 0 1 0 2 230 0 0 0 0 1 1 1 2 0 42 2 0 1 4 1 1 0 2 25 0 0 39 33 18 0 0 1 1 1 0 4 0 4 0 3 0 449 456 464 480 495 503 505 10 0 1 24 0 0 0 3 2 0 1 2 1 1 1 0 1 0 0 0 1 1 24 28 0
0 0 0 1 166 3 2 1 0 0 0 0 0 0 0 32 0 0 4 19 0 2 1 0 0 0 0 224 3 1 0 0 0 0 0 0 40 0 0 0 0 3 0 0 0 0 9 13 0 4 0 0 15 3 0 0 5 1 5 0 6 0 5 441 2 0 0 0 0 0 0 531 547 551 579 0 1 1 4 3 1 2 3 0 5 640 646 1 1 0 0 0 20 0 0 0
0 2 4 8 161 137 0 0 0 0 3 2 1 1 2 31 2 1 3 1 18 16 9 1 0 0 4 223 2 1 0 0 0 0 1 5 39 25 2 1 0 2 0 1 2 5 8 11 0 3 0 5 9 1 0 0 6 2 6 0 8 422 434 3 0 0 0 0 1 2 20 2 2 0 3 586 592 597 604 612 616 621 627 629 631 0 649 3 0 0 0 1 19 13 9 5
0 0 1 0 12 0 135 0 1 5 1 0 0 0 3 2 17 0 0 0 0 3 1 6 0 2 0 3 209 0 0 1 1 0 2 1 4 4 16 1 0 0 0 0 0 0 1 0 8 2 1 1 0 0 0 0 381 386 397 403 420 0 3 2 2 0 5 9 12 14 1 1 1 0 1 1 2 1 0 2 0 0 0 0 0 0 0 670 14 13 3 0 2 2 2 1
