code/mhm/catchment_custom/input/morph/facc.asc
ncols                168
nrows                208
xllcorner            12.6875
yllcorner            50.59375
cellsize             0.001953125
nodata_value         -9999
[rows 73 to 145 of 208, columns 0 to 95 of 168]
1 0 0 2 11 0 0 131 119 116 2 1 0 0 1 1 1 14 12 10 7 2 0 2 1 1 1 0 2 204 202 3 0 0 0 1 1 1 1 13 9 8 6 3 0 0 1 5 1 1 0 0 0 0 2 365 5 0 2 3 2 2 2 1 1 1 1 1 1 0 0 0 0 0 0 0 0 0 0 0 0 0 0 0 0 0 0 673 0 5 0 2 1 1 1 0
0 0 0 2 1 1 0 3 5 104 0 0 0 0 0 0 0 0 0 1 3 2 1 1 0 0 0 0 0 0 194 1 0 0 0 0 0 0 0 1 0 0 0 0 0 0 1 0 0 0 0 0 0 354 359 1 0 3 1 2 1 1 1 0 0 0 0 0 0 0 0 0 0 0 0 0 0 0 0 0 1 1 0 1 684 681 679 1 0 2 1 1 0 0 0 0
1 0 0 0 0 0 1 0 4 98 3 1 1 0 0 0 0 0 0 0 0 1 1 0 0 0 0 0 1 0 28 161 1 0 1 0 0 0 0 0 0 0 0 0 0 0 0 0 0 0 0 2 347 2 0 2 0 2 0 1 0 0 0 0 0 0 0 0 0 1 4 5 2 1 0 1 1 1 2 0 1 4 0 704 15 12 0 0 0 0 0 0 0 0 0 0
0 0 0 0 1 0 0 0 2 0 96 5 2 0 1 1 1 1 1 0 1 0 0 0 0 0 1 1 2 27 0 5 152 9 7 4 1 0 2 0 0 1 5 2 0 0 0 1 2 296 302 346 0 0 0 0 0 0 0 0 1 7 8 13 16 1 1 0 1 0 0 0 10 0 105 107 115 120 125 126 128 2 713 1 0 0 11 10 8 7 1 0 0 0 1 1
2 6 4 2 0 0 0 0 0 0 2 85 47 46 45 39 37 28 12 10 7 1 0 0 2 0 11 17 19 21 2 0 56 84 3 2 1 0 24 19 17 16 2 0 0 0 1 284 290 0 3 4 33 17 13 11 8 7 0 0 3 0 3 2 7 31 38 42 46 52 53 58 94 99 0 0 2 1 0 0 1 848 19 0 0 4 3 1 0 2 1 0 1 0 1 2
10 1 0 0 2 1 1 0 0 0 0 0 35 0 0 0 1 1 12 5 0 4 0 0 6 8 1 0 0 0 0 0 55 17 61 54 40 38 5 2 0 3 0 0 0 2 276 1 0 3 2 3 5 8 2 0 1 3 1 1 0 2 1 3 5 1 1 0 1 1 2 21 1 2 0 0 0 0 0 1 2 873 0 17 14 3 1 0 0 0 0 0 0 2 1 2
0 0 0 1 9 3 0 2 0 1 0 0 33 0 0 0 0 0 3 1 3 0 1 0 0 0 0 0 0 45 50 54 16 0 4 4 7 4 1 1 0 0 1 0 0 0 271 0 0 2 1 2 4 1 5 1 0 2 0 0 1 0 2 1 2 0 0 0 0 0 0 20 0 0 0 0 0 0 1 2 0 875 0 1 2 1 0 0 0 0 0 0 2 3 2 0
0 0 1 12 0 5 4 0 0 2 1 0 1 29 20 15 14 4 2 2 0 2 0 1 16 17 22 34 44 1 1 2 0 14 3 3 6 2 0 0 0 0 0 0 0 213 54 3 1 1 0 1 3 0 1 2 0 0 0 0 0 1 0 0 0 0 2 4 6 7 15 2 0 0 0 0 1 1 0 0 5 878 1 0 0 0 0 0 1 0 2 1 3 4 3 1
416 413 410 21 6 0 0 0 138 136 11 1 0 0 7 1 1 6 0 1 1 1 0 6 6 3 4 4 7 0 0 1 8 4 2 2 2 2 1 0 0 0 168 208 210 6 41 0 0 0 0 0 1 0 0 0 0 0 0 0 0 0 0 0 0 0 0 0 0 3 2 0 0 0 1 2 2 0 2 1 26 886 0 0 0 0 0 1 2 0 4 7 0 5 0 6
0 0 0 384 158 157 148 141 0 118 1 7 5 3 1 6 0 0 5 0 0 0 5 2 2 2 3 3 1 4 0 2 4 3 1 1 1 1 0 0 161 164 2 34 0 1 3 40 0 6 5 2 0 0 0 0 0 0 20 22 0 30 34 37 39 0 0 0 1 0 0 0 1 0 2 6 15 17 18 23 1 916 0 0 0 2 1 2 3 1 13 0 0 6 1 0
0 0 98 125 0 1 4 3 0 114 0 0 0 0 0 0 5 3 1 4 0 2 1 1 1 1 2 2 0 3 1 1 1 2 0 0 0 0 0 0 157 1 0 0 33 0 1 0 38 0 0 0 0 0 1 9 12 14 1 0 27 1 0 2 4 46 1 0 0 0 0 0 2 0 0 0 0 0 0 0 0 1048 1050 1072 1079 1084 1089 1098 0 16 1 0 1 7 3 0
0 2 93 121 1 0 1 1 2 86 26 23 20 0 0 0 0 0 0 0 2 1 0 0 0 0 1 1 1 0 0 0 0 0 0 0 0 0 0 156 5 2 0 0 30 0 0 0 6 21 0 0 0 0 1 2 0 0 0 0 1 0 0 0 0 1 51 1 0 1 1 2 3 0 1 0 0 0 1 0 1 127 19 3 0 0 1 25 1131 1151 1156 1160 1164 1174 1202 1206
1 89 0 1 120 0 0 0 1 83 1 1 1 18 15 11 8 1 0 0 0 0 0 0 0 0 0 0 0 0 0 0 0 0 0 0 2 0 136 9 0 1 1 1 1 25 0 1 1 1 19 6 3 0 0 0 0 0 0 0 0 0 0 0 0 0 0 52 2 6 9 85 92 94 102 110 113 120 124 125 126 16 1 1 0 0 23 0 5 1 1 1 0 0 22 2
0 86 0 0 0 118 1 0 0 82 0 0 0 0 0 0 0 5 4 2 1 0 0 1 4 6 7 8 9 11 13 15 16 18 21 105 111 129 3 0 6 0 0 0 0 22 0 0 0 0 0 9 0 1 0 3 1 3 0 0 1 3 5 8 9 11 13 15 69 70 71 0 0 4 4 0 0 4 0 0 14 0 0 0 0 20 0 0 4 0 0 0 0 21 0 0
0 83 0 0 5 115 5 2 0 81 65 62 51 50 45 43 39 36 30 20 7 0 0 0 5 8 11 13 14 16 45 47 48 67 81 0 1 16 0 1 0 5 1 3 10 21 5 4 1 1 3 8 0 0 0 4 0 4 0 0 0 1 0 0 0 0 0 0 0 0 1 2 3 0 3 1 3 0 1 7 12 1 0 0 1 18 1 0 3 0 1 0 11 19 2 2
74 80 0 2 0 3 98 1 0 14 1 2 6 3 0 2 1 2 1 8 11 5 1 1 1 1 1 0 0 25 1 0 17 1 3 5 0 3 11 1 0 4 0 0 5 2 0 1 0 0 0 1 0 0 0 2 6 5 2 0 0 0 2 1 2 1 1 0 1 1 0 0 0 0 0 0 0 1 4 0 0 0 0 3 7 1 3 0 2 0 3 9 1 1 1 1
0 1 1 1 1 0 90 6 0 13 0 0 1 5 2 1 0 1 0 7 10 1 0 0 0 0 0 0 23 0 0 0 15 0 2 1 2 2 5 2 0 3 0 0 3 0 0 0 0 0 0 0 0 1 0 0 11 0 9 1 1 0 1 3 2 5 8 0 4 0 3 1 1 0 0 0 0 0 0 0 0 0 0 1 0 0 0 0 1 1 1 0 0 0 0 0
20 0 0 0 0 1 89 4 0 11 1 0 0 1 2 1 0 0 2 3 3 5 0 0 6 7 11 13 18 2 0 1 12 1 1 0 1 1 1 2 0 1 0 0 0 0 0 0 0 2 1 0 0 1 3 0 12 0 1 12 2 1 0 2 7 0 0 10 11 17 19 26 2 2 3 1 0 0 1 2 5 1 0 0 0 0 0 0 0 0 0 0 0 0 0 0
18 0 0 0 0 0 85 2 0 3 4 3 1 0 0 0 0 0 0 2 0 1 4 3 0 0 1 0 3 1 0 4 2 1 0 0 0 0 0 0 0 0 0 0 0 0 0 1 1 4 2 1 1 0 2 5 13 1 2 0 13 5 1 3 0 9 0 0 0 0 0 0 30 7 0 0 0 0 0 0 0 9 0 0 0 2 1 1 0 0 0 0 2 971 1065 1069
5 9 1 0 0 0 83 0 0 0 1 0 0 0 0 0 0 0 0 0 0 1 1 1 0 0 0 1 0 0 1 0 0 0 0 0 0 0 0 0 0 1 1 1 1 1 0 1 2 2 8 2 2 1 3 0 20 2 3 1 14 6 2 0 4 1 11 1 1 0 2 0 32 8 2 1 0 1 0 2 1 10 782 787 790 930 936 941 947 953 957 961 969 0 91 1
2 2 2 2 9 82 0 0 3 2 1 0 0 0 0 2 1 1 0 0 0 0 0 0 0 0 0 0 0 0 0 0 0 0 0 0 3 0 0 2 1 2 2 0 4 2 1 2 3 3 0 12 3 2 4 1 21 0 3 6 0 23 48 51 58 62 76 80 84 87 92 95 130 141 146 721 725 743 750 756 762 780 0 2 0 135 2 1 3 3 1 1 0 1 90 0
0 1 1 0 4 2 67 62 53 49 38 36 0 1 22 16 0 8 3 0 0 1 2 0 3 0 2 5 2 0 0 2 0 0 1 4 5 0 0 1 5 0 6 1 5 3 2 3 4 4 0 1 13 7 5 2 22 1 0 13 15 20 0 0 0 0 0 0 0 0 0 0 0 0 0 571 1 14 4 1 2 1 2 1 1 132 1 0 2 2 0 0 0 87 0 0
0 0 0 0 2 1 2 3 2 5 3 0 33 26 1 0 12 0 0 0 0 1 2 6 4 0 0 0 7 13 6 1 0 0 1 0 5 6 2 2 6 1 7 2 6 4 3 4 5 5 1 4 19 28 35 36 63 66 0 0 0 0 0 0 0 0 0 0 0 0 0 552 558 566 568 1 0 13 3 0 1 0 1 0 0 130 0 0 1 1 0 1 84 0 0 0
12 10 9 0 0 0 1 2 1 3 0 2 1 1 0 0 0 0 0 0 0 0 0 0 12 1 1 0 0 0 22 0 0 1 1 2 7 7 3 3 7 2 0 9 20 26 31 32 44 6 0 0 0 0 0 0 0 0 67 0 0 1 2 1 343 346 349 352 355 356 548 1 4 6 0 0 0 11 1 0 0 0 0 1 110 129 11 9 0 0 0 5 74 0 0 49
0 0 0 7 5 2 0 1 0 1 0 0 0 0 0 0 0 0 0 2 1 1 0 1 14 0 5 0 0 0 0 24 1 2 2 3 0 17 4 4 8 3 0 0 0 0 0 0 0 45 7 1 4 163 165 178 181 185 187 257 260 261 332 338 0 0 0 0 0 183 5 0 3 2 2 2 7 1 0 0 0 87 90 104 2 1 3 0 8 0 3 71 0 0 3 43
0 0 0 0 0 0 1 0 0 0 0 0 0 0 1 0 0 2 0 4 0 4 1 0 17 0 7 1 1 1 0 1 25 5 3 4 0 1 20 33 44 50 53 54 61 64 66 78 82 130 140 150 156 0 10 1 0 1 0 0 0 66 2 0 0 0 0 1 181 0 2 1 2 1 1 1 2 0 0 0 85 1 5 6 1 0 1 0 7 1 68 0 0 2 0 41
0 2 0 0 0 0 0 0 0 1 0 1 1 1 2 1 1 3 1 5 1 5 2 1 18 1 8 2 2 2 1 2 26 6 4 5 0 0 0 0 0 0 0 1 1 0 4 4 1 0 0 8 4 3 1 0 0 0 0 1 64 0 0 0 68 72 76 178 99 0 1 0 1 0 0 0 0 0 0 83 0 1 2 2 2 0 0 4 1 0 1 65 0 1 0 5
1 3 1 1 1 1 1 1 1 2 1 2 2 2 3 2 2 4 2 8 0 6 3 0 21 0 2 15 3 3 5 0 0 27 7 12 1 0 0 0 0 0 0 0 0 1 1 3 0 4 7 1 1 1 0 0 0 0 47 57 2 0 0 67 0 0 2 0 94 2 0 0 0 0 2 5 7 8 52 29 0 0 1 1 0 0 2 0 0 0 56 4 1 0 0 3
6 0 2 2 2 2 2 2 2 3 2 3 3 3 4 3 3 32 23 1 0 7 0 5 22 1 0 0 16 14 1 0 0 1 36 13 2 1 1 1 1 2 0 0 0 0 0 2 1 1 1 0 0 0 0 40 43 45 5 2 0 0 0 65 0 0 0 14 76 1 0 0 0 0 1 0 0 38 2 0 26 1 0 0 0 1 1 3 30 52 2 1 1 0 0 1
109 17 15 11 4 0 3 7 11 4 8 4 4 9 60 44 35 1 0 11 10 8 1 8 23 0 3 5 24 45 2 1 1 2 5 43 64 2 2 19 11 10 6 3 1 0 0 0 0 0 0 0 1 2 37 0 0 0 4 0 0 0 51 9 0 0 1 13 75 0 0 1 3 0 0 1 35 0 0 0 20 2 1 0 0 0 0 0 24 20 0 0 0 0 0 0
117 4 3 1 0 0 0 0 12 0 9 5 0 0 61 2 1 0 0 0 0 0 0 9 24 0 0 0 0 46 0 0 0 0 0 0 65 0 0 21 0 0 0 0 0 0 0 0 0 0 0 0 1 2 33 2 1 1 3 0 0 0 49 8 0 0 4 10 73 0 1 3 6 12 13 17 32 4 2 3 19 11 4 0 2 3 5 9 23 19 12 5 4 0 0 7
121 2 0 0 0 0 2 1 13 1 10 6 1 69 5 0 0 0 2 1 0 1 1 10 25 1 1 1 1 47 1 1 1 1 1 0 67 61 58 34 33 31 28 20 1 0 2 1 0 0 3 5 17 23 1 0 0 0 0 0 31 33 13 0 5 2 1 2 71 0 0 0 1 0 2 1 6 0 1 2 2 2 2 2 1 0 2 9 2 5 0 4 1 0 0 4
1 0 0 0 1 0 4 2 122 107 101 88 76 2 0 0 0 2 9 1 0 0 2 13 26 2 0 4 50 0 2 2 2 2 2 1 130 0 0 0 0 0 2 1 16 14 8 4 0 0 1 8 1 1 2 0 10 11 23 25 1 0 12 1 2 1 0 1 69 0 0 0 0 0 0 0 2 2 0 1 1 1 1 1 0 1 5 2 1 1 2 0 2 0 1 1
0 0 0 0 3 1 135 129 0 2 0 1 1 0 0 0 0 0 0 12 1 1 0 3 41 4 0 0 56 1 0 6 335 331 326 320 313 2 0 0 0 0 0 0 0 0 0 0 0 0 2 2 0 0 1 1 7 3 6 0 0 1 9 0 1 0 0 16 18 31 30 23 0 0 0 0 0 0 0 0 0 0 0 0 0 2 1 1 0 0 0 0 0 0 0 0
0 0 1 2 4 141 1 0 0 0 0 0 0 0 0 0 1 1 2 13 2 2 0 5 494 451 442 434 431 371 366 356 2 0 1 3 0 177 171 3 0 0 0 0 0 0 0 0 0 0 0 0 0 0 0 1 4 2 4 0 0 5 1 0 0 0 15 10 5 0 2 0 21 15 11 5 1 0 0 0 0 0 0 0 0 0 0 0 0 0 0 0 2 1 0 0
0 0 1 5 149 0 0 0 0 0 0 0 0 1 1 0 1 2 2 684 666 662 507 498 0 2 5 0 1 1 7 3 5 1 0 2 1 2 0 164 0 1 2 1 0 1 2 1 0 0 0 0 0 0 0 1 1 1 0 2 2 1 0 0 6 13 8 0 2 1 1 1 2 1 1 1 2 0 2 4 7 1 1 1 1 0 0 1 1 0 3 3 0 0 0 1
1 0 1 159 0 0 0 0 1 0 2 1 1 2 0 2 3 701 697 7 0 150 0 0 0 1 1 2 0 0 6 0 1 4 0 1 0 1 0 0 160 126 53 52 48 44 34 33 26 14 12 9 5 2 0 0 0 0 0 0 1 0 1 4 2 2 5 1 1 0 0 0 1 0 0 0 0 0 0 0 1 11 17 4 0 0 0 0 5 6 16 1 0 1 3 1
2 1 162 0 0 0 1 1 2 1 3 0 4 736 732 729 723 2 0 1 3 4 144 0 0 0 0 0 0 0 1 2 0 1 1 0 0 0 15 31 0 65 0 0 1 1 1 1 1 9 7 1 1 0 0 0 0 0 0 0 0 0 0 0 1 1 2 1 0 0 0 0 0 0 0 0 0 0 0 0 0 0 0 24 2 1 0 0 0 0 0 19 1 10 3 0
2277 0 2258 2094 2091 2081 2079 1062 1059 1054 1050 1044 743 0 0 1 11 1 1 0 2 3 2 139 0 0 0 0 0 0 0 0 0 0 0 1 9 13 1 2 9 64 0 0 0 0 0 0 0 0 2 1 0 0 0 1 1 2 1 0 0 0 0 0 0 0 0 0 0 0 0 3 0 0 1 4 1 1 0 2 0 0 0 0 95 2 1 1 1 1 0 21 13 0 0 0
3 2266 3 0 0 6 1013 0 0 0 0 2 295 0 0 0 1 8 0 0 1 2 1 0 135 118 115 97 93 0 0 3 2 0 0 3 2 2 0 1 8 3 58 51 38 0 0 0 0 0 0 1 0 0 5 10 13 17 2 1 1 1 2 0 0 0 0 0 1 0 0 3 12 13 16 27 28 32 38 47 52 55 58 65 0 100 111 119 124 129 131 155 15 1 0 1
1 2 1 0 2 2 1011 0 0 0 0 0 2 290 0 0 0 4 2 0 0 1 0 9 5 0 9 5 0 90 6 0 0 0 0 1 1 1 0 4 2 2 2 2 10 36 34 30 11 7 2 1 0 1 0 1 2 3 25 28 2 5 3 1 0 1 1 3 2 0 0 0 2 0 3 0 0 2 0 2 2 0 0 5 2 4 2 1 1 1 0 1 158 184 1 2
0 1 0 1 1 1 19 989 4 1 0 0 0 284 2 0 0 0 2 0 0 1 6 1 4 6 1 3 0 6 75 63 0 1 0 0 0 0 1 1 1 1 1 1 9 0 1 9 5 1 2 0 0 0 0 0 0 0 1 0 29 43 0 0 0 1 4 10 2 1 0 0 0 0 1 0 0 0 0 0 1 1 4 1 1 1 1 0 0 0 0 0 4 1 185 189
0 0 0 0 0 12 3 0 982 1 0 0 0 3 279 1 0 0 0 0 0 1 1 0 3 5 0 2 2 2 3 6 60 0 0 0 0 0 0 0 0 0 0 0 6 1 0 8 1 2 0 0 0 0 0 0 0 0 0 69 71 73 119 122 0 0 20 1 0 0 0 0 0 0 0 0 0 0 0 0 0 0 0 0 0 0 0 0 0 0 0 1 0 0 0 0
0 0 6 9 11 1 0 0 979 0 3 1 0 0 8 267 263 0 0 0 0 0 0 0 1 1 2 1 1 1 2 2 2 56 51 43 41 38 0 0 0 0 0 0 1 2 0 7 0 0 0 0 0 1 1 52 56 60 63 0 0 0 0 8 134 21 1 0 0 1 2 0 1 0 1 2 1 1 1 0 0 1 2 0 0 0 0 0 2 1 0 0 0 0 0 0
1 4 1 0 0 0 4 5 9 966 1 0 0 0 6 0 1 259 1 1 0 0 0 0 0 0 1 0 0 0 1 1 1 1 1 5 3 0 36 33 10 9 4 0 0 0 0 4 1 1 3 5 0 43 45 1 1 1 0 0 0 1 6 1 2 159 0 0 1 5 0 1 2 1 2 3 4 4 1 0 0 0 0 4 7 1 0 3 3 2 1 0 1 1 1 1
0 0 0 0 1 2 0 1 0 959 0 2 1 0 5 0 0 4 250 4 0 6 3 1 0 1 0 0 1 0 0 0 0 0 0 0 0 0 1 4 14 0 0 2 1 0 3 0 0 0 0 1 37 0 0 0 0 0 0 1 2 3 0 0 1 165 172 4 2 8 1 2 6 2 6 26 9 3 2 1 0 2 4 5 6 17 0 1 10 0 4 7 9 2 4 2
9 10 11 12 13 14 46 52 53 957 4 0 1 0 4 2 0 1 5 238 7 0 0 0 2 0 0 0 2 0 0 0 0 0 0 2 1 0 0 3 1 13 11 9 4 0 2 0 0 1 13 20 28 3 1 0 0 0 0 0 0 0 0 0 0 44 218 0 0 9 0 0 7 0 0 29 1 0 0 0 0 0 0 0 1 18 0 0 12 0 0 0 0 13 3423 3579
0 1 2 3 4 30 3 0 5 0 890 4 1 0 0 1 0 4 1 0 226 223 181 5 0 2 0 0 5 1 0 0 2 7 4 0 0 0 0 0 0 0 0 1 1 2 1 0 7 10 2 2 2 0 0 0 2 0 1 20 22 27 29 39 41 0 0 220 242 253 0 270 279 2 30 0 0 0 1 1 1 2 0 0 1 5 20 0 0 14 1 0 2 3403 0 151
0 0 17 20 24 1 0 1 2 0 884 3 2 1 0 0 1 1 0 0 0 39 0 172 159 158 147 1 8 1 0 1 11 0 0 0 1 2 0 0 0 1 0 0 0 1 0 2 1 1 1 1 1 0 2 4 11 12 16 0 2 1 6 0 0 0 1 18 4 7 264 1 0 288 32 0 1 1 2 2 2 5 0 0 0 0 7 21 24 3358 3362 3374 3396 0 1 150
9 15 1 1 0 0 0 0 0 0 878 2 1 0 0 0 0 0 0 11 36 1 2 3 4 1 4 143 137 75 71 66 49 46 42 1 26 20 14 10 7 6 1 0 0 0 0 0 0 0 0 0 0 0 0 0 0 0 0 0 0 0 2 0 5 10 15 1 1 1 1 0 2 0 291 327 331 334 10 3 6 0 1 0 0 0 0 8 3317 0 0 9 16 2 0 149
2 0 0 0 0 0 0 0 0 0 873 12 10 7 4 0 0 3 9 21 1 0 1 2 3 0 3 4 51 0 0 1 1 1 1 38 0 0 2 1 0 0 0 1 0 0 0 0 0 0 0 0 0 0 0 0 0 0 0 0 0 1 1 3 2 1 1 0 0 0 0 0 0 0 0 0 0 0 358 10 2 0 0 4 6 0 1 3303 11 0 2 5 5 9 1 148
0 0 0 0 0 1 31 36 38 40 858 0 0 1 0 1 1 2 1 19 0 0 0 1 2 2 2 0 48 1 0 0 0 0 0 1 7 0 0 0 0 0 0 2 1 1 1 1 1 1 1 0 1 1 2 1 1 1 1 1 0 0 0 0 0 0 0 0 0 0 0 0 0 0 0 0 0 0 359 0 0 0 0 0 0 7 3161 3290 0 9 1 4 4 8 0 1
0 0 2 20 25 27 1 0 0 5 815 0 1 0 0 0 0 1 0 2 15 1 0 0 1 1 1 0 2 43 0 0 0 0 0 0 2 2 0 0 1 0 2 7 2 2 4 0 0 6 0 0 2 2 8 9 4 2 2 3 0 0 0 0 0 0 0 0 1 2 0 1 1 2 2697 2708 2719 2722 3107 3113 2 0 0 3139 3148 3159 121 3 0 8 0 3 3 3 3 0
8 12 14 1 0 0 0 0 3 0 807 2 0 0 0 0 0 0 0 0 1 10 7 0 0 0 0 1 4 1 34 24 12 10 1 0 0 0 0 0 2 0 0 0 8 6 5 3 0 9 0 0 0 4 0 0 16 3 7 1 1 0 0 2 0 2 1 0 1 5 0 2659 2663 2695 0 8 8 0 23 0 3128 3133 3136 5 0 1 0 119 2 6 0 2 2 2 2 0
0 0 0 0 0 0 0 0 0 0 89 712 708 2 0 2 0 0 0 0 0 0 0 5 3 2 0 0 2 0 5 2 9 2 5 2 0 0 0 0 4 0 2 24 35 49 52 76 10 0 0 0 2 0 5 1 17 0 12 2 2 1 1 3 1 3 0 2501 2516 2524 2651 2 0 18 7 7 7 18 3 2 10 2 0 2 1 0 115 2 1 4 0 1 1 1 1 1
8 10 12 14 16 19 22 24 79 85 1 2 0 702 698 695 4 1 1 0 0 0 0 0 0 0 0 0 0 0 3 1 3 1 1 1 0 1 3 7 15 17 19 1 5 1 1 1 77 2 0 0 0 3 1 6 2310 2313 2330 2338 2345 2352 2358 2457 2485 2492 2497 10 0 0 125 0 0 17 6 6 6 17 2 1 3 5 1 1 0 105 8 1 0 1 1 0 0 0 0 0
0 0 0 0 0 0 0 48 4 4 0 1 1 0 0 0 685 105 103 1 0 5 2 0 0 0 0 0 0 0 2 0 0 1 0 0 0 0 0 0 0 0 0 0 0 0 0 0 0 78 4 1 0 1 2267 2269 12 0 2 3 2 3 2 93 24 1 2 7 1 0 124 0 0 16 5 5 5 16 1 0 2 4 0 0 0 103 1 5 0 0 0 0 33 35 45 55
0 20 0 0 0 0 47 1 1 1 1 0 0 0 0 1 578 1 0 97 94 0 0 0 1 1 4 2 1 2 1 1 0 0 0 0 0 0 0 0 0 0 0 0 0 0 0 0 0 1 79 2235 2242 2251 6 0 1 9 1 2 1 2 1 92 23 0 1 6 0 0 3 117 0 15 4 4 4 9 5 0 1 2 0 0 97 2 1 0 4 0 28 31 0 8 3 4
19 0 22 34 38 46 1 0 0 0 0 0 3 4 1 569 1 1 0 1 3 81 70 4 0 7 13 12 8 2 0 0 0 0 1 1 1 2 0 0 2 2 0 0 2 0 2 0 1 1 2147 3 0 7 1 3 0 8 0 1 0 1 0 91 2 19 0 2 2 0 0 114 0 14 3 3 3 8 0 3 0 0 0 93 1 0 0 0 3 23 2 1 2 4 2 3
0 0 5 8 1 2 0 0 0 0 0 1 0 0 561 4 0 0 0 0 2 2 6 63 0 24 1 0 0 1 0 0 3 8 9 14 2 3 0 2 3 3 1 1 3 1 0 3 5 2139 2 1 0 1 4 0 2 3 3 0 0 1 87 2 1 2 15 1 1 0 107 4 0 13 2 2 2 3 3 1 0 0 90 0 0 0 0 0 1 22 1 0 1 3 1 2
1 0 2 1 0 0 0 0 2 4 0 0 0 2 551 46 2 1 0 0 0 1 5 1 59 53 7 5 2 1 0 0 2 0 1 4 21 25 31 35 84 92 96 99 106 0 0 1 0 2130 0 0 0 0 1 1 1 2 0 1 0 57 26 1 0 1 14 0 0 1 105 0 1 12 1 1 1 2 1 0 0 25 1 60 41 38 1 0 0 1 19 0 0 2 0 1
0 0 0 0 0 1 2 3 4 5 11 13 15 501 0 0 45 2 1 0 0 0 3 0 4 18 0 0 1 0 0 0 0 0 1 0 0 1 2 0 39 2 0 0 1 109 2 0 1003 1 1122 0 0 0 0 0 0 0 0 0 55 0 24 0 0 0 0 12 0 0 102 0 0 11 0 0 0 0 0 0 23 0 0 17 0 0 34 1 0 0 16 1 0 0 0 0
15 16 17 18 35 37 42 65 67 69 70 71 0 482 0 1 41 3 1 0 0 0 2 0 3 17 13 11 9 4 3 0 0 1 0 0 0 1 26 31 38 1 0 0 0 0 113 993 999 0 1120 1118 23 17 13 10 9 39 43 46 7 4 23 14 1 0 0 11 0 95 0 2 0 10 7 6 4 2 0 18 22 1 1 16 0 1 31 9 8 7 15 13 6 4 2 0
3 6 13 15 0 2 0 21 0 0 3 4 479 0 0 0 33 0 0 1 0 0 0 0 0 2 0 0 0 2 0 0 0 1 4 19 20 23 3 0 4 0 0 1 4 871 878 0 3 0 0 1093 1 0 2 1 8 38 2 1 1 3 3 3 11 0 3 5 1 4 86 0 0 0 0 0 0 0 0 16 0 0 0 11 0 0 14 3 0 6 0 3 1 0 0 0
1 3 1 0 0 0 0 0 19 2 0 2 399 1 0 0 1 29 26 22 18 12 10 0 0 0 0 0 1 0 0 0 0 2 8 2 1 1 0 2 0 0 0 2 869 0 3 0 1 0 0 1092 0 0 1 0 7 37 1 0 0 2 2 2 2 6 2 4 0 3 3 80 27 25 23 20 17 0 0 1 12 0 0 8 0 3 5 3 1 3 1 1 0 0 0 0
1 0 0 0 1 10 14 16 1 1 0 0 0 393 0 0 0 0 0 0 1 4 2 8 3 2 0 0 0 0 3 0 0 0 3 1 0 0 0 0 0 0 1 853 0 4 1 0 0 0 6 1089 1 0 0 0 5 4 31 0 0 0 1 1 1 5 1 1 1 2 2 51 0 0 0 0 1 15 3 0 2 7 1 2 2 2 4 2 0 1 0 0 0 0 1 1
0 1 3 5 7 0 0 0 0 0 0 0 370 20 16 13 9 4 3 1 0 0 1 1 0 0 0 0 1 6 1 1 0 1 0 0 0 0 0 0 0 2 845 2 1 2 0 0 2 4 0 1079 2 1 0 1 2 2 0 30 1 0 0 0 0 4 0 0 0 1 1 19 30 26 10 1 0 4 5 2 1 6 0 1 1 1 3 0 0 0 0 0 0 0 1 5
0 0 0 0 0 0 0 0 0 0 0 2 368 0 1 0 2 3 1 0 0 0 0 0 0 0 1 1 3 9 4 1 0 0 0 0 0 1 810 813 819 835 1 3 1 0 1 1 0 0 0 1074 2 1 0 0 1 1 0 4 21 18 14 8 5 1 3 0 0 0 5 12 2 6 7 7 0 3 4 1 0 3 1 0 0 0 0 1 0 0 1 3 2 0 1 11
1 0 0 0 0 3 166 170 262 294 296 302 7 53 0 0 0 0 0 0 0 0 0 0 2 0 0 2 6 15 0 0 0 0 0 1 2 802 2 0 3 5 8 0 2 0 0 0 0 0 2 1066 5 4 2 0 0 0 1 1 1 2 3 0 1 2 0 1 0 4 2 8 1 5 3 2 6 2 1 1 0 1 0 0 0 1 0 0 0 0 1 2 7 4 0 0
3 139 142 144 157 160 1 0 88 29 0 4 4 1 51 25 1 0 0 0 0 2 1 0 5 0 24 29 31 7 17 753 757 761 767 776 792 5 0 0 2 4 2 4 0 0 0 0 14 18 1057 0 1 0 0 0 0 0 0 0 0 1 0 1 0 0 0 0 0 1 1 7 0 4 2 1 2 2 1 0 0 0 0 0 1 0 4 1 0 0 1 2 4 14 21 24
128 2 0 0 10 1 0 9 77 3 24 3 3 0 11 12 22 20 17 16 0 4 8 10 18 20 0 0 0 729 733 0 1 1 3 5 8 5 4 0 1 3 1 2 0 0 6 12 1 0 1033 2 1 0 0 0 1 1 0 0 1 0 0 0 0 0 0 0 0 0 0 4 1 3 1 0 1 0 0 0 0 0 1 0 0 2 8 1 0 0 0 0 0 0 0 0
8 0 0 6 2 0 3 4 76 2 23 1 0 2 10 2 8 0 0 3 8 0 0 0 0 0 0 0 0 687 0 0 0 0 2 4 7 2 1 2 0 2 0 1 3 4 2 0 0 0 1 1029 223 222 212 4 0 3 1 2 0 0 0 0 1 1 2 3 1 0 1 1 0 1 0 0 0 0 0 0 0 1 3 1 0 1 14 1 0 0 2 0 0 0 0 0
5 0 2 2 1 2 2 0 75 1 8 13 0 1 6 2 1 7 2 4 1 0 0 0 0 0 0 3 652 33 29 1 0 0 0 3 4 1 1 0 1 1 0 1 0 0 0 0 0 0 801 1 0 0 7 205 201 192 184 179 166 0 35 33 27 23 16 8 5 1 0 0 0 0 0 0 0 0 3 1 0 2 5 6 1 0 17 3 0 1 3 1 1 0 1 1
