code/mhm/output/Parthe_0p0625/mhm_setup/morph/aspect.asc
ncols                160
nrows                168
xllcorner            12.421875
yllcorner            51.125
cellsize             0.001953125
nodata_value         -9999
[rows 92 to 137 of 168, columns 0 to 95 of 160]
349 351 340 330 330 344 339 335 326 297 281 254 218 164 150 141 156 159 143 139 139 156 184 184 157 138 128 108 63 36 29 18 5 0 353 350 1 3 342 315 291 272 240 198 135 333 0 20 8 1 358 355 0 354 349 18 59 66 62 61 51 33 33 41 25 23 45 45 35 33 45 30 333 322 351 342 335 337 334 351 5 356 0 25 54 31 335 0 355 331 352 16 323 238 206 188
293 315 302 299 297 331 356 341 336 323 315 293 243 146 149 140 142 143 126 104 90 78 315 348 39 35 10 14 18 5 7 2 357 358 349 343 356 6 358 343 225 202 191 188 185 193 202 198 198 315 329 344 356 0 12 65 98 113 127 127 113 90 75 73 60 68 75 60 45 33 26 21 334 322 348 349 331 333 300 153 135 201 239 56 51 5 344 9 5 345 351 17 21 63 171 182
225 225 243 251 261 264 300 315 315 315 324 333 315 98 111 126 135 120 101 78 68 14 320 344 40 33 15 37 29 0 344 347 355 347 327 321 341 18 36 63 104 198 201 190 193 214 228 229 225 191 234 263 315 0 66 90 97 102 114 130 135 135 118 106 122 127 105 90 59 45 11 33 303 298 345 12 291 258 234 135 143 205 239 341 33 347 342 15 0 350 5 32 48 67 78 135
207 201 214 228 244 251 263 270 270 276 303 0 26 75 80 83 90 71 63 63 56 351 302 326 51 38 36 53 14 347 345 345 353 351 330 296 284 45 59 62 50 0 341 353 335 304 273 236 203 183 219 240 225 168 127 111 108 102 95 84 66 71 85 86 74 54 63 45 45 45 18 351 299 278 168 153 207 213 185 132 153 198 236 266 54 225 215 153 270 341 78 108 114 106 103 90
202 198 223 243 255 247 225 225 225 237 254 315 90 104 90 78 78 45 45 30 6 347 326 335 14 21 25 20 357 341 349 351 351 0 350 348 353 0 50 52 26 351 351 355 349 344 338 315 225 206 239 234 206 170 141 106 87 68 48 29 30 55 71 77 68 45 63 63 78 71 18 310 297 210 157 181 212 194 165 147 156 220 258 265 113 173 233 156 218 215 101 81 64 66 68 59
206 205 235 257 270 243 201 212 206 220 229 195 142 135 135 116 101 135 135 0 326 327 333 339 0 15 17 12 355 342 347 341 347 0 347 2 28 29 54 45 16 343 336 349 352 354 357 357 357 0 351 322 296 0 6 29 36 36 35 37 53 63 59 57 39 24 50 50 53 45 0 266 225 147 146 248 276 131 147 154 108 289 280 263 111 315 270 135 212 208 161 59 40 52 45 38
209 210 232 232 221 195 188 205 203 221 228 191 161 151 153 155 161 165 188 210 263 293 315 332 7 11 8 4 354 354 357 322 332 353 339 0 25 21 14 8 10 8 339 331 355 354 338 345 352 4 4 357 357 356 347 11 41 54 57 57 53 45 41 45 32 25 45 45 34 26 33 243 184 124 71 267 216 123 117 302 331 309 291 303 45 45 143 163 216 232 243 270 71 53 37 45
238 235 243 232 218 197 190 199 200 210 206 187 184 185 108 108 153 184 215 251 278 280 265 233 161 161 270 315 335 0 9 291 270 251 249 184 108 48 19 358 7 12 358 351 0 14 4 334 347 9 9 348 0 32 135 158 121 118 113 80 56 59 64 77 84 90 90 84 56 45 52 0 45 59 45 209 180 138 71 298 317 312 286 156 158 158 153 175 221 250 293 120 161 135 90 58
339 322 277 241 222 206 186 198 214 216 204 199 213 225 180 120 135 215 240 258 266 243 213 198 183 189 216 232 225 225 0 264 220 199 193 171 177 176 208 302 1 20 354 342 3 40 47 341 315 108 135 288 11 90 125 152 139 140 156 154 143 135 135 127 135 135 95 71 45 45 45 18 33 45 45 56 45 18 324 299 282 214 189 169 165 145 78 341 297 267 198 141 163 176 184 251
351 343 310 267 241 211 175 186 199 197 196 203 212 209 184 149 135 258 251 251 248 216 210 216 198 213 248 255 246 236 225 210 180 188 177 171 273 332 330 310 351 30 356 300 4 56 43 35 71 135 315 300 63 81 73 73 67 57 59 96 113 116 113 90 45 18 45 45 5 11 16 20 33 21 21 18 11 3 309 246 190 178 169 184 273 342 6 345 337 344 33 60 41 14 322 262
0 348 330 315 276 180 158 173 189 192 188 189 192 192 188 188 188 191 215 244 265 281 281 251 225 270 275 251 213 201 188 171 167 180 172 193 238 253 282 284 305 0 14 325 340 32 32 34 21 9 0 329 78 68 60 52 49 53 57 66 71 55 26 15 9 4 25 19 354 8 22 45 38 18 18 4 18 26 -9999 174 172 184 225 311 302 281 149 280 317 15 18 12 18 6 1 6
5 353 325 210 173 153 147 164 191 201 189 190 194 190 185 187 186 183 192 201 207 217 218 194 201 225 218 192 192 180 171 163 165 177 180 195 210 209 202 192 203 227 45 315 260 84 48 28 12 12 30 53 116 81 61 53 57 53 45 38 34 19 6 11 9 0 18 18 7 34 63 57 12 14 18 9 45 54 23 12 7 345 326 302 237 152 175 226 216 170 180 191 81 45 63 103
45 71 144 145 129 88 75 55 304 291 327 349 341 135 147 174 186 176 185 195 201 206 207 204 196 198 188 186 191 175 169 163 158 170 195 217 210 221 209 196 217 232 219 185 213 164 135 135 0 15 33 35 28 39 45 40 41 31 19 19 20 11 7 11 5 0 21 29 30 52 49 18 356 8 18 18 27 13 2 5 3 348 327 309 75 92 116 236 209 174 189 195 180 177 157 140
4 0 9 16 4 10 18 12 4 346 275 225 225 68 87 108 177 151 159 191 202 206 207 206 207 203 184 189 194 180 180 180 168 171 236 255 206 225 246 297 307 276 238 194 208 191 141 176 186 191 180 27 29 38 59 108 95 68 35 30 26 18 18 13 2 10 30 31 38 38 18 10 2 6 16 11 13 3 8 23 8 341 326 324 21 34 14 340 323 38 90 210 184 176 154 123
337 352 10 31 7 352 7 16 40 62 225 285 338 92 104 112 156 148 128 167 213 212 210 208 207 207 204 202 220 203 180 206 191 180 243 243 225 300 315 312 323 339 304 198 212 204 135 135 164 196 229 245 59 69 86 130 154 153 155 158 167 158 135 108 -9999 63 52 34 31 14 4 13 7 3 4 358 6 7 15 25 9 355 346 330 0 14 7 357 350 8 13 8 26 65 101 45
301 353 80 92 90 291 333 25 64 73 35 288 335 68 92 98 116 130 86 45 -9999 221 216 215 213 210 207 209 228 237 0 306 345 353 322 315 322 326 337 322 300 350 23 108 165 195 206 51 26 338 297 243 135 87 67 52 74 135 147 155 161 165 176 172 180 176 168 -9999 4 355 358 15 2 1 3 357 7 16 23 21 7 1 1 2 354 348 2 5 348 0 19 22 35 42 33 347
232 165 144 138 191 275 270 116 92 83 45 287 306 84 90 89 79 37 50 51 75 168 235 248 238 214 202 206 214 214 219 251 251 296 306 309 296 309 358 351 247 195 144 116 127 190 227 248 352 344 327 135 108 38 34 30 38 45 51 33 63 96 156 161 176 188 225 285 320 338 354 24 6 11 30 26 81 84 68 45 18 4 21 45 0 315 8 56 270 225 78 53 64 64 36 341
202 168 142 135 218 203 176 164 147 116 75 243 191 119 94 83 55 19 45 49 29 0 340 273 211 180 182 205 218 219 221 232 263 300 281 274 259 240 168 154 184 188 186 150 102 145 217 211 192 194 184 169 204 156 135 48 47 37 25 34 66 74 75 90 90 251 260 273 291 341 135 143 153 168 172 168 153 135 126 18 356 0 20 52 59 246 161 90 90 180 168 125 108 93 5 339
168 171 113 78 146 157 157 157 155 138 143 160 176 135 96 85 53 36 61 49 0 344 6 102 152 150 164 227 244 244 247 258 286 341 288 270 245 231 208 174 130 188 210 167 90 79 225 236 189 214 205 201 192 143 197 192 77 49 45 66 81 83 84 78 18 45 248 257 248 156 142 141 143 146 156 171 153 104 101 298 329 0 18 54 67 225 180 153 116 135 180 116 104 104 302 326
144 164 156 162 152 151 156 163 172 179 184 180 201 108 76 71 45 45 57 29 12 140 153 153 150 113 345 317 302 293 285 278 263 198 246 215 225 246 257 225 101 150 213 196 188 83 71 239 180 208 194 201 205 112 180 188 163 164 98 64 64 77 95 90 -9999 45 281 242 212 169 154 153 161 153 153 180 188 0 345 325 327 5 32 69 76 90 180 153 149 135 180 78 59 7 318 333
149 161 154 153 150 158 167 171 175 180 186 188 189 185 165 151 165 163 155 167 164 155 159 177 333 338 337 334 329 322 310 290 236 189 195 180 188 217 216 188 158 159 220 251 206 112 135 185 178 184 185 202 211 145 150 172 169 186 188 147 123 141 157 174 198 293 344 108 188 177 170 174 176 168 174 188 281 317 336 351 14 0 23 70 78 90 168 144 180 180 -9999 341 18 354 329 334
73 81 109 126 134 149 178 266 342 2 9 21 180 181 178 175 178 172 169 174 166 5 349 340 339 339 337 336 334 329 312 230 191 184 188 182 171 195 201 200 207 270 311 310 108 126 142 167 177 177 184 209 206 164 151 158 154 180 185 171 154 160 174 194 201 233 209 117 151 180 184 186 173 180 251 315 315 317 326 135 135 186 164 118 96 90 135 101 270 288 0 296 315 315 288 270
23 28 70 95 104 112 301 319 343 2 11 12 11 7 5 2 359 0 356 354 351 347 346 342 339 336 333 332 327 278 169 173 181 187 197 192 174 167 201 240 254 256 210 178 151 137 135 135 -9999 116 150 184 186 171 168 170 148 149 172 177 156 158 170 190 190 203 188 157 161 186 198 191 173 213 280 305 308 326 128 135 23 45 119 132 119 102 90 71 315 288 315 322 344 345 333 281
351 33 59 72 76 63 268 270 291 1 21 21 12 5 5 2 359 357 353 352 349 343 341 340 337 329 297 212 183 168 154 161 176 196 206 196 180 171 215 249 244 225 168 151 157 165 170 167 173 165 150 152 167 173 180 182 154 142 171 189 170 164 151 176 190 198 191 173 188 195 185 189 180 195 227 226 211 191 135 345 345 56 76 87 106 108 45 45 315 315 300 315 6 26 45 251
322 45 59 63 62 54 248 238 233 223 30 33 8 0 16 3 351 337 328 337 336 324 311 248 193 189 194 185 177 169 165 164 170 195 203 190 177 182 211 225 228 219 168 137 153 186 177 165 172 174 164 154 159 171 185 185 161 146 210 198 144 164 140 174 209 198 195 175 191 198 225 288 120 180 199 196 197 213 225 203 188 116 75 64 55 29 18 18 341 336 296 270 135 135 0 329
315 63 59 62 59 52 46 231 227 225 239 0 14 53 98 135 243 249 251 244 235 217 188 180 182 195 206 191 174 176 185 171 168 165 180 190 201 236 248 237 220 203 177 163 168 178 175 169 175 177 166 158 165 167 186 194 170 165 206 174 147 161 123 135 194 189 184 171 198 225 251 210 120 168 153 180 206 226 218 201 206 168 59 39 40 48 18 348 348 0 270 198 206 333 341 329
225 113 33 56 62 59 57 71 225 228 232 229 104 93 71 338 351 326 250 217 202 201 192 186 198 209 202 188 180 190 194 180 180 161 168 258 282 293 258 225 198 191 185 177 174 163 171 188 188 175 164 153 158 158 206 225 165 174 172 169 176 198 180 108 146 180 171 189 248 270 239 180 153 180 180 161 153 225 219 234 265 341 0 30 57 59 11 336 350 21 24 344 334 0 18 180
191 165 261 41 65 69 66 66 189 229 230 229 225 40 5 341 349 8 333 206 210 236 235 191 195 198 191 188 194 187 182 182 182 183 234 260 231 191 180 190 188 183 194 185 170 158 177 209 194 172 165 168 174 153 195 190 164 175 167 168 196 206 183 157 164 174 171 246 251 232 198 173 165 180 225 270 63 180 228 254 259 239 225 111 97 81 35 315 45 45 8 327 338 54 90 135
191 243 263 270 70 71 73 75 64 259 240 236 235 246 348 344 353 18 24 15 309 287 251 159 188 198 194 198 213 170 165 194 192 206 215 203 196 174 175 192 192 187 191 176 160 161 183 195 185 180 175 175 196 185 161 168 159 175 173 198 225 209 175 156 175 191 213 225 218 213 201 210 135 161 243 239 108 78 263 257 241 206 206 126 129 137 171 198 165 173 180 200 190 153 135 135
243 243 234 203 77 58 46 37 16 351 334 253 239 240 303 348 0 26 8 0 329 281 150 135 192 214 192 198 207 163 168 215 209 201 203 188 186 175 180 193 187 192 198 176 152 168 172 180 188 192 192 188 240 234 108 71 26 351 345 336 11 341 71 45 341 353 315 210 234 251 270 288 45 45 258 203 173 180 278 251 217 196 190 157 151 163 210 225 153 153 153 188 189 185 156 135
243 191 215 194 113 40 28 19 6 358 14 16 254 246 260 18 45 45 315 323 333 315 113 66 345 300 161 195 203 156 194 254 236 225 278 341 45 135 206 198 194 216 225 188 127 155 167 186 225 236 255 288 281 213 180 156 251 315 341 315 0 0 14 350 338 15 29 351 300 255 265 288 101 153 191 171 210 243 246 249 219 189 181 164 164 190 212 230 288 59 108 315 348 341 108 0
0 336 331 349 357 351 8 12 0 356 23 39 5 252 245 329 28 355 338 330 0 78 78 348 345 59 113 225 278 344 341 329 198 215 251 284 21 15 0 0 348 330 315 348 56 60 26 315 281 270 279 299 348 18 90 180 251 243 270 315 329 345 354 353 341 45 23 354 0 329 270 225 126 161 206 315 333 6 338 306 338 5 25 45 18 270 215 225 212 155 180 281 315 90 90 293
352 351 349 1 352 346 1 6 329 329 20 40 39 327 255 259 16 0 355 0 30 45 23 333 335 30 30 354 308 310 341 35 71 243 225 212 195 171 149 180 239 293 299 0 74 18 354 355 353 347 329 331 0 5 18 0 335 341 336 329 315 315 341 18 14 0 353 344 4 0 322 333 35 355 333 330 345 22 347 315 330 3 39 53 18 347 8 315 225 225 306 336 18 0 45 291
345 353 358 18 10 329 354 8 326 308 0 37 42 29 307 263 299 7 11 18 29 11 0 351 329 30 34 8 326 298 341 56 29 354 341 315 296 161 158 186 225 231 225 165 135 239 294 353 26 225 251 288 341 346 1 5 355 3 15 348 315 299 324 35 30 348 336 333 0 8 341 325 353 349 328 333 0 22 331 316 335 33 88 82 30 333 14 24 333 315 315 348 0 352 16 330
333 348 11 45 56 101 240 299 310 296 296 18 53 53 29 272 270 6 21 37 45 0 336 18 135 153 135 341 315 307 0 33 8 0 341 327 11 60 63 315 288 246 233 168 125 216 237 170 152 180 225 267 315 325 348 25 15 36 68 0 296 285 300 81 90 288 296 296 0 71 288 286 319 336 304 26 90 326 295 292 338 74 95 98 30 11 0 26 315 300 288 288 329 336 11 319
322 336 23 60 68 75 225 212 202 194 185 192 131 81 50 322 274 225 18 53 36 0 345 56 66 18 353 335 327 324 341 5 4 0 344 322 26 50 9 344 347 341 329 0 30 348 281 135 90 0 266 242 237 272 324 97 139 158 126 225 251 240 206 135 45 315 288 281 333 23 341 272 273 306 319 39 347 328 317 296 165 129 102 65 354 12 0 9 324 296 315 320 341 338 0 321
334 349 3 38 54 59 83 184 200 196 182 199 171 63 32 13 315 245 296 21 10 0 11 39 12 353 351 344 346 356 343 348 4 2 2 352 3 9 0 354 355 353 355 0 7 8 4 18 4 356 336 281 252 249 180 118 124 180 315 341 0 270 258 315 344 7 16 330 329 0 0 310 276 264 225 135 281 281 240 160 159 157 105 0 352 2 357 8 4 341 326 329 344 351 8 14
288 315 90 90 70 60 51 21 335 329 350 331 345 81 84 67 45 291 280 338 8 7 18 13 357 351 348 349 349 354 348 351 2 10 22 16 339 343 358 1 1 357 357 358 8 15 8 1 358 354 354 356 326 273 170 102 32 347 341 357 8 356 341 306 317 22 32 0 327 338 348 343 333 274 186 180 213 188 183 167 158 333 334 340 350 356 355 3 8 1 340 318 323 347 27 41
198 180 171 165 152 113 55 8 352 346 348 347 11 22 6 12 8 356 338 339 10 16 357 351 355 348 347 352 355 358 349 354 3 24 42 15 332 326 349 8 11 358 356 0 9 8 3 0 358 356 353 353 356 4 12 14 356 338 345 0 7 4 355 311 266 120 51 15 336 327 333 341 353 353 357 4 26 71 0 315 332 343 323 331 345 350 356 2 9 14 4 323 280 251 74 57
188 178 173 176 173 165 213 323 348 345 345 356 3 355 351 358 2 357 354 354 10 14 349 345 352 337 337 344 1 7 340 346 357 25 37 11 341 325 329 1 6 358 2 6 3 0 3 0 356 1 357 355 12 24 7 4 352 334 345 0 7 7 358 350 350 3 12 2 342 338 335 333 348 351 352 19 41 26 349 322 327 337 311 312 325 334 353 9 15 21 17 10 333 198 165 99
347 11 45 45 315 341 300 281 270 281 300 341 338 325 330 347 0 341 347 356 4 7 348 350 354 309 270 216 158 167 229 267 318 24 22 10 2 356 344 336 347 358 10 6 355 353 1 353 353 358 2 14 25 13 357 2 1 331 337 358 5 4 355 355 0 4 6 1 353 339 327 328 350 357 356 45 45 13 352 329 332 332 311 290 262 239 218 135 96 84 74 81 105 180 225 90
354 7 16 10 350 347 350 348 341 326 300 303 315 300 307 341 354 353 341 288 326 353 327 355 12 341 305 324 18 52 254 261 248 206 353 7 2 6 16 3 329 343 353 349 346 349 355 353 354 0 8 26 33 15 0 8 17 338 318 347 0 0 352 355 1 4 4 12 23 352 318 318 347 6 10 29 11 5 7 333 331 319 315 315 284 216 191 171 161 162 169 160 150 189 232 123
329 8 23 13 347 348 8 7 356 0 338 321 333 296 285 315 345 14 14 315 225 188 225 246 351 355 341 321 345 6 348 326 319 270 213 207 278 347 18 6 347 346 349 348 347 349 353 354 356 9 30 44 41 37 26 6 11 355 325 324 345 346 342 354 1 3 7 16 18 5 340 332 351 356 5 14 2 15 25 355 333 264 266 284 315 90 140 155 151 153 183 198 98 191 236 161
315 270 0 345 325 0 37 6 354 0 343 339 355 335 309 315 345 14 23 26 45 315 299 294 305 333 336 334 334 332 332 348 18 0 135 225 235 228 292 336 336 338 344 346 345 344 345 351 357 39 67 63 54 60 49 3 347 355 356 323 305 307 308 327 349 8 18 11 16 18 345 345 2 351 6 18 8 25 23 22 24 305 265 248 198 135 125 114 84 45 327 326 33 4 318 337
178 184 189 201 212 188 144 198 281 324 326 341 0 345 329 331 350 15 45 45 345 333 332 339 341 324 304 319 337 321 282 18 78 45 348 329 315 243 236 258 275 282 289 304 317 303 261 215 176 91 78 70 76 83 63 10 336 336 12 351 341 337 325 320 330 18 12 7 34 32 331 338 9 354 36 45 0 24 26 29 18 0 326 246 165 127 71 24 20 8 341 333 5 352 334 338
176 176 177 186 194 197 196 202 233 274 303 326 356 348 333 341 135 135 120 161 291 305 315 344 4 341 304 288 307 338 323 4 35 351 351 322 330 26 233 232 231 227 225 223 234 282 322 345 3 58 73 74 82 85 55 12 349 332 354 349 347 351 347 348 351 4 356 7 32 22 341 341 26 0 45 29 0 33 45 45 23 35 45 225 135 135 315 347 357 358 353 348 348 345 336 338
