code/mhm/output/Parthe_0p0625/mhm_setup/morph/aspect.asc
ncols                160
nrows                168
xllcorner            12.421875
yllcorner            51.125
cellsize             0.001953125
nodata_value         -9999
[rows 46 to 91 of 168, columns 0 to 95 of 160]
338 335 315 299 305 305 270 198 251 225 261 284 322 353 341 71 90 98 99 104 135 225 180 135 0 341 315 270 249 86 78 71 270 108 180 270 303 336 333 341 45 90 90 288 303 308 327 32 37 0 341 333 352 22 68 111 167 217 322 329 310 270 119 135 -9999 225 270 348 45 101 251 282 302 298 285 265 270 279 266 260 261 270 270 288 281 258 255 251 240 234 254 348 45 30 0 315
288 281 288 270 239 243 315 18 281 270 278 241 200 191 185 141 155 149 119 98 101 225 270 333 341 348 315 255 225 159 117 135 225 135 315 296 293 288 251 161 135 78 45 336 303 275 251 116 108 315 315 270 180 143 122 111 -9999 284 281 270 236 149 108 -9999 -9999 -9999 270 251 98 71 293 273 270 258 243 257 261 245 237 245 225 198 201 198 198 210 232 225 225 225 217 191 161 168 189 209
345 324 293 251 233 243 254 45 45 243 251 188 183 198 186 159 158 173 135 45 45 348 306 333 3 11 26 168 183 167 142 315 333 341 329 329 329 -9999 198 161 135 135 18 341 333 261 225 90 18 336 0 143 156 146 132 130 236 254 236 212 198 180 168 180 161 180 210 198 135 0 330 288 240 225 239 248 229 207 212 221 199 192 197 195 198 215 219 195 201 203 192 185 181 184 193 200
336 336 333 281 261 248 246 206 116 243 270 26 18 315 225 90 45 329 336 6 24 11 291 311 20 50 96 116 45 0 353 333 348 348 333 345 45 108 225 -9999 90 135 225 225 225 281 303 341 0 14 90 111 118 115 102 104 213 219 220 206 198 201 213 180 153 180 191 198 225 258 270 198 198 225 241 225 203 210 220 220 200 205 229 239 234 218 206 190 186 195 195 202 230 270 303 293
335 354 354 341 338 315 294 225 135 270 281 0 18 348 345 0 18 333 341 45 45 45 255 244 288 65 79 315 341 341 348 323 329 329 333 90 101 71 315 135 180 0 333 333 333 305 305 288 161 123 105 90 86 93 93 90 135 236 237 216 198 217 225 180 168 198 180 180 215 209 195 174 186 230 225 208 225 254 240 230 217 239 259 254 194 176 192 192 188 213 251 285 297 304 322 330
315 18 315 315 341 338 270 180 315 321 315 135 161 206 251 315 45 315 90 116 270 26 270 228 212 130 50 343 357 356 0 11 180 251 -9999 101 45 26 18 26 336 338 347 5 11 258 213 164 163 165 153 145 126 119 108 90 341 338 315 281 296 299 306 11 45 270 315 18 0 243 198 161 186 225 236 248 254 239 209 219 213 215 218 201 180 167 198 213 225 243 240 237 232 216 202 192
183 183 225 254 239 161 168 299 319 338 33 71 0 333 270 191 168 206 135 11 341 0 30 300 233 180 293 315 0 18 18 37 14 315 45 63 329 8 6 354 344 333 341 108 135 180 174 154 153 165 157 154 147 142 98 45 306 327 351 344 336 326 323 45 78 270 258 135 108 281 341 59 90 243 236 225 214 200 192 203 200 195 203 199 190 183 208 214 206 206 208 213 208 202 192 191
153 239 261 260 225 135 284 299 305 161 146 341 333 349 7 9 6 351 336 338 5 14 18 341 329 339 326 284 315 52 21 18 3 3 24 23 329 341 0 26 161 180 164 149 156 156 150 142 135 135 108 116 135 198 0 23 293 279 326 329 335 336 315 113 116 225 180 161 175 201 188 164 168 239 216 205 203 196 198 214 206 198 219 214 198 198 205 198 200 207 216 217 206 205 199 203
35 296 240 219 192 173 255 244 168 168 206 270 294 324 5 11 7 8 353 315 45 45 26 333 288 270 270 258 185 161 206 0 0 45 71 78 225 225 168 135 150 168 180 116 135 155 151 156 167 194 78 66 54 315 306 356 351 323 344 315 251 180 135 116 153 161 153 144 171 191 180 183 198 216 210 210 225 216 216 237 234 210 225 206 191 209 231 225 225 237 231 209 200 206 210 225
157 195 225 258 281 315 266 240 135 315 303 251 230 210 191 188 180 90 108 180 156 171 168 191 195 183 201 202 180 180 184 186 183 168 147 146 168 173 170 153 120 135 225 135 116 141 145 156 175 218 198 99 45 345 300 307 344 322 0 26 135 156 153 151 170 164 161 161 180 -9999 90 225 225 225 206 194 216 216 216 230 212 189 206 225 291 318 329 12 78 225 208 191 200 216 233 256
168 201 225 255 302 354 303 236 206 251 258 225 216 195 187 198 192 168 161 225 26 45 -9999 135 135 225 281 284 300 45 108 206 206 161 90 45 90 120 153 168 149 135 180 165 108 105 90 56 45 246 213 90 345 0 270 212 186 188 192 170 155 151 150 164 180 161 -9999 0 -9999 161 153 198 225 239 225 206 236 236 236 240 215 203 225 258 291 317 341 71 102 210 212 215 255 274 283 288
23 315 225 239 228 189 180 176 188 201 215 213 198 191 198 198 188 188 198 236 225 90 -9999 90 45 315 306 281 210 156 108 324 344 11 18 45 81 78 71 116 153 149 144 188 113 71 8 45 45 315 300 329 333 71 108 171 170 176 192 180 174 167 135 225 270 315 315 351 33 63 90 270 270 270 270 288 296 315 333 296 225 225 225 239 243 214 175 154 130 225 258 281 294 296 293 298
22 15 6 270 239 198 171 161 210 261 274 251 198 225 225 153 171 191 212 231 188 144 206 315 341 315 330 11 0 0 336 315 333 18 9 32 71 90 71 45 30 59 59 0 71 71 116 125 116 270 258 206 180 153 90 63 78 101 198 180 225 281 0 345 345 351 315 333 66 71 0 348 341 296 288 270 270 275 315 90 198 225 239 240 221 191 180 188 195 270 270 260 273 284 284 288
27 29 37 278 261 296 63 108 260 278 291 225 225 251 135 116 135 135 246 257 180 120 239 278 315 306 315 8 350 345 347 341 348 14 8 65 71 45 63 90 71 45 33 45 90 116 126 135 135 225 206 191 198 161 135 108 90 78 341 348 329 293 315 336 345 8 329 329 45 53 341 341 0 315 315 296 261 225 189 173 191 225 246 251 239 206 225 245 248 258 261 260 266 270 273 277
75 45 33 5 291 282 37 29 315 257 212 180 198 195 180 180 315 26 288 239 180 150 216 237 233 198 204 243 305 323 336 0 45 120 147 145 116 71 90 135 153 153 135 123 123 104 59 18 11 0 18 -9999 180 156 165 180 108 45 0 225 251 258 239 225 206 270 323 338 45 86 198 281 348 348 333 315 270 270 315 341 315 315 306 315 322 341 345 336 320 300 305 294 273 270 275 270
10 14 22 6 336 319 351 16 10 315 278 315 45 168 236 303 338 4 18 26 180 135 288 263 215 194 234 243 231 201 180 172 172 156 135 143 165 144 116 116 135 153 155 158 144 135 161 135 153 180 161 135 108 116 135 288 333 8 14 18 315 225 198 206 194 233 277 323 87 106 225 255 270 333 0 -9999 270 296 333 15 341 305 308 327 319 327 338 347 350 343 339 326 302 275 260 225
0 27 50 345 325 333 341 26 51 0 308 327 32 36 302 296 322 2 41 59 0 329 315 288 198 251 270 246 232 186 164 174 173 161 108 98 135 135 120 116 113 125 135 171 146 146 180 146 168 180 180 225 45 45 0 315 315 0 11 33 26 90 180 243 198 240 263 278 90 90 281 251 246 270 71 108 270 277 284 81 135 243 261 281 288 288 299 327 347 344 350 330 315 270 248 205
341 59 54 341 315 323 333 66 52 354 315 326 33 10 330 308 275 161 108 90 0 315 315 18 0 291 306 333 258 198 45 0 0 18 90 104 116 120 135 135 116 113 98 135 116 108 315 45 0 18 45 270 -9999 71 341 315 315 45 -9999 71 45 45 18 288 -9999 261 250 196 118 108 288 315 315 281 108 90 261 258 243 108 90 261 262 270 282 281 265 234 203 185 180 195 191 205 210 191
5 30 30 352 325 336 8 15 2 0 339 324 35 338 320 198 187 176 123 15 2 353 355 54 315 288 315 45 161 225 251 135 225 108 108 113 120 125 146 144 135 144 135 135 135 135 225 135 -9999 45 18 315 0 0 336 341 341 45 45 45 0 23 23 348 0 296 232 176 135 108 299 309 336 4 0 3 352 308 296 8 15 338 291 273 270 260 201 185 184 177 182 182 178 184 190 190
3 2 2 8 0 341 10 4 353 16 30 108 168 225 175 159 185 246 309 338 2 2 7 28 354 322 345 66 45 303 315 135 251 101 105 125 135 125 135 135 135 149 153 135 161 180 180 225 -9999 315 341 333 348 333 341 45 -9999 341 18 26 315 90 71 341 0 0 225 45 33 345 307 295 315 2 355 352 14 351 332 351 0 2 341 276 225 198 172 173 186 194 188 163 168 180 188 207
358 358 355 15 16 353 17 13 3 34 36 30 21 333 18 356 344 338 309 291 335 0 0 10 4 8 33 45 23 315 135 161 225 120 99 104 101 104 126 135 135 135 90 71 45 -9999 315 329 351 0 0 288 315 315 0 71 0 288 45 45 45 108 135 270 -9999 45 341 326 6 353 315 291 219 174 206 236 90 333 302 341 0 101 135 191 192 180 167 172 206 251 288 95 135 270 315 302
356 349 345 41 45 25 50 65 78 71 53 32 20 354 350 350 345 5 315 262 279 329 324 8 74 93 90 63 90 135 150 174 180 168 140 144 135 105 111 120 135 -9999 45 0 18 11 315 315 333 45 45 300 300 171 167 174 270 -9999 180 135 71 26 11 0 -9999 315 333 296 315 333 306 288 130 156 227 228 164 213 225 180 164 164 150 258 320 10 39 26 288 292 332 9 2 354 351 351
5 341 14 81 90 106 130 135 146 135 90 353 354 342 353 15 21 56 45 277 265 270 281 123 116 78 23 75 108 113 108 135 156 161 141 164 170 135 104 90 -9999 315 341 341 18 11 329 315 315 45 0 326 315 105 116 285 326 30 18 45 90 315 45 71 -9999 251 225 180 210 261 270 198 69 21 309 281 270 315 180 188 135 90 0 299 307 15 40 14 325 304 316 347 349 349 354 359
-9999 198 135 126 122 114 122 149 0 59 315 323 332 329 356 36 41 26 18 308 281 281 315 45 33 26 53 74 60 35 36 53 45 59 90 125 161 171 108 63 0 315 333 18 0 341 341 315 -9999 315 315 0 116 45 349 334 0 101 135 161 135 225 135 90 341 341 315 45 270 225 195 198 135 345 308 293 291 329 15 352 0 15 33 237 225 201 14 357 330 303 290 293 297 309 335 358
108 153 105 97 93 77 54 0 0 56 284 278 297 310 357 54 42 11 11 356 335 300 300 18 24 50 63 37 18 16 29 50 45 56 77 84 90 270 315 45 0 315 315 45 0 315 315 0 45 225 225 149 135 198 225 180 153 149 108 -9999 315 45 108 270 315 0 333 11 45 153 194 248 300 338 0 225 257 270 348 338 0 38 78 165 212 214 225 254 273 255 234 221 222 216 203 187
101 341 18 28 25 29 33 29 45 59 288 258 259 251 203 59 19 4 12 18 2 341 344 344 24 49 35 23 15 37 57 66 60 45 61 56 18 348 0 30 0 333 0 18 45 -9999 288 333 8 0 0 59 75 135 210 184 168 188 168 251 315 45 45 315 288 315 315 18 59 45 348 290 302 0 39 0 230 206 190 192 180 160 135 341 325 315 270 258 225 204 199 213 221 206 192 183
108 300 334 12 21 35 42 31 23 22 9 288 241 217 214 255 350 3 33 48 32 345 335 350 52 71 71 83 108 119 116 111 104 90 78 59 14 345 23 56 45 288 341 26 26 348 326 324 348 0 21 45 45 36 0 333 0 90 161 233 251 71 18 341 315 270 251 135 18 33 351 296 289 18 45 11 36 210 209 191 180 165 0 309 321 351 297 310 18 143 188 222 223 203 176 181
7 315 318 32 56 59 35 14 21 30 18 350 296 266 255 229 192 183 149 116 108 225 263 135 113 124 135 140 141 135 128 111 101 90 81 56 353 347 26 45 33 315 225 -9999 18 329 324 326 315 135 108 104 101 45 8 338 355 45 56 276 261 135 -9999 -9999 -9999 270 270 315 315 45 333 273 270 330 39 66 78 18 315 341 348 336 338 345 3 6 281 232 153 102 143 199 203 196 185 205
12 310 284 96 84 63 21 14 45 51 35 15 330 322 322 203 183 176 164 157 156 288 300 45 86 108 129 142 135 127 123 90 45 45 66 45 315 330 26 30 25 24 0 333 0 315 288 315 135 149 135 101 45 18 45 258 270 65 37 323 315 -9999 315 341 0 333 333 341 315 45 315 264 242 229 123 119 180 336 341 341 348 300 303 344 8 1 352 0 3 45 71 129 182 196 215 225
135 215 201 149 66 60 90 135 78 49 30 14 333 270 156 153 180 149 151 180 234 285 306 83 99 106 123 144 126 126 149 135 135 71 56 8 315 243 315 29 33 33 15 8 18 315 270 180 108 71 45 11 8 23 45 270 251 63 26 345 11 18 315 315 0 341 315 -9999 315 341 315 315 216 206 172 135 307 332 354 6 15 315 265 275 348 0 0 0 12 47 51 28 14 357 295 270
180 225 206 225 45 74 78 45 45 53 32 33 56 168 156 144 168 150 123 251 274 261 191 138 123 111 108 135 123 90 71 45 341 26 30 11 18 315 258 135 90 81 45 45 45 315 225 180 135 45 18 18 45 45 33 8 315 -9999 0 348 8 14 0 315 161 198 225 315 315 315 281 225 108 258 258 270 267 279 337 52 66 341 270 263 258 315 333 315 99 94 74 0 356 12 339 150
347 8 26 315 198 105 96 90 71 45 23 38 40 26 18 45 45 26 45 315 274 263 135 116 104 81 65 54 59 63 78 315 315 45 90 135 153 168 194 180 144 108 45 45 18 8 26 45 -9999 135 161 153 153 225 341 18 26 45 288 315 329 3 33 45 71 270 270 288 315 315 251 180 135 270 270 161 221 228 207 138 108 315 300 262 215 198 192 191 118 101 115 180 205 163 138 148
339 27 57 59 135 108 104 135 225 348 6 12 36 50 33 36 24 29 56 315 270 281 78 90 78 71 60 53 71 108 120 251 270 90 98 116 135 149 180 180 198 315 45 71 315 11 56 71 -9999 108 135 161 135 270 270 45 63 71 270 270 288 0 69 59 45 341 315 270 288 0 315 -9999 -9999 270 258 116 180 233 231 198 71 298 304 341 236 198 198 225 101 93 104 138 193 183 155 135
296 77 77 45 35 36 38 21 333 339 354 0 31 41 25 37 45 54 53 0 291 255 116 110 126 114 119 126 111 90 63 288 270 71 45 11 18 18 5 6 336 333 63 45 315 135 113 108 -9999 71 11 0 30 270 225 180 135 108 281 306 293 0 68 63 90 -9999 315 296 288 315 341 0 0 315 315 30 45 278 271 292 0 323 306 26 322 345 351 345 123 137 115 49 21 0 135 180
270 90 81 33 45 14 15 2 338 342 349 1 25 35 38 40 15 20 26 0 344 90 116 108 116 98 78 90 90 45 30 341 329 11 353 336 352 7 11 12 2 3 18 18 14 45 45 8 0 0 347 9 45 45 225 225 45 0 315 294 267 258 62 48 29 348 350 0 341 315 333 0 0 315 323 0 28 315 263 279 337 347 348 15 305 296 0 112 133 160 192 191 14 14 32 45
210 140 116 90 81 329 338 344 334 341 341 4 37 52 59 40 3 25 34 18 71 104 90 81 83 71 71 65 33 8 0 354 353 353 333 309 325 17 36 33 14 7 29 32 9 18 14 356 356 351 0 38 52 36 8 341 351 351 315 213 209 211 149 82 35 330 353 45 348 329 0 135 180 261 261 198 113 125 256 264 270 288 315 108 203 229 163 116 112 147 199 200 206 233 0 9
219 169 174 180 0 320 324 324 315 332 332 7 53 57 52 37 15 37 50 68 99 116 113 94 83 71 90 66 23 348 341 351 355 346 340 336 346 42 77 97 135 156 127 120 315 45 8 341 348 355 45 71 54 35 14 345 351 26 45 108 206 225 183 153 161 284 329 26 15 0 71 90 315 278 225 171 144 45 287 276 251 188 167 149 225 198 153 98 60 38 45 215 221 258 308 4
251 161 171 198 235 265 270 263 254 245 225 158 112 81 65 57 37 36 50 45 45 34 32 45 28 21 33 18 356 343 345 341 341 318 305 312 12 74 80 81 90 120 113 135 225 315 329 344 0 116 104 54 18 15 8 351 9 29 14 18 23 270 180 225 296 305 327 16 35 38 45 11 341 315 0 45 63 299 273 236 189 173 174 194 180 167 167 153 105 71 73 322 322 305 296 354
232 156 150 237 237 229 225 218 235 236 198 153 98 56 45 38 23 23 36 22 28 25 19 15 9 13 15 10 334 338 1 15 9 341 210 189 177 151 107 49 15 15 16 8 356 343 331 33 98 116 26 350 356 4 4 0 13 16 12 11 28 36 45 302 328 311 305 74 90 85 45 18 -9999 198 198 135 71 255 232 192 176 172 184 202 177 168 165 168 189 104 71 306 298 284 233 207
282 0 339 337 337 294 258 251 266 270 288 348 350 14 22 26 16 19 26 14 27 34 16 2 10 19 21 15 300 286 51 85 92 122 138 171 191 187 101 0 355 11 18 15 8 355 345 45 38 0 345 340 347 358 8 12 18 13 15 16 23 36 32 288 266 231 194 150 143 158 225 45 71 135 225 288 0 0 236 173 147 168 216 235 215 180 135 315 315 65 38 294 250 228 206 216
332 345 318 330 0 352 341 329 310 302 324 333 322 5 39 45 23 32 38 25 30 31 20 4 37 38 45 37 233 193 172 158 163 165 139 135 255 275 315 329 329 4 36 40 38 23 351 9 5 345 340 344 350 1 12 13 11 13 17 19 27 37 32 341 206 186 176 153 125 270 270 45 26 8 351 315 333 45 45 135 78 0 300 275 261 161 180 281 315 59 26 333 307 306 307 300
275 315 293 296 341 353 348 339 332 330 338 330 321 14 71 94 135 125 84 45 28 36 32 23 45 45 68 94 140 138 135 113 45 11 14 11 324 279 270 270 270 300 26 27 25 20 0 337 345 332 329 341 348 2 9 7 11 17 18 20 31 36 37 35 9 15 18 0 14 0 288 225 315 341 353 351 45 90 26 8 0 11 341 288 288 0 341 315 336 345 351 341 337 355 0 315
237 232 239 216 209 208 216 243 263 258 225 270 288 59 81 82 83 71 66 30 23 33 13 19 32 32 49 56 57 45 32 29 0 0 0 14 351 296 276 284 306 315 343 8 21 23 4 331 338 330 316 326 332 358 8 14 30 32 31 36 45 45 48 49 18 18 21 14 45 71 -9999 288 296 288 270 108 116 225 315 336 344 24 33 270 276 326 0 315 309 324 340 327 276 139 152 185
210 197 197 191 202 201 198 203 205 200 206 248 264 63 63 59 39 9 26 15 11 15 0 25 25 24 32 32 35 35 35 26 0 11 18 26 348 315 320 324 326 309 315 346 19 27 6 320 311 293 254 232 225 203 168 123 108 106 105 98 90 79 68 53 18 9 30 54 81 71 341 315 315 341 -9999 108 45 333 315 300 288 78 75 288 270 278 18 315 270 253 198 177 174 156 167 302
203 192 198 204 221 221 220 210 210 221 240 266 279 71 83 65 30 15 37 45 78 135 180 198 18 60 79 78 78 75 51 30 6 26 26 6 348 315 303 309 327 325 330 345 11 16 6 354 333 281 248 234 216 207 192 127 98 98 100 97 92 86 66 49 30 23 60 68 54 18 348 315 288 315 45 18 348 348 315 315 338 8 14 3 330 258 225 288 258 219 180 170 270 351 337 329
330 333 308 300 300 291 274 258 251 261 263 258 237 153 135 125 135 135 128 140 149 154 180 194 177 145 137 145 94 54 34 32 18 11 3 356 0 341 302 301 321 330 337 354 8 5 6 12 5 0 349 341 345 322 315 26 53 51 45 47 50 45 36 49 45 35 59 52 29 18 30 -9999 225 225 135 270 315 336 341 348 355 358 1 10 29 45 270 300 303 315 45 180 265 295 309 302
