code/mhm/output/Parthe_0p0625/mhm_setup/morph/aspect.asc
ncols                160
nrows                168
xllcorner            12.421875
yllcorner            51.125
cellsize             0.001953125
nodata_value         -9999
[rows 0 to 45 of 168, columns 0 to 95 of 160]
333 348 333 329 315 45 26 338 331 341 10 16 4 322 299 338 15 352 352 11 24 315 240 210 205 212 203 201 258 298 302 297 306 315 298 320 356 11 26 26 10 353 345 345 348 349 352 353 356 356 350 348 354 352 350 354 351 357 2 6 10 10 15 18 9 0 4 9 10 23 32 27 25 31 33 17 357 6 34 59 78 108 112 124 150 172 169 173 190 188 178 172 178 182 172 173
350 350 335 333 0 18 324 326 331 338 6 12 6 345 323 338 9 350 354 29 37 11 330 333 333 300 293 288 273 270 266 254 215 225 246 243 236 45 45 33 0 339 339 334 331 343 354 349 352 356 341 333 0 288 281 315 315 0 78 135 149 125 127 135 149 198 135 90 78 63 45 38 51 63 61 52 71 125 120 95 59 78 95 97 96 114 130 154 183 178 173 173 181 188 186 186
352 356 347 350 4 0 333 315 315 336 353 347 351 347 340 351 3 354 3 18 14 8 352 344 344 331 333 338 291 257 241 236 206 217 220 201 195 192 183 156 206 251 276 294 288 281 -9999 225 198 180 180 180 167 183 205 201 192 180 149 157 173 154 153 163 174 185 180 168 168 163 163 159 147 140 119 90 63 45 15 13 9 23 42 37 30 29 34 38 34 85 126 159 180 194 206 202
0 348 333 344 0 355 347 338 323 330 341 334 337 339 345 353 356 0 7 12 11 14 7 344 347 335 329 353 324 288 233 219 191 192 195 186 188 192 192 188 206 241 257 254 233 198 170 176 180 180 169 176 175 194 240 194 172 177 158 159 165 150 154 161 168 180 164 167 168 143 143 141 144 157 161 168 165 116 135 143 156 150 108 66 49 62 73 67 45 67 77 54 96 165 200 195
8 345 324 326 345 341 345 351 345 343 339 333 334 333 345 0 315 90 45 18 30 26 15 344 0 341 258 180 206 180 184 198 185 182 187 184 187 198 209 220 243 249 241 225 204 189 156 165 177 182 171 186 206 225 233 158 155 173 149 108 90 56 355 356 6 15 32 355 353 16 20 36 57 90 135 176 171 163 168 167 172 173 172 175 158 146 148 160 173 116 87 83 104 122 206 191
348 354 345 324 329 331 333 347 349 345 341 333 333 341 135 153 180 153 168 180 168 180 0 341 45 45 270 161 180 153 149 194 185 180 184 188 201 213 225 229 225 211 206 204 198 195 149 135 163 192 189 215 232 225 195 156 186 270 341 23 26 345 338 6 35 45 53 326 329 33 37 49 59 68 66 45 99 104 68 30 10 14 2 353 21 21 16 11 2 25 42 52 66 33 5 56
333 353 354 333 326 326 320 341 354 345 333 270 180 156 156 168 180 149 161 191 198 251 270 315 0 8 8 30 0 11 23 18 45 -9999 315 315 288 203 202 203 200 198 206 213 209 196 169 140 135 255 288 315 243 216 180 149 210 225 198 155 170 209 203 161 151 163 163 200 204 191 71 65 79 83 51 21 30 4 356 0 0 3 359 356 4 2 4 9 14 28 39 37 25 18 21 32
333 341 341 336 330 331 323 315 -9999 135 153 171 165 153 165 180 180 156 168 225 270 296 315 315 333 0 0 11 11 8 8 35 45 0 341 270 161 146 170 191 197 199 207 206 199 188 186 188 161 263 248 161 169 194 185 158 186 197 183 170 170 180 176 170 171 176 181 200 201 189 180 158 132 116 345 0 4 347 347 349 352 2 354 349 355 357 6 25 40 38 34 26 15 17 17 19
315 315 305 315 315 315 161 165 174 180 156 156 171 146 161 206 225 45 341 315 315 329 333 315 333 18 315 315 63 71 -9999 90 90 135 153 165 164 155 149 170 198 207 210 203 198 194 195 192 181 187 186 168 171 194 187 166 180 187 182 175 167 170 167 168 175 183 193 202 192 182 178 172 162 177 225 233 288 315 18 180 191 195 216 258 300 335 7 26 28 23 23 23 17 17 20 21
270 270 261 236 206 170 164 167 170 195 173 156 180 146 180 278 326 0 345 323 324 0 -9999 225 180 161 174 180 168 170 186 144 135 153 135 135 135 144 144 153 258 285 302 315 281 206 180 176 178 181 181 171 176 198 187 175 184 182 178 172 169 169 164 171 180 198 205 196 185 175 177 178 172 187 202 202 205 192 171 175 182 194 216 242 257 259 315 14 14 23 29 33 28 24 29 25
315 315 251 180 176 167 172 180 180 236 225 90 315 26 336 308 323 0 351 315 198 156 161 180 165 165 174 174 183 195 186 161 161 161 90 63 81 98 116 270 299 300 307 315 168 153 152 156 171 180 180 176 198 213 201 195 189 176 161 155 172 171 167 201 198 191 180 180 177 165 177 186 171 180 202 208 201 190 189 230 315 329 320 324 323 315 315 305 345 53 55 54 52 53 55 53
206 194 173 155 161 168 210 270 315 307 338 9 350 351 351 323 296 135 161 168 153 158 158 164 155 149 164 170 204 225 180 156 180 188 206 116 104 98 101 225 257 243 183 171 167 161 153 151 168 173 180 234 278 270 239 180 168 168 160 156 175 170 174 212 198 168 163 177 171 160 177 184 169 180 209 205 198 207 238 265 282 293 293 306 330 18 173 205 198 135 93 71 66 71 75 74
194 191 191 135 11 344 333 339 345 334 338 14 0 315 135 171 185 174 173 165 144 153 116 120 135 108 120 288 315 270 171 149 171 195 210 156 123 101 104 191 246 216 153 161 161 170 150 144 191 180 315 296 303 135 170 161 167 166 159 172 180 171 184 201 191 161 153 174 158 149 165 177 174 185 198 199 210 225 227 214 192 195 207 201 183 172 176 195 205 183 120 96 77 56 45 47
348 336 315 333 345 344 338 339 354 348 135 146 161 170 167 164 174 180 185 173 156 191 135 101 90 98 108 255 225 149 163 163 174 209 212 174 165 149 111 161 225 206 149 78 78 135 135 135 180 203 234 232 184 157 156 153 167 173 135 0 90 135 225 225 180 156 153 135 90 95 104 135 161 194 191 200 216 205 192 188 182 187 193 192 183 177 186 201 204 194 173 159 155 139 111 101
8 354 323 302 315 335 336 315 108 135 135 125 146 146 168 161 135 161 186 194 168 191 168 135 108 104 101 198 176 154 146 186 239 225 203 180 194 168 108 123 201 219 234 45 66 90 116 116 135 198 210 201 168 156 153 120 135 258 315 0 26 26 333 351 30 45 0 333 54 71 45 45 71 288 90 156 225 192 167 181 180 192 200 202 189 183 212 219 212 204 181 167 173 160 141 129
18 0 344 307 281 251 153 171 156 153 90 56 23 18 6 30 78 90 135 225 168 180 191 180 135 116 135 90 45 71 101 210 225 188 206 270 296 90 104 98 135 254 257 225 90 90 108 135 149 168 194 201 171 135 333 6 3 336 336 3 18 15 350 14 45 45 18 288 45 33 23 39 45 336 6 33 315 149 122 161 171 198 201 204 194 189 216 218 211 205 184 174 180 172 159 141
14 8 6 315 225 186 155 167 180 225 315 14 11 5 9 38 36 26 33 0 116 156 180 180 170 143 168 198 135 71 65 45 210 203 246 296 333 63 105 135 168 248 248 198 126 127 135 149 173 165 180 198 191 206 255 315 339 341 346 18 45 45 18 90 113 135 108 198 281 0 20 25 26 0 352 22 28 53 60 54 45 -9999 174 184 184 189 207 210 197 188 179 175 179 182 180 173
135 135 135 146 180 185 150 156 210 254 251 180 135 161 161 71 18 18 32 18 36 53 90 156 174 161 175 183 180 180 120 81 135 225 254 273 315 93 110 142 194 251 248 225 78 80 90 98 161 180 315 0 161 215 241 246 243 233 168 147 146 161 173 154 158 190 170 194 239 194 180 45 32 12 6 45 51 50 65 66 18 35 68 101 149 219 235 213 190 176 174 171 177 190 188 178
167 164 161 144 161 210 135 135 243 240 209 180 168 173 180 165 180 153 135 135 45 59 71 90 135 135 161 189 180 180 176 165 168 198 219 228 187 131 120 123 270 284 309 333 18 53 39 39 18 351 341 108 108 251 245 214 199 194 167 158 158 167 180 116 98 258 180 206 217 198 255 315 33 33 33 54 71 80 77 66 45 78 68 61 57 284 231 185 178 168 167 165 182 207 191 172
175 167 171 174 171 203 180 161 243 239 210 191 153 180 168 153 174 158 161 191 175 140 130 135 156 119 120 258 135 135 164 188 191 203 225 225 183 143 135 135 291 291 303 329 80 93 90 90 90 135 135 135 315 324 321 338 351 225 135 90 8 344 343 1 4 356 6 17 0 322 327 353 18 18 16 22 29 26 19 18 6 9 18 23 27 14 336 33 75 90 71 90 258 275 315 63
180 168 180 198 188 198 210 251 300 315 341 315 11 26 90 113 153 123 127 180 180 154 135 135 173 135 26 315 113 116 135 243 225 239 261 251 161 135 156 210 245 240 218 184 149 139 149 150 168 180 135 341 329 329 337 351 6 14 12 5 0 340 339 348 353 354 10 23 10 330 316 358 30 27 29 33 45 38 30 33 11 14 22 21 29 29 357 2 17 5 18 34 341 318 350 358
-9999 45 315 288 270 288 300 305 315 333 0 336 0 33 54 84 135 144 114 135 173 180 90 78 333 330 355 15 74 98 161 270 315 303 296 315 101 98 0 315 338 18 196 194 158 129 125 0 347 343 345 349 340 324 313 331 27 47 41 29 15 306 270 263 270 270 45 45 16 331 294 0 66 57 59 57 59 53 35 29 18 26 36 9 15 15 3 0 3 8 16 25 4 315 326 348
0 5 0 348 341 288 278 284 278 281 0 315 135 123 126 115 135 161 140 142 171 225 135 75 315 255 270 101 111 114 315 315 335 338 315 135 116 341 332 331 354 18 11 0 14 23 0 339 346 347 343 356 355 335 255 190 162 140 116 71 14 0 293 296 315 296 315 356 358 348 345 2 19 31 26 19 17 16 12 16 18 23 57 315 322 357 6 11 0 14 27 33 31 310 292 319
-9999 90 108 161 198 225 236 233 234 236 161 164 165 154 156 144 150 165 153 167 213 198 167 167 161 185 183 160 145 270 319 334 338 11 116 144 291 318 327 331 350 14 17 14 11 13 1 324 331 335 329 1 13 20 45 63 23 8 7 0 358 3 355 346 356 352 326 329 342 343 353 3 15 25 20 25 26 21 27 45 45 52 77 135 236 225 198 59 18 56 78 65 53 326 286 281
171 165 153 165 194 194 206 239 258 225 140 152 164 162 160 155 164 168 163 201 216 154 157 176 174 173 177 184 315 303 282 251 198 135 90 81 278 285 292 157 173 193 171 74 54 69 14 300 315 315 307 21 51 45 16 350 349 352 354 1 2 0 3 8 7 8 338 308 323 327 344 10 39 53 53 64 60 45 64 71 52 45 52 25 329 300 323 5 15 38 39 23 25 0 285 255
153 146 150 168 180 188 218 254 240 158 141 146 157 161 158 159 171 161 180 232 180 138 143 171 225 321 0 337 330 206 196 194 188 180 168 104 248 242 198 154 164 194 196 182 164 161 315 318 338 347 350 35 354 356 358 341 342 344 351 13 23 14 36 57 39 49 344 299 311 310 321 18 51 52 41 33 17 12 22 21 9 10 19 15 5 340 338 0 8 13 14 12 18 25 348 293
175 158 144 153 164 201 246 241 180 154 141 138 147 135 116 135 171 153 174 194 170 143 135 180 261 288 352 4 81 135 167 194 191 186 189 172 225 219 186 165 163 225 244 251 318 333 333 327 335 4 40 39 317 333 357 334 327 315 322 78 86 108 137 152 165 143 299 284 286 305 325 3 38 35 19 8 5 9 13 14 7 10 22 24 20 344 334 358 8 14 17 18 21 22 18 352
184 180 168 101 108 213 239 203 156 158 140 123 156 161 45 36 33 71 119 157 165 157 141 198 237 223 206 194 74 90 122 214 213 183 191 196 201 201 201 201 251 302 320 332 330 323 327 319 251 135 84 0 293 265 251 251 210 191 179 154 131 105 69 11 358 354 338 324 315 315 315 161 101 28 12 2 12 28 30 34 21 30 45 34 17 346 339 357 11 23 19 10 11 15 21 13
198 186 198 168 108 158 203 184 158 171 163 144 164 183 191 165 116 81 86 102 130 150 140 225 245 216 205 202 175 113 77 315 331 45 -9999 263 278 298 315 338 278 266 289 316 315 264 216 194 184 171 329 335 288 243 219 195 174 160 164 162 144 52 14 354 352 354 341 334 306 206 159 169 195 185 168 174 146 130 129 118 125 101 63 16 356 343 348 1 19 30 11 358 9 18 21 20
181 183 190 184 161 155 184 189 171 167 168 163 156 165 181 185 180 171 148 127 118 101 6 324 324 357 315 225 188 142 329 337 1 48 63 281 315 307 307 0 29 277 269 235 195 197 195 197 190 191 196 184 190 209 201 184 165 150 159 185 278 329 353 0 0 0 333 251 225 90 81 45 251 191 180 135 98 84 84 84 59 45 21 350 320 310 350 18 25 19 0 354 6 12 15 17
166 195 200 183 165 154 191 225 180 135 153 171 135 118 150 192 190 169 152 140 113 341 315 315 323 17 34 341 348 315 295 329 28 64 81 258 258 262 270 18 351 297 276 216 192 202 206 207 202 186 180 180 206 218 196 182 167 153 180 245 280 293 327 30 45 45 71 288 315 6 37 23 0 345 344 15 24 34 49 50 26 26 23 18 246 251 258 26 14 355 341 348 357 12 27 29
149 206 206 176 180 225 315 305 0 78 116 164 161 135 98 315 324 26 30 18 12 333 321 318 322 30 39 8 0 334 281 203 146 126 120 239 233 229 233 195 235 249 228 203 188 198 203 192 185 180 175 183 205 204 188 181 180 180 279 305 315 304 225 135 146 173 180 300 293 341 35 15 355 341 343 16 28 38 49 36 14 18 26 36 329 290 319 354 357 352 343 356 0 59 68 54
154 195 197 175 203 249 300 329 23 90 117 154 170 288 343 356 353 71 18 0 356 320 316 320 342 28 39 23 344 341 333 145 150 131 117 225 211 199 198 197 215 225 205 191 188 188 194 180 172 178 177 185 194 195 190 188 200 232 267 274 265 170 164 159 167 193 214 240 261 296 341 348 348 351 355 19 33 35 40 26 8 20 27 26 0 296 300 337 356 0 354 56 116 142 135 96
130 195 198 176 217 239 232 198 149 139 140 174 296 320 338 17 20 30 0 331 339 311 281 268 251 85 78 53 307 347 73 62 21 27 30 0 324 198 169 207 234 244 219 196 198 187 192 177 163 171 174 198 228 251 248 225 233 230 213 207 193 169 165 168 174 198 208 202 201 203 225 270 310 350 35 74 77 65 30 6 2 18 25 23 12 309 270 240 171 161 158 147 145 142 150 149
124 180 183 180 210 225 207 178 159 156 180 310 311 297 291 45 20 19 10 336 326 329 315 278 180 152 126 135 246 174 102 15 2 15 16 9 11 30 63 285 276 287 336 11 135 170 190 180 169 168 168 206 242 242 190 182 193 198 194 198 195 176 172 178 180 197 199 192 197 203 218 229 216 196 161 90 98 108 -9999 315 351 30 35 23 10 349 329 324 11 14 15 25 36 45 45 54
90 78 135 180 232 239 201 167 164 239 306 318 336 339 326 18 26 45 45 315 288 302 319 336 114 139 151 172 209 198 206 315 0 18 5 26 66 86 39 329 307 299 270 125 126 135 303 353 18 90 142 189 208 195 178 178 189 203 210 210 196 180 181 188 186 191 199 196 202 217 229 222 205 206 195 149 138 154 225 296 343 5 6 357 358 4 0 358 6 4 355 30 72 96 26 52
90 90 45 335 334 308 315 18 336 326 305 298 327 6 11 11 14 26 36 333 291 266 232 150 138 131 130 210 281 296 300 329 26 333 315 108 105 94 324 309 284 205 173 169 167 270 311 357 18 72 99 180 194 182 181 199 235 257 249 215 182 182 196 194 185 192 210 220 248 277 278 258 225 210 183 165 162 180 257 295 336 4 357 335 354 23 4 0 14 14 3 55 66 26 347 16
125 135 270 302 332 349 352 346 346 344 320 295 270 153 116 71 18 18 15 347 324 251 201 135 123 101 45 325 306 308 296 315 350 356 21 84 85 18 296 225 194 199 285 340 5 355 220 174 168 126 70 12 39 90 194 243 247 240 210 188 187 203 212 198 191 225 251 275 303 318 330 349 332 11 123 154 169 198 233 220 185 180 183 197 197 180 180 146 161 15 14 28 43 25 345 0
111 135 251 259 281 327 342 338 349 347 323 308 225 161 135 45 341 341 348 0 18 315 198 98 63 45 0 315 315 329 329 278 270 -9999 81 73 48 3 0 90 206 253 271 295 77 125 168 182 189 171 11 22 37 38 14 276 218 214 210 248 309 326 171 187 196 229 276 295 288 279 258 146 189 159 136 152 180 210 218 209 188 194 207 225 238 237 164 161 279 329 18 39 64 45 345 0
135 225 288 280 275 279 296 288 168 236 258 206 168 251 329 333 345 8 8 14 45 45 90 123 135 135 315 311 324 348 8 315 243 198 71 45 29 16 39 65 135 194 213 198 160 145 159 259 293 315 315 45 39 32 25 39 153 235 258 283 306 129 156 205 248 278 286 298 278 225 185 159 166 160 154 180 276 299 279 276 302 320 329 351 315 219 163 196 241 239 135 96 81 73 -9999 135
11 344 320 303 292 277 270 90 0 296 278 161 225 288 315 315 330 33 49 45 56 14 36 74 90 305 310 303 225 198 288 0 348 333 0 45 78 101 96 77 84 108 225 206 170 12 351 323 309 296 251 45 23 26 40 60 68 257 239 210 178 161 180 239 270 279 276 282 293 198 171 153 115 111 145 229 255 288 307 282 286 286 278 45 0 345 74 168 206 205 210 108 69 66 54 348
6 349 326 305 293 261 225 194 243 251 225 225 300 291 293 283 239 115 86 75 90 -9999 81 59 24 315 293 270 146 206 225 188 191 225 180 120 105 90 30 33 26 6 352 349 344 341 351 355 352 6 0 315 341 18 50 56 48 0 214 187 175 165 201 230 214 212 229 213 188 178 178 177 153 116 116 202 213 209 194 221 216 214 218 180 186 209 115 104 191 220 235 245 26 30 24 0
0 339 331 322 315 329 315 288 281 225 225 251 278 270 253 225 186 157 128 81 71 135 135 108 45 288 258 153 116 251 225 194 194 206 198 90 29 29 9 9 18 353 338 348 353 315 270 71 71 90 108 225 281 348 59 60 45 14 2 13 39 81 234 236 209 202 211 199 189 185 187 185 176 160 146 165 194 200 191 201 196 199 211 181 174 191 180 165 180 209 218 205 195 169 139 156
300 291 288 294 300 336 352 344 348 353 338 324 288 263 257 225 168 168 156 146 116 18 29 45 108 206 216 180 225 315 0 45 198 210 213 225 270 66 45 348 23 336 288 225 135 171 198 168 161 153 153 203 233 210 104 63 356 355 16 59 86 0 344 338 315 225 217 203 195 197 205 197 180 172 167 168 188 229 236 230 206 217 220 181 164 192 193 191 198 210 209 200 199 187 172 170
243 240 248 257 266 285 333 348 6 341 335 350 344 322 303 336 45 18 101 135 188 239 63 71 98 168 236 304 338 0 71 108 225 225 206 206 195 161 161 288 0 18 191 180 153 180 225 135 153 135 108 251 213 189 168 180 279 191 126 126 333 327 350 10 3 0 350 315 215 229 221 198 180 183 213 315 330 321 323 338 351 343 315 333 350 341 336 323 331 341 351 351 307 236 188 198
344 334 315 306 299 296 300 315 348 336 315 327 347 347 326 11 59 63 101 116 180 210 174 135 98 0 307 291 315 53 90 135 251 135 180 251 288 341 329 326 348 71 108 198 315 324 341 21 21 6 0 348 0 12 59 158 187 173 141 26 320 315 59 90 18 348 8 18 0 258 213 209 216 270 296 309 315 315 300 304 336 350 350 355 340 339 336 311 308 327 351 4 5 0 354 338
