code/mhm/output/Wyhra_0p0625/mhm_setup/morph/aspect.asc
ncols                128
nrows                112
xllcorner            12.484375
yllcorner            50.84375
cellsize             0.001953125
nodata_value         -9999
[rows 0 to 45 of 112, columns 0 to 95 of 128]
215 194 197 146 93 59 9 300 235 243 259 286 53 52 18 51 42 33 42 17 6 3 21 29 28 23 26 51 75 228 218 196 180 187 187 190 198 206 207 197 164 111 111 139 194 246 291 296 294 293 266 241 220 203 190 185 185 186 186 190 196 204 234 237 216 153 105 45 322 341 16 18 340 6 36 26 12 14 25 343 279 270 280 287 266 216 195 192 221 262 291 296 315 130 143 163
322 101 153 165 138 95 14 5 322 272 263 235 145 90 99 118 139 144 108 353 347 357 18 20 21 23 29 53 55 320 304 305 168 198 239 281 285 214 197 205 210 167 132 153 251 287 288 206 190 188 195 198 206 216 270 330 341 348 354 338 330 339 326 275 228 187 206 338 326 336 2 5 321 81 91 70 34 39 39 18 355 279 261 236 209 214 281 320 325 326 329 213 168 118 20 340
357 16 27 18 7 1 358 353 352 329 273 245 306 358 57 91 108 108 63 296 239 225 45 26 32 40 40 41 22 345 341 2 6 357 342 334 353 21 36 248 232 188 151 220 292 310 343 8 3 0 5 278 289 315 318 318 327 339 350 346 341 344 353 349 339 323 309 315 315 327 351 12 45 116 99 32 19 28 16 18 15 332 244 205 197 213 229 218 192 184 181 190 233 330 344 342
357 358 6 8 359 357 0 352 356 17 284 270 288 351 67 62 19 11 19 15 26 243 251 315 35 22 14 12 6 354 356 12 9 356 340 324 0 45 30 349 318 139 164 268 280 282 311 356 0 3 11 347 320 331 320 270 240 238 259 297 323 336 346 354 358 353 349 342 322 319 341 21 45 47 13 358 18 3 357 13 10 3 6 6 341 286 228 189 177 189 225 277 287 263 214 181
356 347 18 63 303 321 24 324 45 87 296 262 238 191 113 85 22 27 39 30 26 0 322 341 341 342 356 2 4 6 19 27 12 354 342 340 33 34 6 347 8 66 113 251 255 260 255 262 315 352 0 350 336 343 347 353 348 315 256 229 208 207 249 304 344 352 356 358 344 338 351 14 26 16 354 358 9 348 352 17 10 8 21 10 351 352 2 8 4 351 325 307 309 309 288 108
191 150 149 168 192 195 165 188 188 97 320 327 274 212 108 76 26 45 40 25 23 10 356 351 288 270 225 180 158 135 90 56 15 348 338 0 60 26 321 315 64 84 92 239 244 241 222 225 211 200 216 219 237 266 286 329 350 352 348 337 246 235 247 250 235 215 251 324 330 327 343 14 15 1 349 352 352 345 5 36 14 12 23 0 341 350 6 8 4 6 345 329 342 341 344 354
198 129 122 150 191 176 153 190 208 233 292 345 52 255 104 71 26 45 30 23 36 25 26 35 270 240 188 155 164 170 143 123 135 161 158 175 171 0 299 278 98 92 88 259 255 247 233 233 214 201 211 208 221 238 250 264 290 325 341 8 25 294 257 248 220 205 229 248 264 270 281 0 21 9 327 319 327 14 90 71 0 2 11 355 328 326 357 3 9 24 343 341 41 243 276 313
352 16 27 27 65 129 122 270 270 262 264 291 65 45 135 105 108 71 59 78 78 54 36 32 0 333 90 119 143 174 180 135 45 71 56 351 333 341 270 188 115 96 92 274 267 255 234 230 216 225 263 295 296 288 277 274 270 254 257 341 35 346 312 294 270 234 253 263 274 279 275 270 71 63 270 248 217 143 102 18 324 341 71 153 248 277 309 337 6 19 338 350 46 14 276 263
350 11 21 22 28 35 19 335 325 315 278 225 124 139 171 141 165 161 120 108 90 45 23 36 18 45 90 90 96 135 300 339 5 5 5 351 353 4 2 20 66 75 65 306 249 226 223 229 210 225 239 239 246 233 225 220 202 192 202 206 232 315 317 325 349 344 303 302 319 320 305 270 135 143 169 189 194 177 172 255 303 108 138 183 256 281 274 251 288 351 344 347 23 26 336 257
326 25 53 45 32 32 17 348 329 332 213 175 163 165 180 172 174 177 171 165 167 176 172 161 164 180 90 52 26 344 330 337 356 1 357 349 356 7 6 22 42 43 39 26 234 219 244 273 324 330 326 315 283 288 263 202 184 186 203 214 239 277 308 321 348 352 330 324 338 350 0 135 145 158 158 176 191 183 197 208 187 156 152 211 237 198 186 189 197 202 211 255 341 32 16 327
219 151 104 85 63 41 26 1 323 26 110 146 174 175 180 190 183 174 168 155 164 186 191 90 45 315 324 18 349 333 341 339 345 355 351 348 355 18 38 66 41 21 34 39 34 296 247 259 288 325 338 354 343 348 352 3 17 8 315 308 291 278 275 288 322 320 311 323 348 23 66 98 105 120 129 154 180 183 196 191 180 168 172 219 226 202 263 315 326 251 250 262 283 2 2 344
184 191 243 9 17 6 11 5 338 24 63 69 18 18 348 307 329 351 0 16 8 351 343 357 6 354 343 344 337 330 345 345 342 347 343 348 6 66 74 65 356 6 48 48 42 45 267 268 279 300 302 340 346 338 333 352 13 12 349 336 327 319 303 303 338 310 296 315 108 135 138 140 135 135 137 143 158 194 219 198 182 168 189 238 255 298 325 339 3 1 322 274 252 288 332 341
196 210 227 234 18 350 355 357 340 41 63 29 5 2 358 352 350 351 352 6 8 354 345 355 8 11 349 329 328 326 338 344 348 352 354 7 15 32 34 27 8 348 15 20 32 45 318 290 295 309 280 254 170 239 271 299 352 13 7 344 335 345 338 329 349 320 275 161 150 155 161 162 157 157 163 180 353 337 337 354 0 3 12 337 255 226 225 213 199 319 344 346 327 290 295 331
215 197 210 218 228 288 329 355 354 97 87 4 7 6 4 6 358 353 350 5 9 355 350 357 8 19 356 315 300 300 315 329 347 351 354 8 11 13 24 20 0 348 351 5 24 31 356 271 230 197 205 200 221 288 281 271 290 355 27 5 323 333 270 201 183 182 174 163 149 147 160 168 159 154 300 318 327 325 330 353 3 9 21 12 348 282 215 198 207 240 286 343 350 320 293 278
259 233 258 253 249 259 272 26 81 78 59 333 356 12 19 21 0 0 4 11 0 348 352 0 3 13 0 344 332 306 304 320 344 348 353 19 22 354 5 0 342 352 357 352 15 26 19 345 326 343 225 195 223 242 259 263 263 279 66 77 198 170 170 181 180 170 156 153 147 141 154 302 347 348 341 347 336 313 312 336 8 0 6 6 3 9 16 20 230 243 253 267 307 310 324 198
265 275 275 272 266 256 230 225 351 28 28 6 2 22 30 22 3 11 26 26 336 329 347 356 351 355 356 352 343 338 337 333 346 349 0 20 10 346 356 351 322 358 15 337 356 22 16 0 355 5 18 38 199 207 207 205 214 214 158 131 156 162 171 184 185 168 158 159 152 45 334 333 343 343 344 5 353 324 352 21 3 315 319 345 359 19 32 31 17 257 236 205 199 211 188 188
237 255 282 297 289 267 253 278 303 38 40 22 26 37 34 21 3 14 26 29 348 315 329 344 339 341 11 320 313 330 346 335 336 327 348 15 8 0 8 338 295 345 14 328 336 21 356 351 1 31 69 85 106 187 210 198 195 199 187 175 168 167 174 190 189 157 154 213 324 334 332 335 343 335 345 35 355 303 343 17 7 351 321 313 343 28 46 43 22 340 260 199 206 210 208 255
309 320 304 306 300 285 264 259 240 139 101 10 12 17 22 25 11 12 12 15 6 343 337 344 341 333 30 305 295 313 356 0 0 288 302 353 14 15 2 352 344 6 71 215 206 174 220 194 164 137 108 116 115 349 332 0 137 207 218 214 278 339 348 0 5 21 7 332 327 321 322 336 345 335 33 78 334 292 286 347 1 2 340 321 337 42 52 31 7 2 17 0 309 309 303 289
307 310 272 244 233 214 210 234 225 159 210 293 333 7 35 46 32 0 353 5 11 353 349 356 356 3 0 300 271 271 336 15 12 325 307 334 4 353 355 12 69 123 150 198 234 180 171 159 164 163 116 104 315 333 350 29 50 333 294 285 305 327 340 1 7 10 4 340 332 316 233 188 182 179 165 172 202 225 244 281 325 357 333 318 347 49 37 7 3 19 32 8 316 316 323 298
205 199 218 221 218 205 202 247 241 153 217 246 259 270 83 78 59 341 338 350 356 355 357 357 355 4 0 322 257 237 222 180 90 236 216 188 197 232 167 135 143 155 174 185 192 171 155 155 165 171 100 2 323 332 15 68 62 341 266 247 259 268 285 337 5 12 27 350 205 165 175 183 180 173 163 184 230 255 280 303 330 356 339 305 338 45 18 349 7 32 14 8 351 266 207 230
185 195 210 213 222 212 182 210 206 185 210 223 210 189 144 94 98 215 236 284 315 348 356 351 354 0 357 350 324 252 223 197 187 175 185 183 205 211 168 142 122 130 160 165 177 172 167 184 356 349 347 340 333 357 39 41 35 28 27 284 274 257 245 211 175 173 133 143 217 53 8 338 349 359 3 15 317 287 299 304 302 90 152 178 181 174 182 202 182 90 340 3 23 45 155 241
288 272 272 273 273 251 135 184 214 232 246 184 180 192 192 148 142 199 225 251 257 239 270 300 333 326 345 351 333 302 262 230 206 203 305 341 320 251 142 96 78 94 112 128 152 168 201 238 239 259 276 289 317 13 14 18 35 53 76 237 223 202 202 193 181 188 173 339 331 352 352 344 347 352 12 55 45 247 231 197 178 174 166 169 176 180 187 192 189 191 197 192 164 90 29 295
356 329 313 315 309 6 50 33 295 279 293 99 132 202 210 162 149 218 248 255 239 225 234 225 188 225 210 180 246 270 285 294 315 315 300 321 345 0 33 75 102 98 88 86 98 137 213 213 196 205 235 252 273 346 13 34 67 80 91 202 205 194 203 215 214 225 253 272 268 272 297 312 329 328 66 82 88 223 222 187 165 173 165 163 169 186 203 204 199 204 203 200 204 195 0 320
331 301 282 287 299 45 71 56 288 264 220 109 90 284 249 150 108 255 249 237 213 198 200 194 183 202 196 188 219 240 254 265 270 270 261 234 171 173 155 135 127 113 97 88 80 73 281 292 325 326 302 293 289 306 63 79 86 85 72 351 338 344 344 320 315 326 274 246 261 276 280 283 305 315 71 74 57 6 247 182 155 176 180 35 8 334 331 344 337 263 221 203 202 203 209 212
194 202 223 220 198 176 171 225 295 282 225 100 69 348 294 336 7 334 275 246 208 188 208 212 206 234 263 303 299 284 284 282 278 261 225 180 167 173 169 157 160 151 127 108 94 85 279 282 312 330 306 295 278 172 160 139 112 96 68 324 328 344 356 353 348 0 3 329 292 288 291 296 318 4 82 63 28 17 16 78 119 215 282 331 353 336 339 4 2 352 0 15 157 195 209 212
190 200 217 209 195 192 208 243 263 249 191 114 74 330 330 348 0 0 345 329 345 344 340 347 348 340 334 342 346 333 323 315 296 225 161 154 158 164 165 161 170 165 152 142 136 130 225 267 275 289 266 241 205 160 167 152 113 89 60 291 295 325 358 6 359 4 5 359 343 330 325 312 315 59 78 19 6 23 31 33 23 347 320 327 352 345 341 12 356 353 18 28 34 19 254 230
339 301 273 243 218 222 232 230 213 191 188 186 203 297 308 344 8 5 348 332 349 339 324 341 341 320 304 309 327 327 323 341 180 150 141 147 155 153 151 156 165 160 155 151 150 146 288 271 250 214 229 227 214 142 122 98 64 52 41 281 263 265 327 11 6 357 357 5 355 341 342 306 299 25 21 347 0 33 30 23 12 354 330 312 336 347 349 10 3 7 68 53 25 21 26 291
340 339 322 209 195 206 210 206 195 188 199 205 219 240 225 186 178 177 194 211 191 188 199 200 213 239 251 251 281 326 23 123 158 139 126 135 150 149 140 145 148 147 151 116 350 339 331 311 296 263 263 267 278 6 25 25 33 46 47 315 236 224 201 193 187 197 192 164 178 187 188 236 282 347 11 346 21 18 1 8 8 3 1 337 270 272 311 7 24 33 38 22 17 42 60 51
277 225 158 153 185 210 210 206 199 192 200 200 202 204 195 188 185 183 199 210 199 213 260 293 311 329 335 335 321 341 98 123 147 130 112 118 130 130 119 117 122 116 329 342 351 340 331 333 346 344 321 295 279 321 354 5 14 30 40 36 255 213 199 192 185 187 188 175 175 185 198 213 210 193 186 225 324 344 343 8 17 5 17 29 354 278 267 298 26 30 29 30 45 59 52 41
197 180 173 165 315 251 214 214 212 203 207 209 205 207 212 227 236 263 285 300 322 323 325 330 336 343 341 348 356 21 63 95 140 135 101 92 97 112 123 110 15 340 331 341 352 344 332 317 315 309 281 274 279 306 336 353 6 22 31 34 39 86 199 200 188 191 195 184 187 239 262 245 214 196 213 254 282 310 333 81 108 161 126 98 45 291 272 261 315 78 90 94 92 75 52 51
188 210 288 315 347 18 341 251 241 231 225 244 284 315 321 327 344 349 328 325 332 317 306 308 318 309 293 300 8 21 66 91 135 156 66 34 32 61 99 173 300 316 325 340 349 352 358 350 347 351 323 313 313 313 323 344 10 33 41 59 70 50 4 334 335 246 208 220 267 294 304 305 325 343 331 298 260 229 188 128 131 147 140 101 39 210 231 241 210 108 81 59 41 36 51 71
0 305 288 278 315 11 6 348 315 284 288 302 313 322 325 327 339 338 281 255 232 233 241 232 213 212 197 181 193 184 110 87 56 333 355 4 24 53 56 12 258 239 231 237 259 302 0 351 351 358 330 306 304 305 304 323 32 45 47 64 55 13 350 357 4 5 17 333 234 210 200 217 239 264 289 278 264 244 182 135 122 45 7 351 26 34 307 292 333 30 33 36 41 61 71 45
0 315 251 251 276 341 3 0 352 333 317 317 315 293 242 187 177 181 189 190 185 195 211 217 216 192 172 180 195 191 146 38 4 351 350 1 34 53 40 29 300 211 212 210 201 195 187 189 188 187 206 228 242 249 254 258 23 26 30 43 32 6 331 347 9 12 26 26 26 189 199 213 212 204 199 198 203 196 174 174 183 201 247 303 29 21 353 319 334 34 70 102 110 49 24 6
0 11 315 290 292 320 356 0 0 331 275 248 225 215 185 178 180 177 178 177 188 221 245 244 217 184 168 197 244 239 255 307 343 353 352 1 27 34 27 27 37 59 226 221 205 199 195 207 207 204 225 228 225 210 207 214 199 171 156 41 39 31 302 302 49 52 62 55 50 47 320 274 242 225 223 212 205 195 184 207 220 225 225 214 245 347 355 334 333 93 83 45 4 355 10 17
354 18 341 297 288 288 324 354 0 353 248 213 212 214 187 194 201 157 152 175 257 278 260 220 192 185 178 220 245 251 291 264 210 200 248 323 20 31 21 17 39 57 0 231 210 207 220 251 276 296 241 194 196 192 197 210 201 186 210 212 69 47 308 260 124 117 105 99 88 51 331 328 341 340 324 325 334 332 315 297 318 323 303 293 286 300 327 353 28 52 41 11 0 45 127 130
345 18 335 300 302 308 306 333 347 356 357 345 291 229 188 185 182 166 164 285 299 295 235 189 186 197 204 227 226 214 208 200 187 206 235 246 303 12 8 17 60 69 61 225 209 203 219 232 213 185 174 171 184 194 212 231 225 220 240 232 225 12 352 28 85 90 88 85 71 351 316 312 325 340 340 346 353 356 352 328 335 337 326 325 311 315 315 116 122 118 115 150 154 153 152 135
348 0 323 291 299 329 315 315 327 341 355 347 348 29 135 171 172 210 312 315 299 299 356 10 348 315 311 318 284 228 210 217 210 229 241 243 254 278 326 66 75 58 31 21 40 180 212 219 200 185 182 171 249 289 298 290 257 225 223 215 210 217 186 110 119 115 110 115 26 318 323 322 323 328 332 349 355 351 356 350 350 347 334 320 284 260 191 129 135 147 147 145 135 90 5 18
348 0 329 270 261 239 270 276 188 176 200 261 335 49 30 351 353 342 323 332 289 292 347 5 353 336 334 346 349 339 322 308 332 345 283 244 211 214 214 119 77 39 25 37 50 52 225 248 243 265 305 344 335 308 275 209 190 197 210 205 195 201 196 154 135 106 90 83 297 290 297 292 270 244 214 191 210 236 206 185 189 184 195 198 201 202 198 123 59 33 25 27 12 348 353 25
315 45 0 277 266 246 264 251 129 152 217 252 270 60 24 315 330 331 317 22 300 288 329 8 343 309 327 5 335 332 333 295 297 0 315 258 237 261 258 113 104 54 66 77 76 73 71 278 293 300 294 327 324 253 181 176 186 210 235 227 206 229 239 210 71 57 69 68 279 260 241 222 204 206 194 197 222 215 177 180 186 180 189 189 189 205 221 232 45 15 25 24 2 343 35 96
251 90 333 305 302 307 300 -9999 108 119 288 298 325 49 9 299 299 293 273 56 301 292 322 355 343 331 355 8 345 348 29 270 275 333 333 353 329 266 254 59 40 0 54 61 57 63 64 255 233 214 215 190 186 186 173 189 259 291 285 287 311 310 315 347 21 39 65 58 309 255 235 215 200 209 199 209 226 203 171 180 186 185 202 219 263 295 295 295 330 345 21 38 5 23 81 74
341 344 330 323 251 261 300 18 41 349 320 317 2 34 357 315 294 258 237 275 297 304 333 336 323 333 5 5 349 9 33 337 276 284 315 18 23 275 266 341 0 355 26 25 33 41 20 349 337 190 188 185 187 194 196 231 266 279 276 273 288 301 321 0 10 17 32 33 3 317 306 306 308 258 205 208 216 204 190 198 186 248 296 327 337 317 324 337 328 339 48 79 135 18 40 19
348 341 345 126 171 211 231 275 349 338 333 332 14 19 4 350 270 225 232 265 271 278 321 335 299 299 45 54 296 8 33 16 353 289 290 94 45 308 294 251 277 319 9 14 34 31 12 6 6 15 34 53 196 229 239 242 236 225 221 218 218 218 213 204 194 0 20 32 354 335 346 350 354 2 359 355 345 339 343 355 4 350 330 340 356 325 319 342 302 184 121 126 165 201 245 349
331 348 11 45 30 315 291 299 316 322 340 0 356 9 18 29 24 348 261 257 260 268 293 334 316 311 67 85 265 276 77 62 23 300 315 37 348 330 350 0 249 236 262 37 50 14 13 16 10 22 45 51 40 264 247 242 242 238 239 237 242 244 222 206 194 206 242 22 335 313 336 350 352 3 2 357 351 346 346 2 14 4 341 258 225 239 205 174 175 171 154 148 158 209 236 219
326 354 355 14 2 342 336 328 322 320 345 2 351 8 36 45 25 21 78 252 270 271 265 278 301 328 36 29 315 299 71 35 2 318 309 15 346 349 15 9 327 290 276 59 63 315 102 109 130 101 78 70 52 321 286 304 323 330 325 324 326 330 350 6 206 214 233 255 301 277 287 326 344 5 21 8 319 285 180 141 149 153 128 176 186 178 169 160 161 167 168 165 165 215 238 211
308 324 324 354 341 323 315 309 315 325 345 7 11 45 78 71 18 33 53 289 284 301 309 298 287 285 61 49 327 325 23 15 0 341 315 315 198 158 188 303 330 321 315 28 33 29 99 117 126 78 65 56 49 18 287 291 311 332 337 329 324 327 356 17 10 0 310 268 254 254 242 215 193 178 157 161 204 182 162 150 161 170 158 165 177 181 170 135 99 99 127 145 156 215 234 221
338 315 282 288 258 242 235 246 267 296 98 147 180 201 65 45 6 18 27 317 280 286 312 284 220 199 171 164 285 296 113 123 135 315 334 3 32 36 323 306 321 320 325 0 3 20 46 37 12 18 42 52 49 29 295 267 251 235 233 247 250 247 277 8 15 14 5 259 236 237 218 197 192 195 203 237 315 116 137 151 167 171 162 166 175 185 191 188 156 104 96 109 128 216 242 226
