code/mhm/output/Wyhra_0p0625/mhm_setup/morph/aspect.asc
ncols                128
nrows                112
xllcorner            12.484375
yllcorner            50.84375
cellsize             0.001953125
nodata_value         -9999
[rows 46 to 91 of 112, columns 0 to 95 of 128]
349 358 344 347 344 309 270 235 233 230 124 111 184 232 288 23 3 350 356 340 292 261 245 270 296 293 322 329 329 33 105 -9999 341 310 318 357 6 10 358 327 320 320 321 326 6 52 43 32 20 18 55 74 53 41 327 266 264 261 253 253 261 279 292 90 140 147 140 180 209 213 199 192 210 229 247 251 158 129 128 138 162 168 158 161 168 185 199 203 192 157 140 135 136 225 244 202
338 358 354 357 358 356 2 338 248 229 201 76 7 296 335 5 354 341 330 335 325 260 280 337 352 351 341 338 8 54 45 338 341 315 312 338 347 13 9 344 319 278 261 267 11 53 22 39 40 30 50 41 22 43 47 276 290 322 334 327 319 325 345 52 71 71 87 130 189 204 197 190 215 235 244 227 154 131 120 115 132 144 130 142 152 180 207 211 201 174 149 135 132 218 219 184
333 348 344 354 1 5 8 5 354 338 300 54 337 324 0 4 356 351 308 284 99 263 255 205 196 201 206 201 155 145 0 336 270 261 278 311 325 9 9 1 8 327 296 278 300 79 101 102 96 68 53 34 29 61 76 259 261 263 271 279 272 251 167 106 71 50 72 86 131 184 196 206 244 263 250 189 161 154 144 142 159 162 117 97 104 149 214 211 194 180 168 158 149 225 242 280
346 350 343 351 0 5 9 10 7 6 356 348 328 337 13 0 1 1 346 346 12 320 225 177 185 197 194 186 172 183 206 196 175 239 259 278 300 326 336 3 17 358 11 187 178 160 161 155 155 158 149 155 143 125 114 258 258 237 211 210 208 195 180 172 175 177 138 95 93 127 203 246 270 264 207 164 157 163 159 158 173 182 177 156 132 130 234 225 181 175 181 201 315 331 332 331
350 354 350 354 2 13 27 36 45 11 331 333 335 1 11 353 2 357 349 353 7 9 32 91 165 214 220 211 151 185 214 207 195 228 237 221 195 199 215 189 156 180 104 110 140 127 131 141 164 154 152 163 156 145 143 259 246 220 194 195 202 190 178 178 179 187 192 161 94 86 203 253 245 197 173 163 156 162 164 160 170 188 195 189 153 351 335 348 25 57 270 281 298 307 310 308
349 0 4 14 32 67 73 56 38 357 293 280 291 26 350 342 357 353 347 353 2 16 45 55 37 315 245 261 347 5 350 302 239 253 264 254 235 225 199 183 178 198 203 25 25 59 85 109 138 127 117 127 120 50 14 247 215 203 186 187 199 185 176 178 178 188 199 193 165 145 165 226 210 169 168 170 168 165 12 4 2 355 339 336 346 349 352 8 27 38 18 283 272 259 233 209
351 14 37 41 38 34 23 9 3 4 348 249 233 286 330 327 343 351 349 0 11 82 95 86 67 23 304 301 331 357 4 10 1 317 305 326 335 344 8 32 71 246 244 180 120 106 117 139 163 154 132 38 347 358 18 14 6 232 191 195 209 184 175 181 180 186 196 195 183 173 173 200 195 166 163 173 246 306 339 351 358 359 352 340 342 357 17 30 20 31 32 317 297 313 327 327
135 11 11 7 7 7 5 0 1 16 22 11 279 273 304 320 310 281 194 150 145 138 131 124 110 321 310 308 312 322 352 26 25 324 281 257 254 285 12 41 29 341 248 164 147 135 123 132 165 168 185 290 319 354 21 23 20 356 354 358 356 15 26 356 348 21 251 249 266 320 16 315 262 322 350 6 312 260 252 281 339 0 352 323 327 20 43 25 17 46 52 330 270 268 307 340
270 315 325 345 356 2 2 2 25 60 67 56 304 271 277 309 135 167 153 147 139 129 126 120 -9999 288 279 248 218 245 270 57 54 341 280 243 237 255 270 65 32 12 45 86 104 115 111 107 126 155 267 284 295 341 39 53 43 334 342 0 8 38 40 0 350 38 12 309 318 335 8 9 336 318 335 29 40 229 234 246 249 161 240 276 292 48 49 37 59 83 83 90 237 239 247 268
305 293 296 321 344 0 18 68 99 78 39 39 345 281 280 315 78 105 107 100 74 55 45 45 348 275 279 306 306 287 293 40 51 0 321 332 336 324 29 116 155 165 161 152 131 116 104 98 104 135 255 253 249 248 79 79 45 315 333 10 47 79 58 350 355 45 40 281 293 322 3 6 349 330 337 35 33 5 263 237 208 186 216 236 207 190 21 45 60 68 52 10 342 283 241 231
357 322 291 288 315 354 40 66 48 17 17 41 9 289 288 345 30 38 54 39 35 45 53 58 7 296 304 340 347 330 328 10 19 3 336 330 351 25 111 126 137 148 161 161 135 117 105 94 90 341 270 257 260 272 42 57 6 321 343 21 52 67 358 345 4 27 36 305 268 273 325 347 352 351 355 11 14 19 25 215 193 194 211 202 197 237 285 40 45 37 14 359 8 27 214 218
8 353 348 302 277 315 38 30 3 3 28 51 5 307 303 356 45 60 77 92 118 128 125 93 341 286 280 300 329 312 310 0 12 4 340 321 34 75 61 37 36 42 26 18 47 62 66 66 52 334 321 303 282 270 341 40 358 317 348 48 67 56 329 334 5 18 25 8 300 229 225 237 257 305 336 1 22 40 42 30 13 270 225 202 229 255 243 150 34 19 9 13 49 40 355 337
10 0 11 5 312 312 16 25 10 37 68 47 345 322 329 142 164 154 147 150 125 114 66 340 351 305 239 208 202 215 223 214 198 329 307 225 128 40 14 19 34 45 45 63 90 94 96 93 82 300 301 309 308 300 322 19 358 329 13 65 61 34 329 311 350 9 20 23 21 18 237 238 221 210 237 282 34 47 37 22 9 5 6 333 244 229 210 202 213 305 27 61 73 357 329 346
13 7 35 25 325 322 14 45 41 57 55 11 334 306 132 135 157 129 45 15 32 39 350 315 344 2 356 275 236 249 261 270 288 251 165 159 171 199 225 74 78 81 93 117 125 123 129 121 54 305 295 302 311 305 309 356 350 345 45 57 34 25 3 285 285 348 25 46 48 45 319 264 262 234 245 265 348 31 30 23 13 20 37 22 315 295 252 219 220 216 185 71 43 347 285 270
50 74 83 14 319 333 19 28 22 33 32 23 125 147 104 0 355 3 7 13 33 48 12 275 285 345 11 14 344 311 318 330 315 143 132 138 160 210 228 157 130 136 133 133 136 131 123 0 350 309 284 271 245 223 214 207 219 225 45 19 15 21 23 340 289 293 352 36 33 32 29 268 254 243 237 245 250 66 67 65 55 66 69 354 324 340 0 353 317 270 277 340 14 10 336 235
94 86 69 327 307 329 55 93 131 131 121 102 49 18 334 333 350 10 26 37 46 45 31 295 263 281 353 20 3 322 311 124 159 162 145 135 132 207 209 168 152 158 158 142 133 128 225 306 330 303 286 291 315 333 299 209 223 249 321 353 17 32 36 3 342 326 335 41 52 61 68 -9999 250 262 323 276 273 40 60 61 57 57 17 329 321 334 358 7 7 338 316 324 357 14 14 14
60 45 30 329 302 153 126 112 104 81 45 348 353 352 330 325 345 25 46 52 46 41 43 353 295 295 330 50 67 194 174 154 160 160 148 152 143 178 192 168 152 108 29 52 59 53 315 309 334 296 283 294 317 348 10 8 315 302 318 345 37 56 40 351 345 347 14 109 105 99 79 1 311 287 299 292 290 5 51 61 57 40 324 305 313 322 336 5 16 354 329 324 342 8 24 32
33 18 11 340 341 50 35 21 8 6 5 344 340 341 329 326 6 78 75 70 68 80 48 337 320 317 2 81 98 122 137 146 163 158 144 150 144 315 339 356 345 355 21 55 73 63 308 323 356 342 259 239 231 245 343 10 333 302 305 350 13 24 13 353 354 53 102 108 97 85 8 332 344 352 325 277 258 261 53 61 49 23 306 292 307 311 320 349 6 357 344 337 341 12 46 57
0 348 349 350 0 12 1 357 354 3 6 346 325 312 281 157 162 160 138 125 105 59 341 329 326 329 95 93 77 83 102 120 153 143 137 150 328 330 346 349 344 13 60 76 79 61 284 296 349 10 0 228 223 226 221 212 263 270 275 315 356 21 24 30 45 59 55 51 65 69 311 295 327 8 1 321 289 295 48 75 72 37 286 275 270 263 259 267 318 335 339 339 350 35 69 81
213 255 291 338 356 351 353 347 342 4 18 30 180 187 175 161 167 164 149 147 66 346 329 329 338 135 140 144 149 146 132 93 20 45 53 333 292 296 319 338 0 63 79 77 71 49 262 248 232 341 11 8 274 226 212 206 220 245 264 271 293 56 48 48 30 35 54 49 37 29 353 273 251 300 358 346 329 334 96 101 87 0 301 265 222 216 218 223 239 262 278 273 145 126 118 120
234 240 247 245 288 315 333 338 336 101 114 114 127 158 163 138 101 50 24 356 348 335 331 14 112 124 129 132 130 125 351 3 9 27 41 20 276 274 287 315 60 86 85 79 68 48 270 231 209 215 271 358 17 337 253 255 262 259 253 243 225 -9999 55 63 39 36 45 15 3 18 26 346 258 272 317 337 339 45 81 72 25 341 329 334 336 306 268 271 279 277 246 169 152 152 147 141
337 336 304 291 294 302 315 333 33 84 90 57 35 16 3 1 2 3 359 355 351 339 15 100 95 80 59 47 45 356 327 17 52 69 79 26 311 304 307 341 83 77 61 52 49 51 53 278 265 264 273 308 34 38 303 300 316 317 308 305 311 339 40 25 3 4 11 4 5 54 59 29 310 263 231 201 192 153 62 38 8 335 326 341 350 355 331 307 307 318 351 79 98 97 72 19
330 330 315 319 320 299 278 281 45 61 24 357 5 4 356 2 6 3 8 27 122 160 158 152 145 132 104 75 34 353 323 123 135 135 104 317 312 315 326 27 50 47 46 49 59 69 37 320 333 325 296 302 40 60 286 272 279 293 300 306 307 338 8 351 353 4 25 48 79 88 45 6 2 308 263 248 239 261 21 16 357 340 331 340 349 352 343 323 312 322 3 38 30 19 8 357
315 296 240 205 182 180 186 190 180 167 182 210 219 284 330 18 27 39 93 115 121 128 130 104 105 128 45 18 8 15 66 93 96 71 39 293 292 304 334 90 100 101 103 101 92 86 0 296 319 328 302 309 24 48 351 247 222 212 211 211 202 194 211 233 216 153 60 39 38 45 353 343 17 4 330 344 355 332 348 353 347 340 330 339 349 348 346 340 325 315 108 98 66 30 21 78
315 45 165 171 164 165 186 196 184 181 192 206 219 231 243 108 71 86 96 92 75 48 10 20 45 17 340 7 37 66 73 67 37 21 36 276 272 276 116 119 135 132 120 113 96 88 281 272 281 295 285 295 27 63 57 253 234 223 223 228 217 206 225 231 208 225 330 18 49 64 322 312 37 35 302 311 3 324 334 338 328 317 305 315 330 338 336 338 340 78 130 145 158 174 150 125
191 168 147 149 156 162 189 200 189 195 206 221 235 239 244 251 26 48 52 36 25 18 7 23 51 9 334 23 42 29 42 60 53 52 77 279 281 296 48 57 52 65 81 91 98 93 315 296 313 327 304 309 21 51 36 4 323 293 277 259 242 247 270 278 307 303 299 18 73 67 317 312 47 38 320 320 355 327 334 345 341 325 302 293 285 278 257 237 188 98 88 94 124 161 153 129
179 182 176 158 159 171 186 191 190 196 202 215 227 238 253 283 345 19 30 24 17 21 18 29 38 5 348 48 59 62 81 86 86 83 64 280 271 275 29 54 66 79 87 97 104 96 284 280 287 293 280 286 357 19 7 7 8 344 331 324 295 272 271 281 318 329 315 13 59 20 332 344 27 5 341 343 354 344 343 353 351 330 266 213 202 187 188 195 195 165 62 45 50 79 110 104
178 186 188 173 158 168 194 199 207 222 239 254 264 275 281 287 306 66 95 116 143 150 160 161 144 160 171 161 160 161 153 132 102 35 352 307 282 271 0 84 91 88 79 74 68 61 254 238 208 199 221 230 250 327 343 10 19 356 350 357 355 344 321 299 315 328 315 12 39 351 333 8 22 353 337 330 326 258 176 167 177 180 172 178 185 184 195 214 231 255 5 34 45 55 46 30
195 243 243 217 333 344 349 6 326 280 300 319 321 315 307 296 180 150 129 136 152 154 161 172 161 157 158 145 149 174 327 358 0 5 347 322 320 312 141 120 111 104 93 76 64 57 322 292 305 295 252 244 238 231 221 180 66 336 342 355 357 359 352 333 340 343 333 4 17 350 344 69 106 158 171 176 183 184 167 162 174 178 175 187 221 272 297 305 307 285 158 164 149 109 112 135
351 344 340 347 341 338 352 14 14 327 291 297 312 300 291 135 141 135 104 93 79 68 74 90 347 354 10 35 43 330 318 337 352 10 357 321 327 80 124 108 88 80 75 78 84 74 311 310 339 354 342 304 226 205 199 192 210 252 297 332 345 357 358 348 351 352 346 9 30 45 122 137 144 150 159 168 182 192 175 152 165 204 283 328 343 336 318 309 300 146 147 166 182 154 128 152
315 279 277 303 319 327 345 16 22 8 307 263 235 233 231 191 21 29 47 41 31 42 57 4 329 345 31 63 49 332 300 307 339 12 3 340 20 77 57 48 59 64 72 85 96 78 291 291 313 333 342 1 4 332 315 329 301 288 298 315 327 350 5 0 198 170 169 159 154 155 117 95 90 82 80 98 155 197 187 176 344 311 303 316 336 200 221 217 168 135 124 138 179 191 153 120
354 354 284 275 288 304 327 36 54 30 345 325 340 322 291 309 350 45 78 91 104 100 45 338 323 9 74 67 42 331 309 307 329 3 2 10 40 47 51 87 104 111 120 121 108 308 282 275 279 286 298 345 0 353 347 354 347 325 318 323 225 155 165 172 176 178 174 167 173 191 181 95 47 34 35 41 46 75 174 250 304 319 266 190 166 180 206 198 172 156 110 70 88 199 183 115
356 9 359 313 300 296 251 124 124 330 332 333 351 4 343 206 169 156 135 109 65 20 347 345 358 23 40 52 39 320 290 265 236 232 303 57 74 86 101 112 115 114 117 117 0 327 316 283 278 283 284 304 333 342 342 352 349 334 327 90 133 140 153 169 177 182 176 167 185 212 197 171 174 157 111 91 88 99 135 256 263 219 187 160 169 211 239 191 157 173 188 142 58 35 115 101
348 14 7 333 320 328 68 80 357 320 324 328 348 27 36 49 38 14 10 6 12 5 344 0 66 93 107 100 5 331 325 285 278 279 234 124 121 119 112 100 91 93 101 45 315 325 348 331 313 286 259 237 219 216 213 205 225 239 176 133 127 125 123 140 172 181 169 172 225 249 199 155 173 174 165 156 148 141 158 250 255 175 147 139 178 227 240 240 86 125 182 188 190 351 46 80
345 3 1 348 345 2 15 11 350 330 319 311 116 120 93 18 0 353 353 8 24 23 27 86 110 104 73 28 327 333 357 345 334 341 71 105 104 110 124 127 121 115 106 290 283 284 318 333 325 300 250 201 197 203 204 209 226 229 185 86 73 57 45 42 28 41 97 168 226 225 188 143 150 164 157 153 150 137 161 240 229 175 157 141 173 222 236 230 103 101 138 173 202 211 151 84
353 352 350 356 6 15 13 10 356 270 206 190 158 152 176 205 200 202 202 147 78 22 26 27 17 8 10 4 337 332 74 153 177 177 164 153 147 138 146 154 147 124 17 333 261 225 206 226 272 311 326 21 329 244 241 251 263 270 281 55 53 51 60 71 63 64 83 116 197 201 184 167 164 168 159 157 168 124 92 221 200 178 172 162 174 224 228 189 162 155 151 164 200 200 179 158
206 245 270 108 115 138 158 169 167 156 172 181 169 157 178 198 186 184 187 183 190 206 315 13 16 18 26 22 341 142 142 153 169 175 170 165 163 157 152 83 6 350 353 2 347 290 252 275 308 327 326 4 3 346 327 307 294 296 315 129 133 135 126 101 52 42 49 32 15 0 116 135 147 152 145 156 183 189 159 161 177 178 177 174 181 210 202 175 165 161 148 158 226 225 192 205
189 204 218 174 122 119 139 180 108 87 106 175 164 128 163 213 199 177 176 177 191 199 196 192 166 160 164 165 171 163 148 143 159 169 165 164 161 345 335 342 354 0 7 354 352 8 337 277 263 242 248 266 331 342 331 316 293 272 108 93 82 47 22 15 8 14 24 21 23 27 50 86 123 133 129 139 173 189 177 159 163 175 176 180 197 248 279 350 5 18 35 354 328 340 354 353
279 278 272 270 83 60 10 353 13 41 31 6 22 45 4 339 345 21 66 114 174 195 194 190 170 167 168 158 166 170 162 143 131 90 0 347 344 348 340 332 3 39 10 332 343 16 15 284 209 195 208 204 199 197 202 205 207 212 205 48 25 22 40 94 143 145 137 148 151 144 124 119 137 149 148 145 152 184 181 156 135 333 337 341 328 321 330 348 10 46 53 327 320 339 353 0
347 338 311 45 80 15 345 1 23 17 15 22 42 20 352 356 0 36 53 49 39 21 209 180 157 162 175 150 129 149 195 336 358 351 345 342 342 354 354 339 30 52 341 321 342 16 26 27 37 236 241 232 222 236 261 284 294 294 308 351 36 81 102 101 79 68 78 64 12 7 23 51 86 118 144 145 90 341 339 344 351 344 338 351 337 308 300 324 62 63 53 297 284 316 348 8
0 356 18 135 18 336 324 18 26 11 36 65 52 357 356 50 71 78 62 41 33 28 30 78 106 128 201 198 69 59 304 304 338 340 326 319 325 5 14 357 57 66 301 295 325 25 54 65 51 336 293 294 309 306 308 323 332 319 320 357 64 78 59 24 5 17 33 13 349 358 28 71 90 103 150 213 315 303 315 312 330 320 313 353 7 270 265 300 36 45 64 261 263 275 319 24
71 113 130 164 183 198 198 173 170 180 135 53 18 355 15 38 21 25 45 63 90 105 111 104 91 40 334 345 30 42 294 246 220 230 261 271 274 356 15 13 52 51 303 277 280 45 68 68 51 338 315 310 311 305 302 313 330 318 320 14 49 37 15 4 0 15 31 19 352 101 113 105 102 98 45 300 324 319 326 329 338 306 294 357 33 318 304 322 36 85 94 313 287 283 281 36
83 105 120 146 170 186 186 178 179 193 205 234 351 10 55 90 120 128 113 110 100 87 75 74 28 345 345 358 25 33 31 248 212 232 261 281 291 324 355 9 28 28 347 298 291 0 46 47 24 344 331 332 325 318 316 319 332 315 225 157 123 8 357 3 1 10 19 19 24 61 107 117 118 100 351 333 337 338 330 339 357 325 302 347 13 332 319 346 95 110 95 309 308 302 284 341
167 148 126 126 146 181 197 186 182 210 217 212 200 177 130 101 78 45 40 27 29 34 40 47 340 323 349 17 38 43 43 26 333 263 261 261 266 270 293 355 24 29 7 333 305 310 32 31 10 349 340 341 331 316 272 203 180 173 175 175 184 208 211 163 167 183 217 28 56 95 114 121 129 317 331 342 351 349 334 340 358 345 312 262 303 296 271 140 123 115 264 281 288 296 244 233
176 169 161 150 150 244 302 336 358 352 310 240 207 212 315 15 6 8 18 19 39 64 81 67 307 301 351 39 54 61 67 55 11 293 271 259 253 256 263 286 354 19 10 2 351 332 357 5 0 352 345 348 354 45 156 168 169 168 175 178 197 226 216 156 160 182 204 195 120 114 115 118 296 302 305 324 351 341 335 343 356 3 10 4 337 312 161 131 100 51 328 254 222 208 220 235
174 175 178 163 -9999 283 271 264 309 351 353 6 355 288 300 353 45 113 132 154 149 119 94 347 315 315 15 85 93 91 91 77 344 309 289 292 300 309 322 334 340 355 6 8 359 349 351 352 355 353 344 0 47 74 87 106 129 143 166 183 223 240 210 156 157 168 195 201 130 109 103 84 309 313 307 289 301 311 321 338 356 11 23 18 9 40 90 61 19 0 1 2 211 218 239 274
