code/mhm/output/Wyhra_0p0625/mhm_setup/morph/facc.asc
ncols                128
nrows                112
xllcorner            12.484375
yllcorner            50.84375
cellsize             0.001953125
nodata_value         -9999
[rows 0 to 73 of 112, columns 0 to 95 of 128]
0 0 0 0 0 0 28 3 105 2 1 0 0 0 1 0 0 0 0 1 74 1 0 3 0 8 1 0 0 15 6909 0 2 7 1 14 2 1 1 0 0 0 6 0 25 114 0 0 0 0 0 0 0 0 0 0 1 1 1 1 38 36 29 0 0 0 0 2 8 0 0 4 2 0 0 1 1 23 3 717 18 14 8 6 4 0 0 1 12 10 6 3 0 0 2 155
0 0 3 1 0 22 3 2 98 2 1 0 0 0 0 0 0 0 0 72 0 0 0 1 2 4 0 4 13 0 6 6899 6894 6885 6870 6863 6846 6841 6836 1 0 0 0 7 319 176 174 173 0 0 0 1 1 67 65 62 59 53 49 47 0 1 2 25 0 1 0 0 6 0 1 1 0 0 0 0 22 2 1 13 700 0 0 0 0 1 19 17 1 0 0 0 0 166 164 3
4 0 3 14 18 2 2 1 97 95 0 4 2 1 0 3 11 14 25 45 0 0 0 0 0 3 3 2 4 4 0 3 4 5 3 0 0 0 0 6830 1 0 0 333 3 1 0 1 169 166 163 153 148 78 0 0 0 0 0 1 2 0 1 1 20 17 9 3 3 1 0 0 1 2 3 21 1 0 12 0 14 683 681 1 2 20 0 0 0 0 0 1 168 0 0 0
1 1 1 1 1 1 1 0 0 0 92 1 0 0 0 1 3 0 9 0 42 32 0 1 2 2 1 1 1 1 1 2 3 4 1 0 0 0 393 1 6430 0 335 1 0 0 0 0 1 0 1 5 1 0 77 75 70 0 0 0 0 0 0 0 1 1 1 4 2 2 0 0 2 4 15 0 0 9 1 1 10 0 3 672 663 656 632 628 621 616 602 599 479 0 0 0
0 0 0 0 0 0 0 0 0 1 75 6 0 0 0 1 0 6 1 7 0 7 21 0 0 0 0 0 0 0 0 1 2 1 1 0 0 389 1 0 1 6425 339 0 0 1 0 0 0 0 0 0 0 0 0 0 2 68 63 0 0 0 1 0 0 0 0 1 1 1 1 1 0 6 1 0 5 2 0 0 9 1 0 7 2 1 1 4 2 11 0 0 115 307 305 302
0 0 0 0 0 0 0 1 0 0 74 0 4 0 0 2 5 0 2 3 2 1 1 20 1 0 0 0 0 0 0 0 0 0 0 0 0 386 1 0 0 0 6083 5 3 0 1 0 0 0 0 0 0 0 0 0 0 1 1 60 58 16 1 0 0 0 0 0 0 0 0 0 2 2 0 1 2 0 0 0 7 0 3 2 1 0 0 3 1 0 9 2 111 0 0 1
0 0 3 5 7 9 11 14 16 70 0 0 0 0 0 0 0 1 2 0 0 0 0 0 16 1 0 2 4 1 0 1 0 0 0 0 379 2 0 0 0 1 0 6073 8 7 4 2 0 13 11 9 7 4 2 1 0 0 0 0 0 37 11 10 8 7 4 3 2 1 0 0 0 0 0 0 0 0 0 5 0 1 0 0 0 0 0 1 0 0 7 0 0 110 0 0
1 1 4 7 8 9 10 11 43 7 1 0 0 0 0 0 0 0 1 0 3 5 7 10 13 0 0 0 5 2 0 0 4 353 359 369 7 0 0 0 0 1 2 6063 0 0 0 0 14 0 7 6 5 4 3 2 1 0 0 0 1 36 32 29 0 0 0 6 5 4 1 0 0 1 1 0 0 0 0 3 0 0 0 0 0 1 0 0 0 2 6 0 0 108 1 0
0 0 1 1 2 9 16 28 1 4 1 0 0 2 0 2 0 0 0 1 0 0 0 0 0 0 282 285 1 9 328 330 346 0 3 7 2 2 2 4 6 9 32 61 5996 1 1 16 0 10 0 0 0 0 0 0 0 1 0 0 0 0 0 0 27 25 20 6 4 1 1 0 0 0 4 0 2 0 0 0 0 0 0 2 5 1 0 0 0 0 0 0 0 1 101 2
0 0 0 0 0 5 5 10 0 0 0 0 1 3 1 0 4 1 0 0 0 0 0 0 0 280 0 0 302 316 9 0 1 11 2 6 1 1 1 0 1 21 25 1 18 5973 110 90 89 88 75 73 66 65 60 56 0 2 1 3 0 8 6 5 0 1 3 1 0 1 0 0 0 2 0 9 0 1 2 0 0 0 1 11 0 0 0 1 1 0 0 0 0 0 6 89
0 0 0 2 4 0 3 5 3 0 1 1 6 0 2 4 10 13 115 120 122 159 168 171 176 102 0 0 11 0 1 8 0 10 1 5 0 0 0 0 20 24 0 1 15 0 5860 0 0 0 0 1 1 1 2 1 50 48 40 22 21 0 0 2 4 0 1 0 0 0 0 1 3 8 9 21 1 2 4 0 1 0 15 0 0 38 36 33 29 25 3 1 0 0 4 1
2 1 0 0 0 1 0 4 2 0 2 27 30 44 48 74 76 82 16 2 34 0 6 0 2 12 87 2 5 1 0 6 0 9 0 3 0 0 8 19 22 0 0 11 2 0 5858 8 5 4 0 0 0 0 1 0 0 3 7 2 0 9 7 0 1 3 0 0 0 0 0 0 0 0 0 0 24 230 221 220 216 210 206 43 40 0 0 0 0 0 17 13 0 0 1 1
3 3 0 0 0 0 0 2 1 0 0 19 1 4 2 24 0 4 15 1 25 6 0 4 1 11 86 1 1 2 0 3 1 4 3 2 5 6 7 1 20 0 10 1 5 6 5847 0 0 0 1 0 0 1 0 0 0 1 2 3 1 0 1 0 0 0 0 0 0 1 1 1 2 0 2 263 261 3 1 1 2 1 0 144 0 0 0 0 0 0 0 1 11 4 0 0
0 4 2 1 0 1 0 1 0 0 16 0 0 3 1 0 22 3 14 0 24 3 1 3 0 10 84 0 0 0 1 2 0 3 2 1 4 5 0 0 19 8 0 0 4 1 5838 0 0 0 0 0 1 5 2 1 0 0 1 1 0 0 0 0 0 0 0 0 1 3 2 2 0 4 291 21 0 0 0 0 1 0 1 21 118 114 110 1 2 0 0 0 1 2 2 1
21 20 10 6 4 1 0 0 0 2 14 1 0 1 0 20 0 1 0 13 23 2 0 2 8 0 56 26 24 16 0 0 1 2 1 0 3 4 7 18 2 0 3 3 0 1 6 5827 5824 5820 5816 5810 6 0 0 2 1 0 0 0 0 0 0 1 1 1 1 1 0 2 319 311 307 301 0 1 20 11 8 0 0 0 18 1 2 1 2 103 96 1 0 0 0 0 0 0
0 0 0 0 2 1 0 0 0 0 1 5 0 0 5 1 11 0 3 8 22 0 0 1 7 1 53 0 2 3 14 1 0 1 0 2 3 5 0 9 0 0 2 2 0 0 2 1 1 1 0 2 5799 1 3 0 0 0 0 0 1 1 3 0 2 0 2 2 334 330 6 2 3 0 1 0 7 0 0 6 0 17 0 0 1 0 1 5 7 81 1 0 0 0 0 1
18 17 15 14 8 4 3 2 0 0 0 1 1 4 0 4 5 0 1 7 21 10 1 0 6 0 0 51 1 2 2 8 0 0 0 0 2 0 3 8 2 0 1 0 0 0 0 0 0 0 0 0 0 5795 1 0 2 1 0 0 1 4 0 373 3 1 350 346 5 1 1 0 1 2 0 0 3 1 0 0 2 1 13 1 0 0 0 3 6 5 71 41 3 0 3 20
4 3 0 0 0 2 1 0 0 0 0 0 0 2 1 1 4 0 5 0 8 0 7 0 2 2 0 50 0 0 1 1 7 4 1 0 0 2 1 1 0 0 0 0 0 0 0 0 0 0 1 0 3962 0 1823 1821 1818 397 394 392 389 385 378 1 363 359 1 1 1 0 0 0 0 0 0 0 0 0 0 0 0 0 8 1 0 0 2 5 3 0 0 27 35 32 31 3
0 0 0 0 0 0 0 1 1 0 0 0 0 0 0 0 3 1 2 0 1 4 0 5 1 1 10 34 1 0 0 0 1 0 0 0 0 0 0 0 0 0 0 4 1 0 2 1 1 0 0 3957 3 1 0 0 0 1415 0 0 0 0 0 0 2 0 2 0 0 0 0 0 0 0 0 0 0 0 0 1 0 2 2 1 0 0 2 1 1 0 1 24 0 0 0 0
0 0 1 1 0 1 1 5 0 2 1 0 1 0 0 1 0 0 0 0 0 1 1 4 0 0 5 3 33 0 0 0 0 0 0 0 0 0 0 0 0 3 5 0 0 0 0 3 4 0 3943 3952 1 0 0 0 13 1399 0 5 2 1 0 0 0 0 0 0 0 0 1 1 1 1 1 1 2 8 6 2 0 1 0 0 0 0 0 0 0 0 2 0 19 15 0 0
1 3 2 1 2 2 6 0 0 0 6 2 0 0 0 0 0 0 0 1 0 0 0 1 1 1 2 0 1 31 1 0 0 0 11 8 6 0 0 2 7 13 6 1 1 0 1 3931 3938 3940 2 1 0 0 2 5 1 3 1397 0 1 0 0 0 0 0 0 0 883 880 877 873 865 861 856 852 13 0 0 0 0 0 0 0 0 0 0 0 0 0 0 0 0 0 13 5
28 24 14 10 5 0 7 1 14 12 3 0 1 2 0 0 2 2 2 1 0 0 0 0 0 0 0 0 0 0 26 24 21 19 3 2 1 0 2 3 0 1 16 24 29 0 3925 5 0 0 0 0 0 1 1 0 1 0 1389 0 0 1 0 0 2 895 893 890 3 0 0 4 0 1 0 0 834 2 0 0 0 0 0 2 1 1 1 2 0 0 0 0 0 0 2 3
0 0 0 0 0 0 8 2 17 1 0 0 4 5 1 1 5 16 9 6 5 3 1 0 0 1 0 3 2 1 0 0 0 0 0 0 0 0 0 0 1 2 3 4 5 43 3871 0 4 3 2 1 0 0 0 0 0 1 427 959 955 4 0 934 929 0 0 0 0 1 0 0 2 0 0 1 5 824 1 0 1 1 1 3 0 692 687 5 0 1 1 1 1 0 0 0
4 3 2 1 0 0 10 3 22 1 0 0 6 7 0 0 25 1 0 0 0 0 0 0 1 2 0 4 0 0 0 4 3 2 1 0 0 0 0 0 0 0 1 2 3 5 3869 0 12 11 5 3 1 0 0 1 2 3 424 2 0 947 945 7 0 31 1 0 7 6 5 1 0 1 0 2 1 821 804 800 796 777 715 711 705 3 0 677 675 666 661 656 3 0 0 0
0 0 0 0 0 0 0 38 0 1 0 0 8 114 105 104 74 71 68 62 0 53 51 47 43 40 33 29 22 14 10 3 1 0 0 0 0 2 0 1 2 0 0 0 0 0 3851 15 0 3 0 0 0 0 0 0 0 1 419 1 0 0 1 2 2 1 26 22 9 5 0 2 0 0 0 0 12 0 2 1 15 58 0 0 6 1 0 0 7 1 1 0 648 645 628 1
6 5 2 0 1 1 44 3 1 0 0 0 126 1 0 1 1 1 1 1 59 3 1 1 1 2 1 0 1 2 1 0 0 0 0 1 2 3 1 2 3 0 1 1 1 3829 19 0 0 2 1 0 0 0 2 0 11 13 11 390 0 1 0 1 1 0 2 1 1 2 3 1 0 0 2 9 1 0 0 0 14 0 56 0 1 3 0 2 3 0 0 0 0 14 620 2
11 9 6 5 2 45 0 0 0 0 1 128 0 1 0 0 0 0 0 0 0 0 0 0 0 0 0 0 0 0 0 0 0 0 1 3 0 3 6 3 4 0 3 0 3819 8 2 17 0 0 0 2 0 1 7 8 0 10 1 388 3 0 0 0 0 0 0 0 0 0 0 0 0 0 2 2 0 0 5 10 2 4 48 0 0 0 1 1 1 0 0 9 11 1 0 618
0 0 0 0 0 47 0 2 0 1 131 1 2 0 0 0 0 0 0 0 0 0 0 0 0 0 1 0 2 1 0 0 1 0 2 5 11 0 4 11 0 5 5 3782 31 0 4 1 15 14 7 1 0 0 0 5 9 0 3 0 376 0 0 0 0 0 0 0 0 0 0 1 0 0 0 0 0 3 1 1 1 0 2 47 0 0 0 0 0 1 4 2 0 0 0 7
0 0 0 0 2 49 0 4 0 134 2 0 4 0 1 1 1 1 2 0 35 33 29 28 22 18 14 10 5 0 0 0 3 0 1 0 0 12 14 5 12 7 3774 0 2 26 1 1 0 2 0 1 0 0 3 0 2 0 1 2 9 364 2 0 1 2 0 1 1 1 3 0 0 0 0 0 0 2 0 0 0 0 0 0 44 4 2 0 0 0 0 1 0 2 5 0
0 2 779 777 774 52 0 6 0 135 85 81 79 1 65 62 56 55 44 41 3 1 0 2 1 0 2 0 0 2 0 1 5 0 1 36 37 39 0 22 3758 3763 1 0 1 3 21 0 0 0 0 5 4 2 0 1 1 0 1 4 0 2 357 3 0 3 1 2 35 32 23 22 19 16 5 2 0 0 0 0 0 0 0 0 35 0 0 0 0 0 0 0 0 0 0 15
908 906 1 0 0 716 713 1 136 86 0 0 0 71 4 1 0 2 1 0 0 0 0 0 0 0 0 0 0 0 0 2 11 0 28 1 2 4 45 3721 0 0 0 0 0 0 1 20 18 16 14 5 3 1 1 0 0 0 3 0 1 9 3 338 323 318 306 40 0 0 0 0 0 0 7 4 2 1 0 0 4 5 11 13 1 18 0 3 0 0 4 7 10 12 14 0
0 119 0 0 0 0 4 698 692 0 9 7 2 0 0 0 0 0 0 0 0 0 0 0 1 0 0 0 0 0 0 2 19 27 0 1 0 0 4 13 3659 0 0 0 0 0 0 0 0 0 0 0 0 0 0 0 0 2 1 3 8 2 11 1 2 1 2 264 0 0 0 0 0 0 0 0 0 0 0 0 0 0 1 0 0 3 12 1 0 1 0 0 0 0 0 17
3 117 0 1 0 0 2 0 3 466 0 0 0 0 0 0 0 0 0 1 0 1 2 2 0 0 1 1 1 1 0 0 2 1 3 0 0 2 3 3 6 3650 1 1 1 0 0 0 0 0 0 0 0 0 0 0 0 0 0 0 2 1 10 0 1 0 1 1 260 257 4 1 1 0 0 0 1 0 0 2 0 0 0 0 0 1 3 1 0 0 0 1 2 14 16 2
2 0 115 4 2 0 1 1 0 454 0 0 0 0 1 1 1 1 3 2 1 13 7 3 1 0 0 6 4 1 0 0 0 0 0 1 0 2 2 0 4 3 3642 2 0 1 1 2 10 9 5 3 1 1 1 0 0 0 0 0 0 0 9 0 0 0 0 0 0 0 249 72 68 62 53 51 4 1 1 29 23 22 1 0 0 0 0 1 0 0 1 5 9 0 0 0
1 0 106 0 0 0 0 0 0 5 446 443 5 2 0 4 0 0 0 7 265 248 0 0 0 1 1 13 0 0 1 0 0 0 0 0 0 0 1 3 0 1 3636 0 3 2 3 12 0 0 0 0 0 2 3 1 0 1 1 0 0 2 4 0 0 0 1 6 8 169 5 2 0 1 5 0 45 42 35 0 0 7 9 8 4 3 0 0 0 1 2 0 0 0 0 0
0 0 93 9 7 6 3 0 1 1 1 0 434 429 5 0 1 0 281 278 2 0 246 239 4 0 2 185 4 2 0 0 1 2 0 0 0 0 1 0 0 0 10 3623 3 0 17 0 0 0 0 2 1 3 18 13 2 5 2 0 0 0 0 0 1 2 3 0 0 158 2 1 1 0 1 1 1 0 2 3 0 6 3 0 0 0 0 0 0 0 0 0 0 0 0 42
1 72 19 0 0 0 0 1 0 0 0 0 1 0 421 320 318 315 25 21 0 0 0 4 232 220 188 0 165 2 1 66 63 60 3 1 0 0 0 0 2 4 3 10 3603 21 1 1 0 1 40 38 33 23 1 0 6 0 0 0 0 0 0 0 0 0 0 0 153 0 2 1 0 0 0 0 0 0 0 0 0 0 0 2 1 0 0 1 4 7 11 19 20 37 40 1
0 71 0 16 0 0 1 0 0 0 0 0 0 1 0 96 1 5 1 0 20 0 1 1 10 0 26 0 1 159 157 0 0 1 49 1 0 2 0 0 0 2 8 0 2 3577 52 51 47 46 1 0 2 0 0 0 0 2 1 0 1 2 0 0 4 5 10 12 151 0 0 0 0 0 0 0 0 0 0 0 0 0 0 0 0 0 0 0 0 1 5 0 7 5 0 0
0 0 69 0 14 12 9 8 7 6 4 2 0 0 92 0 0 3 0 0 18 0 0 0 8 0 0 24 0 0 0 87 0 0 0 45 6 1 0 0 1 7 0 1 0 0 3521 1 0 0 0 0 0 0 0 2 20 18 12 10 9 3 1 0 0 2 0 1 134 7 6 5 4 3 1 5 2 0 1 5 1 1 3 1 7 5 3 0 0 3 0 4 0 3 0 0
0 0 67 25 23 22 21 6 5 4 3 2 0 0 91 75 0 2 0 0 16 10 0 1 7 3 0 23 8 5 0 85 5 4 3 1 37 1 0 0 3 6 0 2 6 8 0 3508 1 0 0 0 0 0 0 3 34 12 10 7 6 4 2 0 1 0 2 7 125 0 0 0 0 0 0 6 0 0 0 6 0 2 4 8 8 7 5 2 0 2 1 3 0 2 0 2
1 4 33 0 0 0 0 13 12 11 8 0 0 1 11 72 0 0 0 0 1 0 8 0 0 0 0 13 1 0 2 78 0 0 0 0 0 33 1 0 0 1 0 2 0 1 16 0 3487 3482 3 0 1 1 43 41 1 0 0 1 0 0 0 0 0 0 2 0 8 106 103 100 95 90 81 79 0 1 57 55 45 41 28 16 3 1 0 1 1 0 0 0 0 0 0 1
0 2 0 32 4 3 0 0 2 1 5 0 0 2 3 3 71 62 0 1 0 0 0 7 2 0 0 11 0 0 0 2 73 64 0 0 10 1 19 0 0 0 0 0 0 2 10 0 2 0 3475 3471 3469 47 0 0 0 0 0 0 0 0 0 0 0 0 0 0 6 0 1 2 2 2 3 1 67 61 1 1 1 3 1 0 1 0 0 0 0 0 0 1 1 0 0 0
0 1 0 3 22 18 14 10 2 1 0 4 0 0 2 2 7 2 56 0 3 2 0 1 1 0 0 5 4 0 0 0 7 60 0 1 2 1 0 18 1 0 0 0 1 8 0 0 0 0 1 0 0 3418 51 50 46 42 35 33 32 26 23 2 0 0 0 0 3 0 0 1 1 1 2 0 2 0 0 0 0 0 1 0 0 0 0 0 0 0 1 0 2 4 0 0
0 0 0 0 2 2 1 1 1 1 0 1 1 1 0 0 6 1 2 49 9 8 0 2 0 0 0 3 2 0 2 4 1 59 0 0 0 0 0 1 12 5 1 0 7 0 0 0 0 0 0 27 34 3329 2 1 0 1 4 1 1 1 0 17 12 11 0 0 0 1 0 0 0 0 0 0 0 0 0 0 0 0 0 1 0 0 2 4 1 1 2 1 3 6 1 0
0 0 0 0 0 0 0 0 0 0 0 0 0 0 0 3 1 0 1 34 1 0 6 0 1 0 0 0 0 0 0 0 0 0 56 37 0 0 0 0 4 0 0 0 4 0 2 5 22 23 25 3 1 3325 0 0 0 0 0 0 0 0 0 0 2 1 5 1 0 1 0 0 0 0 0 1 0 0 2 1 1 0 0 0 3 1 0 0 6 9 16 19 4 11 1 2
738 736 0 0 0 0 0 0 1 0 0 0 0 0 0 1 0 0 2 28 1 0 0 0 0 0 0 0 1 0 0 0 11 17 0 0 34 28 25 14 1 3 0 0 2 0 1 10 3 0 2 0 2 3319 3 1 0 0 0 0 0 0 0 0 0 0 0 0 3 0 0 1 1 1 4 0 0 0 0 3 4 0 1 2 4 2 1 0 0 0 0 0 20 17 5 1
0 7 724 715 710 703 693 2 0 0 0 2 2 0 0 0 0 0 0 1 23 0 18 16 15 12 9 5 0 0 4 10 0 3 0 2 1 0 9 11 0 0 0 0 0 0 4 2 2 1 0 1 0 7 3306 23 22 21 18 11 7 4 1 0 0 0 1 4 0 0 1 4 2 5 0 0 0 1 1 7 5 1 2 3 5 3 3 1 0 0 0 1 1 46 0 0
0 5 7 2 4 0 6 687 683 3 0 0 3 486 481 478 0 0 0 0 0 20 0 0 0 0 0 0 0 0 1 1 0 1 0 1 0 1 3 2 10 0 0 0 0 3 1 0 0 0 1 3 6 0 3281 0 0 0 0 2 1 0 0 0 4 5 7 16 2 2 0 5 9 1 2 0 0 1 2 0 15 0 3 11 0 10 6 1 0 0 1 1 6 47 0 1
0 4 6 1 3 2 2 2 0 676 672 497 495 1 0 13 460 458 0 0 2 1 0 0 0 0 0 0 0 0 0 0 0 0 0 1 0 0 2 1 0 7 3 0 0 0 0 0 1 0 0 0 0 0 1 3276 0 0 0 0 0 0 0 0 0 0 0 0 21 3 1 16 7 4 0 0 0 1 2 3 16 0 0 1 14 27 9 0 1 1 2 0 0 166 107 105
2 3 5 0 2 1 1 1 1 0 1 171 1 0 9 2 0 7 446 444 0 0 0 1 2 0 1 1 1 2 0 0 8 6 3 0 0 0 0 0 0 0 0 0 0 0 0 0 0 2 0 0 0 0 0 3273 3 1 0 0 0 0 1 0 0 0 0 0 1 28 30 10 1 0 0 0 1 3 0 7 17 1 0 0 0 0 417 377 376 180 177 173 171 1 2 1
1 2 2 1 1 0 0 0 0 0 166 2 0 0 8 1 2 3 0 4 433 430 427 6 0 3 0 108 105 102 12 9 0 0 0 0 0 0 0 0 0 0 0 1 6 8 9 12 1 0 4 0 1 1 3268 1 0 1 0 1 2 0 2 1 1 2 0 0 0 1 64 1 0 0 1 0 1 6 1 8 457 438 435 433 431 426 4 1 4 187 1 0 0 0 0 0
0 1 1 0 0 0 1 87 94 165 0 0 0 0 6 0 1 2 1 1 1 0 0 417 414 115 109 0 0 2 82 80 65 64 32 31 27 25 22 18 1 1 0 0 0 0 1 0 16 0 2 5 2014 2018 1244 1237 0 3 0 5 1 0 3 2 2 3 2 0 0 0 0 65 0 0 3 1 2 493 485 481 12 9 6 0 2 1 1 0 3 6 177 31 30 28 0 0
0 0 0 69 72 79 84 2 2 1 66 64 0 0 3 1 0 1 0 0 0 0 0 0 0 297 5 3 0 1 0 2 9 27 0 0 0 0 1 0 13 8 0 0 0 0 1 2 17 0 0 3 2000 0 0 4 1235 1233 1203 1199 1188 1181 0 3 3 4 3 1 1 1 1 67 0 0 748 742 498 0 0 0 1 1 2 1 1 0 0 2 4 0 2 141 0 0 26 24
19 0 68 1 1 3 3 1 1 0 0 2 59 1 0 2 0 0 0 0 0 0 1 0 272 0 15 0 0 0 0 0 8 24 1 0 0 0 0 0 2 2 0 1 1 0 0 6 18 0 2 1998 1 0 1 1 0 24 1 3 0 2 1174 1172 1090 1084 1077 1071 2 0 2 0 822 752 0 1 238 0 0 0 0 0 0 0 0 0 1 2 0 0 0 138 0 0 0 0
0 65 0 0 0 2 2 0 0 0 1 0 52 1 0 0 0 0 1 4 5 7 11 12 270 0 0 12 2 1 0 0 6 3 19 5 4 1 0 0 0 0 0 0 3 6 8 9 17 38 1991 0 0 0 0 0 22 0 0 2 0 0 0 76 0 0 0 215 847 845 842 836 9 0 0 0 0 235 4 1 0 0 3 1 0 0 0 0 0 1 2 15 118 3 2 1
0 64 4 3 1 1 1 0 0 10 16 17 51 3 2 0 0 1 0 0 11 13 16 18 231 4 3 0 8 1 0 0 5 2 12 4 3 0 0 0 0 0 0 0 0 0 0 1 0 1949 0 0 0 0 0 1 21 4 0 1 0 1 2 75 3 0 213 0 0 0 1 1 1 5 0 0 5 229 1 0 0 0 4 0 0 0 0 1 2 4 7 14 112 108 0 0
6 58 0 0 0 0 0 0 8 2 1 0 25 1 0 0 1 2 6 9 0 0 0 0 226 3 0 1 1 3 0 0 2 1 5 0 0 0 0 1 13 15 17 1 29 31 33 34 1929 17 15 4 2 0 0 2 10 1 0 0 1 2 66 0 2 0 5 204 0 0 0 0 0 1 1 1 1 0 219 216 1 6 1 0 1 3 0 0 0 1 3 1 0 1 106 1
5 2 53 50 1 0 0 3 1 1 0 1 17 4 1 0 0 0 0 0 0 0 0 189 35 0 0 0 0 0 0 0 0 0 3 0 0 2 6 8 0 3 24 26 0 1 2 3 1890 1 0 9 1 0 0 0 6 1 0 0 0 12 48 0 1 0 3 2 199 193 0 0 0 0 0 0 0 0 0 8 204 183 171 0 8 1 0 0 0 0 1 0 0 0 44 56
4 1 1 39 7 1 0 0 0 0 0 0 15 0 0 0 0 0 0 0 78 85 188 1 1 30 0 0 0 0 0 0 0 0 0 0 0 0 0 0 1 0 0 0 0 0 0 0 1883 0 0 0 5 2 0 0 3 0 0 0 1 8 46 0 0 1 0 1 2 0 191 3 1 0 1 0 0 2 7 1 17 1 1 166 42 0 1 0 0 0 0 0 1 42 0 0
2 0 0 38 3 0 0 1 5 6 9 12 0 0 0 1 62 64 73 75 0 2 100 0 0 1 26 24 10 8 6 3 1 0 0 0 0 0 0 0 0 1 2 3 0 1 1 1687 193 4 3 1 0 0 0 0 0 0 0 2 6 0 43 1 0 0 0 1 1 5 185 0 13 12 0 0 0 0 2 0 16 0 0 0 112 40 33 30 2 0 0 0 3 9 25 0
0 0 0 36 1 0 0 1 0 0 0 0 0 0 46 55 1 1 4 0 1 1 95 1 0 0 0 2 7 2 0 0 0 0 0 1 4 3 0 0 0 0 0 0 4 1 2 1682 0 187 0 0 0 0 0 0 0 0 0 1 0 3 1 36 6 5 0 0 2 0 1 174 0 0 8 0 0 0 0 4 15 0 2 106 4 0 2 1 24 6 1 0 0 5 2 23
13 14 32 1 0 0 0 0 0 0 0 0 39 44 5 1 0 0 3 0 0 4 7 86 1 0 0 0 2 0 0 0 1 1 0 1 0 9 0 0 1 2 0 412 422 426 1675 0 0 152 32 30 29 26 24 18 7 4 1 0 0 1 0 26 1 4 0 0 0 0 0 154 2 0 0 4 0 0 3 0 9 0 99 2 2 0 1 0 5 10 2 0 1 2 1 2
9 0 4 9 0 0 0 0 17 25 30 36 0 3 2 1 0 0 1 1 3 0 0 76 6 2 0 0 0 0 0 0 3 0 3 0 2 11 1 0 398 406 408 2 0 0 1247 3 0 151 0 0 0 0 0 2 8 1 1 0 0 2 8 16 0 1 0 0 1 2 3 153 21 16 0 0 0 0 0 0 7 0 97 0 0 1 0 0 3 5 3 1 0 1 0 1
5 0 2 7 0 0 8 13 2 2 2 2 1 2 0 0 0 0 0 0 0 0 67 7 1 0 0 0 3 5 8 10 4 1 0 4 9 385 389 394 2 0 0 0 0 0 1242 0 1 6 142 0 0 0 0 0 4 0 0 0 1 0 3 14 0 0 0 5 6 7 125 0 1 1 14 7 0 0 0 2 5 0 95 3 1 0 0 0 1 1 2 2 0 0 0 0
0 0 0 5 0 1 2 3 1 1 1 1 0 0 0 0 0 0 0 0 0 65 3 1 0 0 0 1 0 0 0 0 16 0 4 357 372 1 0 2 0 0 0 1 2 3 1239 0 0 0 4 140 1 0 0 0 0 2 1 0 0 0 0 0 13 0 3 0 2 13 102 0 0 0 4 0 5 0 0 0 1 0 89 0 0 0 0 0 0 0 1 0 0 0 1 2
0 0 0 0 3 0 1 2 0 0 0 0 0 0 0 0 2 0 2 54 57 4 1 0 0 0 0 0 0 0 1 84 104 105 351 240 0 0 0 0 0 0 1 2 3 9 1233 0 0 0 0 1 136 1 1 0 0 0 1 0 0 0 1 4 7 0 0 0 9 3 100 1 0 0 0 2 1 0 0 0 27 40 87 42 3 1 1 0 2 1 0 0 0 0 0 0
17 16 1 0 0 2 0 0 0 0 0 0 1 16 21 29 38 43 46 2 1 2 0 0 0 0 2 10 15 75 77 1 1 0 1 0 239 4 2 0 0 1 2 3 4 10 1218 2 0 0 0 0 0 131 27 22 19 5 2 1 0 0 0 0 6 0 3 8 1 0 1 91 3 1 0 0 0 0 0 5 19 11 0 1 37 32 16 11 5 3 0 0 0 1 1 1
0 2 8 7 3 1 1 0 0 2 5 8 11 2 2 2 4 2 1 1 0 0 0 0 1 3 5 0 0 57 0 0 0 0 0 226 6 1 0 0 0 3 5 7 9 1 0 1203 14 13 1 0 0 5 95 0 0 11 8 6 4 0 0 3 1 1 1 1 0 0 0 38 46 0 0 0 0 0 0 1 18 7 2 0 3 4 7 2 1 0 1 0 3 10 17 19
2 0 0 0 0 0 0 0 0 0 0 0 0 1 1 1 3 1 0 0 0 0 0 0 0 0 0 0 53 1 0 0 0 0 1 222 1 1 0 0 1 0 0 0 0 0 0 1187 0 5 2 0 0 4 94 0 0 0 0 0 0 0 0 0 0 0 0 0 4 6 35 1 1 42 19 17 14 1 0 15 1 5 0 1 2 3 1 4 1 0 0 0 2 1 1 0
0 1 0 0 0 0 1 0 0 0 0 0 0 0 0 0 2 0 0 1 2 9 28 31 34 45 47 50 0 0 1 3 20 22 219 1 0 0 0 0 0 0 0 0 1 2 1175 8 0 2 1 0 0 1 92 2 0 0 0 0 0 0 0 0 0 0 0 3 0 1 25 0 0 20 0 0 1 7 0 14 0 2 1 0 1 2 0 2 0 0 0 0 0 0 0 0
0 0 0 3 5 7 14 3 1 9 7 5 3 1 0 0 0 0 1 2 3 0 15 0 0 8 0 0 0 0 0 0 12 0 0 194 1 0 0 1 4 5 7 9 10 11 1170 0 6 0 0 0 0 0 0 86 18 16 15 12 10 9 7 4 2 1 0 0 0 0 22 0 0 7 10 0 0 5 0 4 8 0 0 0 0 0 0 0 0 0 1 3 4 5 0 1
0 0 0 0 0 0 15 0 10 0 0 0 0 0 0 0 1 2 6 7 10 12 14 0 2 7 1 0 2 5 6 8 11 0 1 191 1 0 0 2 5 6 7 8 0 1 1156 1 0 5 2 0 0 2 7 66 52 48 44 1 0 0 12 11 10 9 0 0 2 3 21 0 0 6 8 3 2 4 0 3 0 7 4 3 2 1 0 0 0 0 1 2 0 6 0 0
1 1 0 1 2 1 16 1 11 1 2 1 1 5 3 1 0 0 1 0 0 0 0 0 0 0 0 0 0 0 0 0 1 0 1 186 0 0 0 0 0 0 1 2 12 13 1151 0 0 0 0 0 0 0 2 1 2 2 2 41 36 27 2 1 0 6 0 0 1 11 2 0 0 3 2 0 1 1 0 0 0 0 0 0 0 0 1 1 0 0 0 2 7 10 19 24
2 2 1 0 2 5 118 14 0 2 28 12 9 2 1 0 0 0 0 0 0 0 0 0 0 0 0 0 0 0 0 0 159 162 173 3 4 1 0 0 1 2 3 5 7 9 1135 2 0 0 0 0 0 0 0 0 1 1 1 3 2 3 10 2 0 4 0 0 2 5 0 0 1 0 0 0 0 0 0 0 0 0 0 1 1 1 2 6 2 0 0 0 0 0 0 0
