code/mhm/output/GrosseRoeder3_0p0625/mhm_setup/morph/aspect.asc
ncols                328
nrows                160
xllcorner            13.46875
yllcorner            51.046875
cellsize             0.001953125
nodata_value         -9999
[rows 45 to 89 of 160, columns 192 to 287 of 328]
154 182 233 228 261 298 327 45 49 68 60 322 300 329 57 60 20 13 31 345 221 208 205 190 179 176 164 177 227 231 203 159 133 137 164 177 230 278 290 295 302 320 318 320 310 311 329 3 44 68 96 115 122 225 353 14 191 192 178 156 130 108 95 75 336 312 333 19 349 322 296 301 341 12 12 339 313 312 313 311 318 333 339 344 37 70 66 66 95 115 75 45 348 286 299 346
168 261 225 250 282 303 300 80 50 71 62 310 299 333 81 66 357 33 70 67 142 185 202 194 181 186 187 191 231 229 197 166 156 158 159 213 260 273 278 280 276 285 296 312 288 273 255 147 103 98 109 111 90 300 337 40 52 45 84 94 95 91 87 86 261 253 257 330 334 337 311 290 311 16 6 342 315 286 282 284 287 299 317 357 65 77 72 71 55 16 14 23 0 303 298 316
302 306 345 313 289 295 351 45 45 69 50 305 290 90 90 67 338 52 56 40 39 30 310 237 188 198 204 199 215 216 200 172 164 176 180 258 267 265 267 289 327 310 294 296 266 243 203 169 135 118 128 147 203 291 326 60 66 45 65 72 80 85 79 36 333 291 262 282 309 335 327 297 302 6 353 351 346 279 275 277 277 272 267 135 94 91 83 64 24 7 18 45 0 283 272 261
339 330 342 340 328 288 215 71 45 57 36 315 248 155 83 27 351 31 42 13 14 22 14 7 21 -9999 225 219 225 225 213 191 189 203 216 258 271 273 268 271 289 288 273 228 207 195 186 177 157 131 127 164 203 209 192 164 149 161 98 69 56 42 22 9 7 3 322 303 316 337 340 328 335 352 351 0 7 331 297 287 277 255 236 165 114 97 62 36 15 16 45 65 0 272 247 238
336 327 330 341 23 77 225 180 150 135 141 182 190 198 161 18 11 80 64 355 3 12 13 20 12 1 352 351 350 345 341 191 205 204 199 264 303 324 305 249 220 213 214 190 165 175 201 190 156 120 100 133 187 193 190 193 191 186 183 125 27 17 5 12 23 7 341 316 312 323 331 336 343 338 332 0 2 332 295 271 236 216 203 169 142 115 53 57 63 85 93 83 349 298 297 284
279 273 225 191 147 78 8 122 151 162 160 213 278 258 180 174 174 155 11 343 351 331 1 31 12 356 348 348 353 7 25 25 348 251 295 307 325 355 26 231 208 198 201 191 158 168 220 195 174 166 121 126 181 225 210 212 200 189 196 201 230 278 319 15 38 9 330 319 290 260 252 233 185 203 225 206 180 225 240 228 204 201 190 171 165 171 135 98 84 67 51 13 356 336 334 346
257 206 194 194 175 186 225 74 61 12 345 339 353 9 105 153 194 233 291 318 342 340 352 16 3 350 341 342 349 11 22 13 15 10 314 304 287 150 141 163 188 194 213 215 163 108 228 197 177 190 125 68 348 315 135 177 190 192 213 222 206 196 229 272 39 30 297 233 197 205 214 217 200 192 181 175 183 218 231 217 212 212 189 177 191 188 166 128 104 91 68 339 350 333 330 351
8 341 243 170 177 196 220 30 16 12 2 319 352 19 52 60 293 281 280 272 276 315 334 337 349 350 335 334 346 16 37 24 52 54 256 219 175 162 141 149 229 274 295 325 0 47 324 311 15 348 135 7 11 11 84 112 167 198 226 214 175 197 254 287 22 43 26 139 170 210 235 222 190 181 162 166 214 252 254 241 242 227 175 177 191 182 187 149 144 136 156 216 222 240 216 198
37 35 108 135 270 299 292 307 347 17 11 357 350 9 52 59 338 293 264 248 258 288 311 307 326 349 319 296 315 68 73 49 41 34 334 232 284 350 21 12 351 292 261 256 354 25 354 328 352 24 25 333 125 144 45 64 55 270 225 204 169 234 260 262 124 117 126 119 159 232 219 189 179 180 169 174 234 236 218 210 208 198 167 178 201 217 262 71 68 53 68 195 215 223 228 278
66 92 113 327 344 348 338 340 352 0 4 14 15 45 84 72 348 324 341 284 271 275 288 291 305 345 315 307 343 32 23 356 357 12 15 357 323 327 29 24 9 344 261 237 225 188 270 279 293 32 21 28 49 355 339 25 20 7 6 334 329 305 243 219 164 161 171 152 315 272 206 169 164 173 180 210 223 214 201 186 190 194 176 188 213 227 242 116 73 90 104 136 201 225 233 235
47 46 355 321 335 343 323 334 353 358 6 23 31 50 75 56 340 340 0 341 295 264 268 278 305 354 315 310 338 3 1 348 352 14 26 19 356 325 354 8 2 5 357 309 231 185 198 222 214 210 45 58 37 357 348 0 5 13 26 6 328 7 273 211 156 154 193 215 246 273 325 351 2 10 7 350 198 210 202 183 192 201 185 199 215 210 214 189 163 159 136 132 178 229 238 208
29 16 351 332 341 350 319 312 340 353 4 23 32 47 56 26 336 333 351 354 348 324 290 273 258 251 286 288 304 345 4 353 11 52 61 51 36 348 325 338 349 15 17 2 7 8 279 243 248 265 270 18 351 357 9 7 0 47 71 11 324 355 7 6 22 7 2 0 253 272 300 318 348 17 26 26 19 356 281 270 275 217 190 213 212 195 202 188 174 172 162 149 161 243 234 189
20 333 330 330 339 355 354 315 291 288 336 64 68 73 69 30 347 327 326 344 357 344 302 267 241 254 283 280 273 258 135 251 33 67 80 97 74 335 315 326 345 6 16 22 27 16 335 311 315 323 337 337 336 354 14 22 17 40 53 348 323 336 357 9 13 11 21 33 310 255 237 238 213 153 45 14 14 19 0 318 345 38 320 303 311 135 188 186 179 177 175 170 191 236 214 189
0 322 311 307 312 351 33 24 205 190 179 151 136 123 105 49 8 325 310 315 341 341 315 293 303 296 283 278 260 192 174 245 0 85 85 79 71 291 291 303 332 353 10 29 37 49 329 301 313 334 316 305 309 336 13 33 26 29 41 2 326 322 342 6 23 18 12 26 21 326 232 239 225 251 315 347 14 23 13 326 0 354 327 333 348 10 25 32 30 18 108 153 221 219 209 206
355 329 313 291 249 184 137 139 169 174 165 143 131 126 82 4 3 344 348 14 348 305 315 312 331 329 311 309 324 48 180 259 246 73 53 45 54 275 270 272 281 306 349 42 54 52 330 279 280 318 291 256 251 258 341 46 30 26 37 23 345 306 322 9 37 19 3 23 23 12 353 334 345 347 317 332 9 18 14 1 5 325 299 299 321 12 38 43 29 3 15 23 21 237 231 214
8 346 306 270 195 170 158 154 165 162 143 112 81 35 353 354 3 354 351 2 2 354 338 322 337 334 311 303 329 33 42 250 235 95 83 85 87 281 257 249 229 235 248 90 84 59 352 270 254 255 300 290 267 253 261 35 27 31 46 40 11 309 317 6 27 6 359 13 7 4 3 359 0 14 342 304 349 356 0 6 12 349 277 246 225 182 108 71 33 5 13 25 30 11 288 270
42 55 210 190 160 155 168 225 356 34 72 84 72 64 153 192 174 198 300 325 355 5 343 326 345 339 270 257 236 121 112 189 225 149 127 92 26 336 348 288 299 296 244 121 104 50 7 304 279 279 298 307 308 283 268 299 35 45 46 32 19 336 321 353 16 3 356 4 352 356 12 20 15 34 38 281 295 323 346 11 27 10 337 320 227 199 165 26 10 8 23 35 39 40 12 296
93 105 149 177 149 149 250 301 348 45 74 79 75 96 141 186 205 266 293 275 243 45 300 304 8 78 251 254 219 136 122 199 247 149 5 39 347 325 20 302 306 332 54 102 104 59 11 293 286 289 287 285 283 270 258 248 30 48 43 37 40 0 294 320 29 22 348 356 333 340 41 63 56 64 75 254 270 284 310 32 60 11 328 10 29 312 309 341 2 22 53 67 70 70 51 278
93 81 82 135 135 146 215 206 181 166 135 115 103 85 62 344 306 253 248 249 225 206 242 210 167 167 203 226 207 125 99 235 249 194 188 156 275 302 19 309 289 300 82 83 26 356 355 327 318 313 284 272 275 282 281 293 340 12 25 35 39 24 304 284 9 20 1 351 332 339 66 81 85 86 83 326 283 283 293 60 73 333 326 20 39 335 295 321 357 29 61 67 66 77 65 285
115 113 116 137 145 151 178 182 180 186 179 156 162 104 36 356 77 201 229 228 186 177 201 177 168 183 198 208 203 163 128 187 214 191 183 204 268 290 357 310 288 225 90 57 349 341 344 341 349 0 333 308 310 316 320 326 346 7 19 29 33 25 0 313 330 7 10 358 353 18 78 88 95 99 83 315 300 303 315 30 36 322 327 15 31 11 311 309 349 45 67 58 53 60 45 285
122 127 128 124 120 118 126 156 194 231 203 156 177 173 174 188 96 59 252 213 164 169 185 172 169 192 205 203 196 173 150 176 210 209 221 251 250 226 195 214 201 178 177 353 327 320 325 339 2 16 4 332 323 327 333 338 351 6 15 19 19 11 9 353 322 354 18 6 15 61 85 87 69 45 57 298 291 310 331 8 22 306 293 6 33 28 343 265 201 111 80 46 38 38 43 315
112 95 92 96 79 38 39 11 347 340 357 40 74 143 190 229 0 22 135 164 160 169 181 174 176 205 215 205 197 180 163 188 233 240 251 260 234 209 201 203 188 182 225 274 305 302 301 316 6 28 18 341 307 311 325 338 352 1 6 12 13 11 18 25 5 337 71 45 16 38 48 41 17 11 32 332 274 288 321 6 43 292 258 270 37 50 46 153 182 138 82 43 40 56 68 68
124 132 128 136 180 278 51 36 324 307 0 48 65 60 331 300 315 116 131 145 167 206 225 315 288 263 253 242 239 206 165 216 235 239 241 237 225 230 228 207 189 199 255 277 292 286 273 248 184 107 56 336 280 274 284 304 336 355 4 24 32 35 44 46 25 11 41 56 299 30 46 35 12 9 35 40 260 254 258 95 83 336 263 259 71 66 58 55 29 60 88 104 116 110 100 66
109 142 138 143 189 204 165 151 183 201 181 151 127 90 309 306 11 101 109 116 300 315 345 338 350 327 303 279 248 243 329 329 309 296 272 255 253 270 246 210 198 219 259 265 270 271 261 219 179 171 180 227 254 252 250 252 239 221 195 90 81 62 48 41 22 19 47 67 176 171 145 127 108 54 69 72 275 256 237 183 116 0 265 252 228 76 64 56 25 47 79 99 105 103 90 6
99 113 117 116 167 203 183 167 176 185 180 185 164 135 266 251 144 76 46 15 345 340 348 347 355 351 350 353 338 327 329 336 329 323 307 296 297 315 18 288 270 285 280 279 272 255 237 189 166 188 206 237 263 265 262 262 255 236 199 109 97 97 94 78 56 66 83 91 123 157 156 160 173 175 138 98 323 292 275 194 151 200 242 233 221 164 92 81 82 101 104 106 91 81 56 333
111 116 120 90 54 225 176 163 169 195 248 296 345 32 243 186 183 26 33 28 0 332 338 347 355 358 8 11 352 352 336 315 318 329 334 329 335 2 20 350 349 338 305 284 254 227 211 186 179 225 263 289 302 300 277 264 250 231 202 110 116 135 153 157 156 138 114 102 101 107 106 116 150 167 136 122 279 278 244 169 177 203 230 229 223 203 112 91 96 95 86 83 72 63 45 325
125 131 130 45 69 85 341 351 0 357 323 278 243 83 26 0 315 180 144 129 135 270 284 312 346 7 29 19 1 12 10 315 298 309 326 324 326 45 31 334 347 344 325 272 215 230 256 299 326 324 314 289 268 247 239 232 206 192 189 150 130 132 150 164 167 163 115 91 79 76 93 94 83 37 67 75 240 218 186 189 211 203 222 229 227 221 153 84 49 25 37 23 23 37 35 12
93 103 119 163 146 180 300 338 356 18 6 243 192 198 329 348 347 30 18 8 29 270 256 257 248 71 20 358 2 19 25 349 295 275 265 244 188 148 209 273 282 264 208 169 225 270 296 326 343 336 261 216 205 206 208 205 191 189 194 174 133 115 133 152 162 192 138 101 78 50 50 57 45 356 45 49 321 225 190 216 225 191 213 235 237 231 209 66 25 15 22 13 27 45 41 31
82 74 100 126 140 288 291 225 171 153 11 354 354 315 293 315 347 5 356 6 30 355 288 266 230 209 274 308 357 54 53 7 295 271 277 293 18 78 195 219 206 183 178 184 233 256 259 246 171 166 177 187 199 210 204 197 188 190 201 199 163 108 122 155 163 196 158 127 126 111 72 58 33 11 55 46 14 355 29 228 222 205 229 247 247 245 249 281 38 49 71 106 105 94 74 55
124 124 128 135 306 307 309 0 14 0 315 303 336 345 322 326 347 351 330 14 53 14 297 288 315 329 270 228 182 126 38 354 349 313 299 297 357 66 98 209 201 185 190 219 247 248 234 201 174 170 177 196 212 214 203 194 186 190 202 208 195 144 119 66 34 45 114 107 116 135 125 101 93 90 86 66 28 15 64 90 225 240 261 265 261 252 254 266 35 73 104 132 136 129 119 65
147 146 142 200 259 253 233 171 154 176 174 204 241 298 323 320 11 341 294 14 52 0 319 318 341 357 7 356 345 0 340 353 353 320 243 216 196 113 82 113 194 204 230 256 270 268 239 184 176 182 195 209 213 214 208 195 184 187 199 205 198 183 204 326 19 39 60 51 27 21 37 68 84 84 74 45 4 8 40 45 356 271 263 252 244 227 232 235 206 95 97 105 113 99 11 356
145 124 108 300 285 282 251 141 139 173 188 266 277 275 270 225 161 296 281 315 20 347 312 267 210 191 161 35 345 306 323 34 122 198 188 235 220 127 106 106 315 278 263 259 257 242 203 160 173 198 207 208 210 217 218 192 176 182 189 200 207 217 237 258 357 28 25 20 16 17 42 57 38 19 25 15 357 2 36 45 26 286 241 218 218 212 221 235 231 105 90 86 61 353 344 348
169 116 303 310 308 206 188 153 28 14 333 312 315 302 307 338 347 338 327 320 337 343 71 174 186 193 208 194 194 268 277 80 70 333 307 332 344 35 54 29 354 333 286 251 227 208 190 178 189 198 211 216 217 222 214 185 172 183 200 228 244 251 255 267 307 9 23 31 20 12 43 53 28 12 22 21 12 28 69 74 49 329 270 248 246 257 279 288 299 59 79 76 10 329 333 343
180 169 264 274 225 138 202 255 341 15 320 284 284 288 298 327 348 341 305 302 305 341 81 108 243 258 258 257 300 283 265 110 45 351 309 315 0 45 39 25 9 353 335 260 220 218 212 216 220 198 233 243 241 236 220 190 173 203 243 257 260 265 270 274 284 345 47 58 31 2 55 65 40 22 42 47 45 60 81 90 66 336 315 292 284 284 290 298 320 50 81 84 311 297 302 315
45 315 281 280 125 120 240 246 198 215 285 291 288 215 232 236 180 198 236 231 225 186 115 99 300 324 299 206 215 237 196 146 239 258 255 225 159 155 162 147 142 188 243 296 243 244 246 251 261 296 293 273 257 250 246 251 315 288 277 275 275 273 274 276 282 321 84 95 119 200 86 64 25 16 38 49 54 69 77 76 90 239 275 286 288 286 282 277 251 109 92 71 315 287 283 294
201 280 284 273 111 125 249 206 181 216 262 289 315 135 195 217 215 258 180 176 189 180 145 248 304 333 341 86 225 244 216 209 194 206 210 182 160 160 205 315 24 341 332 357 15 303 292 306 312 330 346 348 341 300 256 276 330 331 310 296 275 270 269 267 260 191 116 109 121 182 135 73 30 28 50 46 45 59 77 90 99 293 315 327 296 270 254 225 185 153 115 34 327 324 332 332
200 228 225 194 151 288 319 68 143 239 250 245 191 87 90 247 207 190 180 171 233 0 84 258 246 220 209 90 294 281 294 225 173 240 198 147 120 343 325 336 355 6 10 0 0 336 325 321 317 325 343 0 14 21 327 285 309 323 323 337 316 293 275 259 235 173 137 126 104 135 165 152 160 162 139 112 91 91 93 90 74 287 298 341 288 229 220 198 181 172 168 285 290 300 325 336
196 223 211 177 197 263 319 54 60 262 244 222 187 154 180 242 191 196 208 254 264 150 153 205 203 194 193 160 210 227 186 175 186 201 178 185 265 293 266 273 309 65 106 215 280 315 321 320 305 296 307 354 36 41 10 300 299 298 304 336 337 318 286 255 226 172 136 129 85 86 96 105 126 151 151 143 100 69 36 37 28 303 265 195 225 293 270 259 303 333 302 281 256 250 256 279
213 239 225 201 258 245 206 145 135 206 211 199 183 173 194 205 189 194 194 194 176 177 216 296 180 184 188 188 212 203 181 181 198 204 194 210 214 206 203 217 201 149 126 251 261 274 289 305 307 289 268 264 55 46 17 328 329 319 308 328 343 346 321 252 227 200 146 135 100 26 7 32 38 31 29 350 14 20 24 33 14 349 0 71 276 308 329 311 323 343 330 315 276 248 237 224
315 261 243 256 258 221 197 186 225 351 315 278 270 45 243 205 198 197 178 174 174 242 284 8 57 90 150 220 217 209 212 243 277 298 293 215 229 256 275 243 203 185 0 351 249 239 249 267 297 315 317 327 358 14 7 348 349 343 329 334 352 10 6 342 313 300 354 61 29 318 349 51 54 23 13 348 10 41 47 23 9 12 55 68 272 265 273 285 246 233 270 292 307 281 258 230
355 351 334 315 291 310 332 333 344 5 10 356 356 7 27 59 270 285 54 80 270 250 223 180 167 154 147 213 216 229 235 231 240 216 183 213 280 294 315 334 350 341 345 18 14 302 295 305 318 334 333 330 347 4 3 353 354 352 342 341 0 20 6 358 5 346 352 25 356 302 278 82 46 6 13 21 53 65 52 33 71 109 115 140 263 264 258 273 336 306 280 284 303 308 303 304
356 351 349 1 354 315 320 326 338 19 45 54 180 128 120 140 207 198 174 158 201 221 210 198 187 192 300 334 326 315 284 233 234 213 225 286 297 307 315 316 337 332 334 17 37 337 297 309 318 331 329 311 310 346 354 345 351 357 358 0 356 4 4 11 31 16 358 14 0 319 45 50 14 0 18 32 21 27 41 52 80 96 91 30 279 286 286 270 258 288 295 294 293 299 304 311
300 315 341 60 0 283 279 260 202 149 121 136 171 171 170 291 357 18 321 344 347 354 341 311 337 341 330 335 339 351 8 6 306 284 292 294 295 295 291 284 285 271 272 12 57 1 284 267 242 230 225 226 228 223 228 261 297 338 356 9 353 353 9 27 32 14 9 15 5 0 2 8 7 352 12 23 22 38 48 48 61 69 56 10 294 285 309 326 350 337 320 303 273 261 258 251
202 199 175 165 184 214 211 192 183 168 147 146 175 201 270 285 336 9 347 339 344 2 9 309 260 243 270 293 317 350 25 30 0 333 282 285 301 320 334 319 288 249 235 202 101 8 264 221 208 213 217 242 275 304 322 296 261 231 197 160 184 208 288 17 24 16 10 2 358 0 4 15 14 353 0 21 49 78 99 105 94 83 45 11 326 279 288 315 348 343 334 336 317 285 270 250
243 219 156 143 177 203 202 199 195 159 135 340 341 352 359 358 225 246 329 35 225 308 357 11 356 357 288 263 266 288 34 30 8 9 307 285 298 316 349 4 353 344 329 330 113 158 229 238 258 268 275 277 277 284 300 188 181 182 177 179 192 225 270 332 22 20 0 349 352 357 10 28 24 0 3 38 74 88 102 111 82 45 14 13 10 299 280 274 270 274 285 311 324 321 324 335
