code/mhm/output/GrosseRoeder3_0p0625/mhm_setup/morph/aspect.asc
ncols                328
nrows                160
xllcorner            13.46875
yllcorner            51.046875
cellsize             0.001953125
nodata_value         -9999
[rows 90 to 134 of 160, columns 192 to 287 of 328]
323 300 30 39 16 347 291 264 249 119 310 306 322 345 6 25 32 300 233 101 315 311 346 11 4 7 11 342 228 225 288 3 13 19 337 290 285 285 315 4 356 353 355 31 66 2 316 322 332 328 318 277 236 214 189 169 171 175 179 202 230 245 244 222 159 135 232 230 215 222 85 70 52 25 70 100 96 87 72 42 13 17 25 36 26 301 280 279 310 318 303 309 313 313 311 325
333 315 323 6 27 36 300 270 245 161 267 256 251 258 4 56 56 55 201 239 292 296 325 11 6 14 27 36 37 265 275 325 28 15 343 301 293 305 324 329 345 15 66 102 59 322 316 324 333 342 1 183 206 202 191 175 173 183 209 245 255 243 224 198 180 182 185 188 194 199 186 137 132 142 136 132 97 59 40 26 8 37 65 77 56 296 303 313 336 345 333 330 322 296 255 251
315 337 338 2 40 18 340 338 350 355 319 258 245 235 196 130 88 67 34 284 256 243 225 187 163 124 93 61 32 334 302 319 26 353 338 319 306 326 352 349 351 27 58 66 335 297 282 281 291 347 102 128 183 201 198 189 182 201 230 233 217 205 202 192 186 193 195 203 216 221 206 122 77 33 30 17 18 28 44 59 94 123 120 113 225 287 298 302 316 326 315 305 194 212 249 249
279 304 334 41 64 357 328 341 0 344 328 322 304 279 249 63 36 20 18 14 255 221 211 204 192 157 135 14 18 351 323 337 22 335 313 308 298 300 332 349 356 17 40 41 326 289 269 252 235 171 119 123 164 208 222 230 225 236 228 209 203 203 215 239 293 330 327 270 219 221 229 315 358 349 355 5 21 47 65 69 72 85 88 87 288 276 263 230 196 202 214 196 296 297 289 273
268 273 281 108 120 276 263 180 198 288 292 305 313 304 318 348 353 349 29 48 8 285 242 251 262 45 319 324 18 354 315 356 39 309 274 275 274 257 260 295 343 25 59 64 341 285 279 263 247 186 107 107 135 240 268 284 304 288 209 198 228 254 279 291 306 341 11 50 173 228 243 263 299 305 316 19 64 78 78 69 63 58 53 65 296 277 265 199 178 216 237 267 321 335 293 153
276 251 194 96 52 284 258 315 331 321 299 305 320 322 339 353 348 325 48 67 33 350 315 279 268 -9999 281 264 119 288 273 45 5 336 283 258 239 226 245 253 238 115 94 91 153 267 281 283 253 191 118 109 116 253 263 251 200 184 185 255 282 279 272 258 235 197 160 147 160 215 233 244 236 245 248 130 85 84 85 81 80 81 84 77 315 255 219 190 149 280 292 307 329 0 338 90
335 291 315 17 31 18 307 315 337 333 315 321 335 340 348 354 358 344 23 51 20 345 348 313 292 315 304 300 11 330 225 204 286 330 326 286 256 234 240 234 202 157 119 97 18 281 277 271 216 181 140 132 147 209 226 202 181 187 215 257 267 259 246 221 203 190 176 165 169 208 238 249 236 240 247 213 77 72 62 59 72 75 64 29 358 0 215 246 315 288 284 295 334 19 55 104
356 325 348 185 60 19 332 313 328 325 305 310 326 341 348 349 356 344 47 67 15 336 356 351 343 333 311 333 344 6 83 232 273 303 325 319 323 322 282 238 196 161 136 125 302 278 263 231 170 168 156 151 160 225 244 228 195 255 274 272 258 243 225 200 202 198 178 166 178 252 271 270 249 237 239 209 121 81 56 58 72 71 52 0 351 23 12 305 317 287 249 237 232 115 107 97
175 178 163 202 231 319 334 334 333 320 294 284 261 188 198 229 270 315 45 31 358 344 357 11 10 3 340 321 341 36 69 315 271 268 265 258 247 245 255 245 202 135 114 147 247 268 265 217 149 161 171 176 315 307 296 307 340 330 295 273 246 225 204 198 221 202 163 169 203 251 262 258 225 208 215 199 162 135 127 104 80 39 14 353 348 14 24 349 311 273 225 227 215 171 157 159
173 178 218 299 310 286 295 332 344 329 294 254 180 176 196 208 209 241 324 345 352 357 3 20 18 16 22 321 243 84 68 56 247 235 213 210 205 208 220 220 200 130 94 77 278 277 264 172 136 157 296 323 331 331 315 308 328 339 278 217 199 196 192 203 215 188 159 169 209 240 243 235 220 198 225 206 152 136 135 118 83 23 3 346 348 15 31 27 2 101 190 230 219 184 162 206
116 292 312 318 347 277 237 234 230 234 246 207 139 278 304 309 278 268 281 293 322 4 16 31 23 29 50 53 153 164 100 82 262 247 225 238 246 255 255 240 205 161 85 45 259 232 207 170 158 275 303 315 308 320 319 319 336 11 225 168 175 191 205 215 202 182 174 191 261 267 257 253 255 285 297 135 124 97 62 53 39 16 347 312 319 48 60 57 26 30 1 315 318 332 347 356
17 306 308 321 354 27 291 260 229 225 248 259 341 328 327 348 5 305 267 238 212 184 180 100 40 49 62 56 49 8 26 22 336 286 280 293 307 308 298 288 296 330 7 23 25 205 202 197 255 286 291 302 262 248 250 242 198 135 0 90 123 182 210 208 181 187 227 274 287 278 259 249 225 206 192 154 160 172 135 75 33 14 3 338 172 151 127 104 9 8 349 336 340 339 327 357
358 309 313 330 340 0 357 331 332 315 283 302 329 310 249 189 180 284 281 250 220 188 197 199 171 77 64 51 23 1 6 13 2 328 316 320 328 323 315 306 320 319 331 11 36 50 282 283 296 292 282 210 203 233 247 244 206 210 198 111 116 155 201 202 189 239 258 240 240 227 219 216 193 189 184 163 168 195 197 150 0 8 35 74 124 142 147 207 300 329 319 325 346 9 319 333
288 283 271 262 288 316 2 14 352 356 304 276 239 225 235 149 212 254 285 317 323 180 219 228 209 120 42 30 17 12 42 56 341 315 302 313 343 352 299 277 296 297 297 0 57 57 347 280 264 233 207 186 202 248 256 240 188 185 171 144 126 126 208 236 243 244 211 197 209 207 209 206 187 186 192 183 181 237 227 181 203 189 137 123 124 130 153 227 213 202 215 211 190 171 225 248
297 276 237 222 237 250 198 93 315 333 315 293 245 294 324 357 4 335 259 278 20 21 338 297 303 8 333 16 31 41 62 45 333 263 260 255 205 143 182 222 221 235 259 305 63 60 30 274 257 225 220 240 282 288 274 236 180 154 154 162 158 140 243 261 225 201 190 191 215 217 214 214 197 190 210 216 227 222 186 178 188 186 167 146 133 126 147 190 186 185 196 196 188 191 213 219
310 309 23 225 253 256 230 96 258 272 296 342 337 313 310 330 12 43 209 231 237 0 2 335 225 174 244 270 58 59 59 45 45 264 247 218 188 174 190 233 228 239 266 308 14 37 45 302 265 275 281 266 262 243 216 191 180 154 139 161 195 281 315 295 315 329 341 322 289 270 242 242 221 233 276 264 225 185 165 174 186 194 180 141 123 120 130 154 173 185 195 193 196 213 231 237
275 225 153 270 289 282 273 353 347 306 289 307 304 283 267 241 167 84 61 245 238 265 35 59 45 315 296 288 86 72 64 56 41 337 300 299 270 263 290 292 303 294 283 292 355 56 53 12 284 198 191 205 202 191 190 187 182 171 156 168 253 291 323 326 343 326 351 3 270 243 270 274 273 276 285 320 288 140 146 172 198 205 191 173 98 70 75 81 74 288 184 181 209 227 229 221
315 219 239 277 268 254 225 209 200 225 236 234 253 253 237 212 185 130 52 35 234 218 181 225 337 344 339 357 11 37 53 48 12 342 339 353 9 358 329 300 297 284 271 268 225 82 43 18 29 29 123 184 190 190 203 219 225 251 45 71 259 261 266 243 243 286 348 81 213 249 266 277 304 294 278 303 68 107 126 170 203 197 189 203 189 124 78 75 52 8 93 135 203 213 210 206
45 320 315 251 240 223 200 203 193 205 231 253 276 288 289 286 251 198 95 82 116 192 200 239 263 281 315 353 355 37 57 43 348 329 335 358 27 23 351 317 321 312 285 274 307 45 42 45 32 20 39 48 0 275 281 289 311 336 357 18 320 254 221 192 243 283 0 66 45 272 271 256 228 214 221 203 152 119 106 132 189 189 193 206 189 183 166 113 140 173 148 135 261 246 218 200
123 251 275 315 288 281 276 261 225 230 255 265 279 298 310 334 355 353 68 88 85 100 223 231 193 186 189 190 191 178 71 24 336 329 347 18 38 30 355 329 341 344 328 312 311 57 86 84 351 15 30 19 12 349 324 317 323 336 347 20 21 288 225 239 251 241 213 66 15 308 291 272 212 189 202 196 165 132 93 81 112 174 191 197 183 183 191 162 149 178 198 330 341 345 357 31
78 279 286 307 297 303 330 333 0 288 266 263 268 282 303 341 30 0 75 91 104 76 11 220 184 176 183 195 209 232 285 10 316 332 51 33 21 48 332 300 323 345 341 333 322 63 77 15 325 349 10 20 35 0 315 305 308 323 333 45 60 59 288 282 261 230 233 282 8 351 288 308 101 161 209 201 180 161 90 81 82 103 161 198 184 176 194 181 164 236 290 310 321 324 9 51
18 299 292 298 293 278 265 296 11 326 285 265 262 270 299 3 26 33 82 68 37 49 21 347 14 23 34 253 254 255 245 264 270 209 113 135 270 78 300 289 304 353 71 180 201 135 52 355 356 338 0 45 52 23 315 306 317 329 339 41 41 25 344 315 347 333 315 311 119 150 235 216 135 116 180 194 180 178 155 135 126 123 124 233 263 0 348 315 329 299 276 278 294 296 68 88
0 329 302 302 320 348 338 293 336 335 315 290 262 257 265 348 40 63 51 38 50 73 329 334 12 5 36 65 225 210 213 235 270 315 66 35 -9999 102 267 265 244 183 120 135 237 315 332 343 359 349 10 28 19 28 345 311 332 342 346 7 10 9 6 347 339 331 312 74 131 173 215 213 182 154 165 173 166 171 169 161 151 149 26 324 318 344 5 351 336 305 278 274 280 288 81 80
3 357 311 287 299 353 18 338 315 315 302 308 284 251 232 210 139 90 14 75 101 91 294 295 8 24 69 76 150 202 240 259 293 355 42 95 158 163 233 236 207 192 166 174 242 240 253 274 325 348 23 29 21 46 12 294 312 330 330 356 12 19 34 26 288 213 213 136 132 192 240 216 173 165 166 163 157 168 175 180 315 335 344 345 337 345 12 11 357 329 297 281 265 246 101 75
342 2 345 321 302 327 11 0 351 346 323 317 330 333 271 222 196 225 71 97 84 29 312 282 180 135 105 98 97 298 282 271 253 230 88 92 126 191 232 240 208 186 174 190 199 192 213 228 232 205 135 114 97 81 23 300 305 310 297 18 109 118 101 114 159 185 182 141 127 312 316 345 22 37 62 33 19 17 0 332 330 334 340 349 348 350 8 13 4 349 333 330 327 329 26 36
324 351 337 320 315 317 338 350 355 351 332 304 317 7 7 321 315 243 144 95 71 9 296 180 156 139 106 93 88 239 242 230 211 205 176 72 55 59 234 219 184 171 168 197 202 204 231 239 232 192 164 167 160 155 291 294 296 280 247 145 135 147 138 128 142 182 169 156 257 288 312 354 4 18 22 355 354 6 4 347 331 336 344 353 356 350 2 12 5 353 345 348 351 355 3 9
257 209 234 251 248 242 253 280 330 347 321 278 274 8 25 343 18 78 149 84 55 15 341 96 116 113 94 64 58 120 225 231 227 237 251 30 46 39 353 203 161 149 143 204 225 244 257 251 226 180 163 168 173 211 253 270 278 277 270 81 79 83 94 93 97 146 155 198 257 249 231 225 251 36 29 341 332 349 353 351 327 319 337 0 15 343 327 9 7 355 349 356 6 6 356 5
281 315 307 251 238 252 278 287 307 343 323 300 290 330 17 0 59 79 90 45 30 356 2 36 36 49 48 50 81 94 261 262 258 261 268 315 54 56 49 90 135 147 130 188 237 240 228 214 202 180 172 180 236 281 286 293 318 338 339 23 39 43 54 72 90 114 145 247 264 233 207 208 197 185 185 205 198 218 249 260 239 242 237 150 127 160 196 196 184 178 192 203 120 114 168 185
351 334 352 345 309 299 307 315 327 323 297 293 275 243 288 51 76 80 108 225 329 325 0 54 49 45 56 86 97 93 289 284 277 261 248 220 127 97 111 130 135 141 131 192 243 229 207 203 210 206 205 225 280 299 312 316 325 340 345 50 70 90 104 101 94 91 98 246 236 204 204 215 198 190 188 187 194 209 218 197 193 221 216 180 142 145 174 193 192 183 197 200 188 174 355 10
11 330 340 351 349 336 299 284 333 303 273 261 228 229 246 45 47 50 57 180 237 257 153 103 98 98 111 108 75 29 309 287 304 317 270 210 178 129 104 98 98 90 68 323 315 322 323 232 225 225 218 225 267 289 307 319 331 7 81 140 132 104 106 104 97 100 118 206 232 234 253 258 225 204 180 181 198 205 223 257 309 215 205 188 162 152 162 206 212 197 205 194 194 215 238 0
13 341 326 335 354 7 0 315 330 331 289 278 297 302 296 355 36 54 62 16 321 337 80 112 139 135 90 34 13 14 358 279 284 330 26 158 181 182 75 53 52 53 0 321 326 343 28 114 204 226 229 255 279 282 285 278 264 119 123 144 158 131 129 142 136 140 142 253 282 291 284 284 327 355 23 50 198 214 240 253 257 71 198 185 150 160 190 242 225 196 205 199 208 225 218 220
12 357 326 303 330 13 23 3 351 346 332 319 306 316 330 358 18 34 37 10 345 354 39 62 57 3 357 0 10 33 20 299 278 236 115 118 157 204 204 138 139 159 215 247 233 192 135 98 321 291 284 285 255 237 215 194 185 162 150 160 161 147 143 146 148 148 336 306 299 292 234 238 228 191 141 102 120 187 223 213 198 188 181 158 127 192 262 276 245 225 245 243 270 278 268 276
24 23 329 284 286 347 19 15 7 347 336 334 309 303 318 351 24 37 26 27 62 168 145 78 34 334 336 10 53 64 345 299 245 180 163 153 158 201 212 165 157 172 207 235 221 195 161 345 333 323 309 311 188 196 193 188 183 171 160 168 161 153 153 122 83 329 333 301 264 198 177 194 190 182 183 176 155 116 240 210 205 217 215 173 55 340 302 315 315 302 315 309 283 260 250 253
45 11 340 308 271 286 350 20 17 6 356 326 316 312 312 334 51 70 45 39 56 69 161 122 54 288 274 119 125 126 190 190 180 180 175 152 137 208 217 169 160 187 237 260 263 270 270 273 284 292 289 322 68 108 171 192 192 180 169 164 164 166 190 45 344 325 341 340 327 101 149 302 340 0 342 327 345 6 353 358 1 285 273 300 351 0 339 315 315 285 278 206 214 195 210 223
18 334 341 344 289 270 262 67 25 17 11 333 309 312 320 337 42 40 14 23 54 57 33 15 30 243 182 132 105 95 124 151 164 208 252 353 31 357 264 149 144 249 261 249 233 241 281 290 297 293 270 254 45 45 55 99 204 188 178 150 180 302 315 319 320 319 338 357 5 19 350 327 341 2 1 331 310 29 338 3 56 248 234 227 208 171 188 233 278 285 315 98 225 265 300 295
18 326 327 342 334 300 254 206 345 22 12 340 297 279 279 270 90 54 32 64 86 86 68 18 25 61 90 351 22 31 22 22 30 321 275 281 20 3 16 26 6 341 234 225 240 268 305 296 279 241 225 239 206 87 74 58 12 281 288 345 345 333 307 292 286 278 236 173 165 135 297 280 215 182 156 173 196 212 263 90 66 356 299 282 198 183 219 275 318 335 348 30 356 301 303 309
45 0 295 313 344 0 294 319 348 29 0 308 280 262 254 168 132 156 122 102 101 97 77 6 24 64 355 309 45 59 14 35 59 0 284 281 270 296 34 48 24 90 161 236 260 274 285 257 233 196 228 254 198 114 98 69 24 357 328 321 353 18 315 280 266 246 186 164 180 198 238 214 171 191 170 161 259 290 329 26 21 348 307 315 26 11 279 284 306 344 356 74 90 272 268 263
45 355 321 310 347 9 329 340 2 4 1 8 135 225 221 171 143 186 120 102 100 90 53 63 120 90 315 261 90 66 26 79 80 12 292 315 343 329 24 66 59 77 73 264 256 248 225 203 205 203 250 268 341 85 90 90 90 135 248 249 191 116 180 220 221 206 182 168 174 186 208 191 169 196 196 217 270 272 296 11 13 355 326 338 56 26 302 281 248 194 167 124 164 214 214 216
290 320 326 328 327 341 338 345 1 357 359 18 37 45 204 177 177 211 126 91 69 27 18 42 52 45 37 225 180 65 39 49 55 16 297 297 329 336 45 64 45 38 20 331 261 232 202 178 187 204 239 263 324 83 103 124 151 186 240 241 191 142 146 184 194 188 183 177 180 189 197 188 178 204 231 255 271 275 295 340 10 12 14 75 125 251 263 221 189 189 180 140 158 204 202 202
289 296 324 15 291 279 296 317 352 349 356 35 47 43 53 153 210 194 168 124 87 26 53 52 12 14 42 38 270 135 66 45 53 41 294 230 205 201 270 16 10 5 4 3 353 261 218 180 265 279 260 239 186 138 132 154 176 201 237 248 206 125 120 147 177 191 197 214 297 330 351 1 0 339 312 295 270 261 262 280 1 40 69 112 156 196 201 176 176 188 183 157 160 213 204 213
295 294 309 71 281 255 241 241 225 191 153 147 143 129 115 135 189 178 175 163 131 155 165 167 333 15 23 17 17 26 54 81 68 45 18 135 217 237 274 315 347 2 11 17 20 348 328 344 348 348 332 261 168 140 119 140 180 208 233 233 225 98 93 104 135 233 281 307 313 321 346 4 3 1 356 330 240 231 226 225 205 129 108 113 139 210 208 149 161 173 161 171 192 192 178 199
260 246 202 144 207 253 244 227 205 180 139 126 140 155 156 154 177 191 180 186 90 63 11 320 291 341 4 15 31 40 48 59 54 37 29 40 18 231 236 249 242 168 33 2 2 347 326 337 1 8 4 25 41 45 56 49 20 298 264 257 251 101 79 78 75 281 265 251 246 243 250 321 356 12 27 41 135 206 210 210 198 173 150 139 143 285 315 98 180 123 106 149 215 171 156 202
237 220 210 164 205 241 230 225 213 175 137 113 115 135 153 162 175 174 185 205 184 71 5 329 339 18 153 234 78 85 81 45 26 18 3 26 28 5 270 257 237 240 310 330 343 347 327 324 22 33 45 90 113 99 72 55 21 344 306 295 329 45 57 62 39 315 212 216 220 218 215 216 203 169 109 90 111 171 205 210 199 186 175 171 206 234 180 149 173 171 138 153 215 139 147 251
225 218 215 200 210 229 206 195 189 177 158 130 122 96 114 174 195 108 198 232 214 216 315 305 324 25 30 336 108 93 20 352 3 14 1 17 30 23 330 318 342 347 343 342 339 355 341 304 0 24 38 51 52 57 71 66 45 341 251 217 194 191 127 110 119 125 180 247 231 212 205 203 191 184 180 157 151 171 255 236 209 210 219 225 206 180 168 168 177 195 122 152 180 150 171 230
215 210 204 208 196 190 195 183 177 175 169 156 174 169 83 354 315 19 350 344 345 298 327 345 350 11 23 30 42 14 356 343 355 26 27 33 59 40 311 308 333 350 348 357 0 51 45 293 315 14 47 43 24 19 20 25 15 16 68 174 193 189 164 156 174 173 296 279 216 196 201 203 191 189 191 186 217 293 338 348 210 231 230 213 183 146 145 176 188 194 159 149 176 174 203 243
