code/mhm/output/GrosseRoeder3_0p0625/mhm_setup/morph/aspect.asc
ncols                328
nrows                160
xllcorner            13.46875
yllcorner            51.046875
cellsize             0.001953125
nodata_value         -9999
[rows 45 to 89 of 160, columns 96 to 191 of 328]
16 348 30 59 281 273 300 81 108 180 161 -9999 315 333 18 315 341 258 225 207 192 180 168 181 209 272 291 295 282 225 225 188 212 156 144 183 196 185 167 182 193 185 187 186 182 150 150 180 186 205 230 246 270 270 272 302 341 351 358 5 353 2 23 3 356 27 28 11 3 5 4 0 357 357 355 344 239 227 228 219 214 210 220 215 116 198 225 215 185 171 81 45 50 108 129 138
35 29 33 54 315 258 234 90 63 45 135 225 270 315 45 315 288 0 281 246 198 191 191 277 297 292 288 293 243 210 161 161 217 135 116 139 160 176 168 189 190 184 186 191 189 153 146 192 210 236 250 257 278 296 288 286 307 330 344 23 28 45 52 23 348 23 29 14 11 20 10 0 0 349 7 38 56 234 230 222 212 216 232 225 171 143 219 228 183 194 191 147 113 113 110 117
127 108 45 45 18 276 246 101 45 26 35 329 293 288 71 0 288 315 288 270 315 315 315 277 244 236 229 192 178 190 181 182 207 171 146 119 108 -9999 -9999 -9999 -9999 251 225 225 210 156 90 180 225 236 251 266 290 320 315 299 307 315 315 101 120 144 154 170 203 225 71 26 6 18 8 3 3 348 15 36 22 0 319 266 217 216 213 197 187 170 202 221 183 203 217 149 111 115 103 94
165 135 315 11 26 333 243 180 0 353 14 18 315 251 341 11 341 315 329 323 335 338 338 315 308 260 212 177 177 191 187 189 190 187 181 149 135 -9999 -9999 -9999 -9999 225 198 198 191 201 161 135 234 251 251 261 273 301 315 317 332 0 135 137 142 156 171 191 231 239 135 270 315 344 353 1 3 0 8 14 6 1 4 26 180 206 206 201 192 177 191 198 183 199 222 186 117 118 88 33
206 198 251 288 0 355 352 4 8 305 0 50 45 288 281 0 0 329 315 315 288 288 331 341 306 321 337 11 13 347 330 315 315 263 248 180 -9999 -9999 -9999 -9999 -9999 -9999 -9999 -9999 -9999 225 180 135 270 270 258 254 251 248 256 261 261 108 115 120 113 116 225 258 251 225 180 284 307 307 309 343 357 4 8 12 6 9 21 24 14 349 333 339 357 19 59 185 184 208 223 200 138 113 20 351
225 251 270 270 300 326 351 5 3 3 25 57 52 18 258 281 341 345 315 323 6 288 291 59 173 236 280 342 7 1 355 352 357 358 356 0 13 37 45 -9999 -9999 -9999 -9999 -9999 -9999 -9999 -9999 -9999 239 243 243 242 237 229 228 238 253 66 75 78 63 3 344 355 356 326 326 304 315 329 254 251 258 0 8 18 21 15 348 357 6 359 337 335 358 14 21 13 2 348 297 246 123 18 326 277
300 315 288 270 273 281 315 3 357 14 23 30 34 23 0 281 270 315 315 319 356 8 315 127 125 233 233 226 225 329 340 342 351 6 4 357 20 47 53 -9999 -9999 -9999 -9999 -9999 -9999 -9999 -9999 315 326 332 343 347 246 223 223 228 209 165 148 150 225 326 323 0 50 18 284 270 209 180 212 229 218 203 225 135 63 341 308 331 6 5 347 328 327 0 13 12 5 2 0 5 20 6 351 293
315 315 288 300 277 262 229 183 194 215 11 25 14 10 20 32 251 215 241 271 315 57 79 120 26 315 237 223 209 214 246 295 332 20 356 339 42 46 36 25 0 0 8 345 344 349 342 342 341 344 356 14 22 278 217 208 190 176 176 188 214 214 184 173 169 237 310 30 168 261 311 324 345 8 25 329 339 337 306 291 45 14 339 357 0 294 315 20 18 6 18 37 38 0 343 349
8 23 315 281 260 246 215 248 319 327 323 4 4 8 25 37 38 90 225 243 216 131 71 37 333 0 303 285 293 291 278 270 279 45 0 270 66 24 22 17 4 7 7 345 348 346 329 331 330 330 18 41 40 37 30 198 186 184 200 202 202 200 177 180 261 302 344 100 288 318 304 299 332 23 29 348 340 344 326 307 341 336 300 341 40 90 229 170 144 180 168 30 12 353 345 8
15 26 15 0 234 220 205 239 251 225 257 298 351 21 54 60 55 45 324 263 210 191 161 45 350 11 324 290 303 317 311 289 302 11 26 23 351 326 352 15 10 16 18 336 344 346 288 199 197 197 171 168 96 17 6 9 2 1 0 206 200 216 242 311 295 228 161 163 244 263 234 241 225 150 25 344 336 315 236 191 203 234 254 225 120 135 216 195 98 324 325 336 348 357 0 39
18 33 32 38 341 243 215 222 201 186 221 250 315 24 45 53 45 40 11 285 198 212 220 304 342 6 9 293 229 217 230 264 266 161 90 45 341 279 280 9 21 24 22 344 346 9 50 124 196 197 194 212 258 310 340 6 3 11 26 25 18 293 271 249 181 174 165 188 228 205 192 228 214 190 192 192 193 180 215 173 180 210 205 189 146 118 217 240 315 324 324 305 251 90 23 8
198 59 39 32 23 8 333 270 206 212 251 248 232 296 12 36 33 39 42 333 149 188 230 255 267 0 27 48 195 220 240 259 273 90 101 0 18 275 251 210 225 15 8 348 349 12 19 16 10 5 333 275 267 272 254 180 161 117 62 34 38 6 228 198 167 150 135 255 237 206 214 237 210 190 200 206 221 225 188 164 167 192 189 192 225 4 14 255 200 212 233 281 307 331 354 3
288 341 45 30 30 18 355 351 353 343 274 231 212 215 220 98 81 66 62 54 45 18 225 234 214 189 185 127 90 266 256 242 217 191 198 315 341 315 251 245 263 270 243 215 245 335 1 8 15 10 8 9 311 259 208 168 166 181 198 63 68 54 333 315 333 357 357 349 338 288 253 238 199 194 227 242 210 192 180 175 178 191 219 278 293 320 25 20 5 281 257 273 309 309 331 14
349 9 45 11 29 21 356 341 348 0 327 275 248 238 199 161 156 159 113 53 6 28 56 262 249 198 205 180 153 273 249 221 202 194 200 201 214 201 213 278 308 330 348 0 282 270 281 341 39 27 11 13 2 334 342 42 59 305 303 13 51 20 348 345 349 2 3 26 108 198 230 225 203 220 259 265 149 186 206 180 299 318 326 293 267 264 341 0 0 0 326 276 261 281 305 356
4 21 23 7 12 18 350 326 341 4 348 339 315 265 161 148 153 171 175 90 30 65 30 315 315 5 333 315 329 309 270 251 261 277 278 254 208 196 239 270 276 288 326 357 349 258 225 245 8 21 341 2 14 344 349 47 35 340 292 135 101 347 332 351 71 135 156 150 143 243 261 283 318 333 305 290 0 344 338 339 337 338 1 30 229 246 295 329 345 354 350 345 327 325 330 350
18 21 19 16 16 3 352 343 347 357 351 352 348 345 33 19 15 11 354 356 30 32 0 325 296 0 322 325 338 349 355 320 315 329 343 16 30 243 246 233 191 208 228 225 135 126 225 246 270 14 341 225 135 284 125 118 135 161 171 169 176 208 192 180 161 135 158 198 0 326 300 274 272 265 247 208 213 225 254 283 305 335 9 35 34 251 260 303 344 337 335 344 341 342 344 354
29 30 21 8 1 350 346 350 355 358 355 357 2 2 1 1 6 11 9 5 12 23 28 315 270 306 315 328 344 2 0 336 328 315 161 112 71 341 276 244 198 229 236 225 180 98 225 228 218 190 180 161 176 212 135 123 156 161 165 315 336 343 116 201 198 99 348 315 347 343 338 320 293 225 202 192 214 237 267 268 258 232 191 59 45 338 259 274 327 327 322 334 339 349 359 12
45 66 348 331 340 333 321 333 353 359 350 352 5 6 2 4 12 25 31 18 23 57 74 -9999 270 284 292 307 342 28 347 316 349 90 141 122 278 336 333 305 336 335 273 261 243 123 150 205 228 214 215 120 126 229 126 106 128 168 291 313 337 19 52 11 210 135 315 303 329 323 320 338 354 0 45 165 242 258 265 264 245 207 198 225 30 45 272 268 288 296 295 307 318 346 35 70
30 4 336 336 344 344 323 323 350 6 333 323 355 0 1 6 14 25 36 38 63 91 96 296 324 285 263 235 196 168 304 308 29 59 59 26 315 351 315 290 320 351 323 306 333 45 65 270 257 231 183 167 156 188 163 115 35 342 316 311 325 14 27 15 14 5 333 321 337 326 324 350 1 11 33 40 284 263 253 251 229 200 200 221 225 59 315 292 310 293 282 286 282 189 114 103
356 330 327 336 349 349 329 327 0 20 330 313 330 349 6 10 13 25 41 52 74 91 94 279 315 307 279 209 183 214 258 290 16 40 33 23 180 174 260 288 315 336 258 194 186 165 148 180 206 189 178 180 119 135 176 318 346 347 338 336 333 351 7 10 9 10 6 347 345 328 329 1 7 14 34 42 331 291 304 304 293 180 204 232 216 237 291 292 307 290 275 272 242 152 137 125
345 315 303 297 153 183 205 199 186 172 247 271 278 306 30 54 73 86 79 72 74 75 66 284 244 229 250 135 116 219 228 217 185 153 131 142 165 186 219 211 183 176 172 180 194 189 157 175 192 198 270 324 9 31 358 303 322 338 336 342 320 323 350 3 6 22 29 8 350 307 288 0 22 13 24 26 358 330 334 350 4 15 8 320 293 272 266 258 253 264 259 241 190 149 146 137
345 317 312 315 111 147 205 216 206 206 258 257 240 233 210 55 54 73 73 59 53 39 33 35 206 193 221 199 124 191 220 208 189 179 164 161 193 200 197 186 174 171 169 191 217 220 210 135 135 278 281 284 26 26 2 287 246 232 261 310 297 286 295 300 341 64 57 34 9 323 246 259 355 3 14 13 351 335 336 353 6 10 18 18 354 307 300 295 303 296 269 254 194 126 136 141
350 330 334 10 36 24 348 331 315 279 272 246 230 237 226 123 55 43 34 34 39 29 34 46 28 5 305 205 173 161 232 217 204 181 160 174 225 193 174 180 161 150 135 265 245 215 199 188 193 242 252 220 195 274 341 320 219 227 238 239 261 275 291 341 305 27 33 28 23 36 288 268 293 38 71 325 320 322 326 348 358 357 17 29 27 301 297 314 333 338 302 290 343 63 61 93
353 349 342 9 20 8 0 2 3 337 323 334 323 294 235 192 180 48 38 39 37 34 48 53 29 8 29 28 306 323 6 288 230 189 143 213 225 190 183 209 198 45 341 300 323 4 194 201 214 230 240 225 212 246 244 180 0 264 244 226 230 238 231 281 320 344 16 28 26 25 1 316 300 57 23 311 294 290 281 293 327 330 4 32 33 348 302 301 328 343 323 322 1 45 53 78
334 354 347 353 6 4 1 4 3 351 334 344 335 335 30 225 229 144 131 98 48 55 63 62 49 21 39 24 5 45 171 153 213 184 175 225 236 225 258 261 225 180 225 263 267 349 357 355 356 296 238 247 298 293 265 164 174 202 218 223 219 216 223 241 216 172 182 163 74 30 3 344 347 9 6 333 256 209 187 212 225 230 250 47 41 2 306 276 272 293 298 315 23 74 96 101
216 216 263 303 357 23 14 0 2 347 319 330 332 348 25 16 2 85 124 201 90 72 68 65 45 6 15 18 24 34 26 26 116 153 215 260 278 296 299 323 26 135 225 236 225 254 308 353 20 34 304 255 261 286 300 96 113 180 214 226 220 234 256 261 186 141 164 187 214 278 0 0 11 45 108 149 217 188 158 228 232 205 203 187 146 90 276 263 248 249 259 253 75 77 90 106
210 211 218 214 197 165 161 306 338 336 310 316 331 359 23 19 24 56 63 305 341 34 53 48 18 357 7 22 24 27 26 32 45 21 333 275 263 251 270 296 54 45 315 255 243 254 256 239 60 34 6 315 272 246 236 33 14 25 338 257 245 263 267 245 166 142 157 258 286 309 39 119 166 165 163 184 225 299 13 315 258 199 182 193 195 209 250 266 262 252 251 241 237 84 89 103
1 336 299 301 310 330 337 336 348 345 309 291 299 25 45 66 96 99 81 0 258 116 69 43 9 353 11 27 20 28 35 41 33 357 7 343 324 351 307 225 144 135 161 213 230 240 227 204 205 278 352 347 330 273 264 288 341 29 7 315 281 259 229 199 176 158 292 309 309 310 97 109 142 129 135 243 274 290 333 350 270 206 129 196 227 231 247 258 247 233 229 209 197 146 109 95
13 351 337 344 339 335 331 338 0 288 257 252 232 174 127 124 114 94 90 135 167 185 139 60 6 345 4 10 13 29 28 31 36 12 10 351 338 356 0 5 5 0 15 33 225 209 206 204 208 210 204 201 216 274 275 270 270 315 336 321 290 259 208 212 255 322 318 308 309 33 92 66 5 23 23 326 307 315 324 356 8 356 45 36 270 268 265 250 212 197 193 192 194 166 124 94
25 330 334 356 326 296 231 183 164 163 208 227 210 189 153 85 54 52 53 79 122 198 191 173 225 281 303 323 9 32 20 25 35 33 30 348 288 333 8 354 356 356 23 35 4 0 315 228 215 207 202 205 218 231 219 198 189 204 225 254 270 280 323 318 316 330 328 291 230 145 98 53 0 29 32 330 212 192 230 285 9 12 21 31 318 282 234 209 188 184 176 188 201 177 151 133
0 337 348 337 344 4 26 108 164 147 196 233 212 202 202 153 96 97 84 78 63 11 161 183 188 200 218 215 192 125 15 31 43 47 46 40 270 261 323 339 356 24 71 45 351 356 22 348 282 246 235 236 229 225 232 180 163 192 199 219 235 253 280 295 297 310 168 177 183 181 165 153 170 191 135 152 165 178 213 223 218 348 17 38 353 285 173 184 180 181 169 186 202 174 159 154
354 11 37 259 278 0 47 64 90 71 336 246 209 200 192 184 158 131 106 90 73 84 123 159 180 190 198 199 192 187 194 177 84 73 65 55 45 276 290 327 11 45 60 345 322 341 2 9 6 355 274 244 205 225 261 38 109 187 199 231 238 239 252 258 254 195 146 152 160 181 193 191 185 198 119 123 141 171 220 214 208 209 219 60 45 296 111 131 161 172 166 180 188 171 167 178
351 90 123 185 208 188 156 137 113 329 343 23 158 185 180 183 184 182 83 60 48 12 30 47 33 90 180 190 181 178 194 201 151 103 91 86 85 261 265 254 123 96 68 330 297 309 343 26 35 0 351 353 355 277 249 159 129 178 195 223 231 261 283 285 286 11 93 120 132 168 212 208 189 196 102 74 71 11 264 214 209 208 207 189 164 171 162 149 159 170 166 176 172 168 177 205
270 90 100 152 214 190 175 186 225 278 300 48 68 90 144 185 203 225 261 64 41 334 33 56 22 25 69 135 167 169 204 222 167 113 100 97 101 225 259 254 101 78 71 300 265 265 270 84 63 334 353 17 356 357 217 158 138 171 203 231 247 271 291 297 303 26 75 101 114 180 259 216 198 225 225 86 90 270 296 90 206 212 213 211 186 163 153 140 154 180 258 353 63 98 168 232
270 85 83 78 251 215 225 239 210 225 240 111 90 108 135 206 270 277 240 132 158 215 141 110 140 146 114 106 128 158 240 246 153 117 104 100 98 288 278 293 11 18 33 348 284 256 220 135 135 272 308 20 6 59 38 61 80 101 225 241 252 256 251 250 252 90 71 69 64 345 270 180 191 219 215 107 99 213 246 45 45 270 237 225 195 178 154 112 45 315 251 203 104 50 12 321
320 18 35 36 41 185 200 198 185 201 218 186 113 106 140 191 225 255 150 129 164 197 162 132 145 146 116 78 39 32 281 240 135 85 77 82 45 321 315 324 354 12 30 24 270 231 200 168 248 286 299 0 54 77 0 54 55 26 36 229 226 229 232 245 258 -9999 79 67 55 19 0 104 156 234 228 114 103 213 251 270 26 98 164 181 196 213 225 35 45 135 198 195 90 341 37 113
253 308 22 52 62 71 194 188 180 194 202 197 167 110 116 172 218 240 115 97 18 0 108 115 125 101 36 5 7 16 6 339 0 36 61 69 333 319 339 346 356 25 45 40 18 296 284 293 281 277 270 225 78 32 357 45 40 28 31 20 254 263 277 291 299 60 119 133 140 146 105 129 171 270 293 51 57 12 288 296 0 81 95 114 263 276 298 3 45 15 12 26 263 248 117 129
201 212 176 122 91 68 90 155 173 177 184 200 193 160 138 150 210 218 160 113 333 104 95 86 122 174 225 293 351 26 27 12 71 119 106 93 295 296 336 10 24 45 50 30 11 346 341 333 307 296 296 333 349 349 7 32 29 30 42 48 327 296 291 290 265 136 143 151 178 193 155 170 293 296 308 1 19 18 5 2 12 30 48 16 319 305 295 90 51 11 61 117 180 178 147 135
225 240 171 132 99 87 104 135 164 168 175 188 185 180 181 187 180 194 174 180 170 156 177 131 120 168 235 225 161 177 164 155 154 144 124 106 280 282 322 36 30 28 30 5 355 356 355 337 330 332 335 341 315 316 26 53 34 30 60 61 298 283 248 204 177 165 144 124 270 183 172 218 251 273 283 318 356 18 23 20 16 1 7 356 337 337 156 173 180 176 154 135 150 162 156 156
327 280 135 147 131 95 64 51 35 63 125 172 177 183 199 204 203 225 78 161 156 160 184 161 141 315 302 0 102 162 178 172 130 112 79 38 280 272 243 123 135 26 8 345 345 358 358 339 330 334 344 348 308 255 135 88 55 45 55 28 300 257 208 190 181 187 180 186 158 135 169 240 264 283 289 301 315 23 37 24 11 359 349 1 45 133 149 174 184 189 182 116 109 105 45 351
0 174 127 108 351 16 32 55 55 73 87 113 149 158 196 211 225 236 90 93 112 150 210 135 146 239 257 149 86 94 198 270 33 41 53 45 279 261 184 153 176 200 225 248 265 315 337 337 336 337 347 343 333 335 37 60 37 23 27 12 346 315 312 332 354 14 124 166 180 172 174 275 293 299 288 295 295 101 90 52 23 9 11 130 128 125 128 189 233 258 270 86 81 348 355 3
7 11 11 357 350 12 41 48 22 34 57 49 45 98 168 237 237 215 174 135 122 153 261 108 126 208 211 185 126 83 338 286 113 115 108 0 284 272 180 108 135 240 231 213 250 280 300 312 339 10 28 303 303 326 9 35 17 6 8 6 1 348 329 327 355 41 75 114 217 246 270 270 266 272 284 307 0 109 128 152 165 171 166 144 131 94 59 98 194 203 202 158 135 302 330 355
10 34 29 54 141 169 120 35 16 20 38 23 32 77 135 255 225 206 185 153 21 32 168 147 152 183 190 185 166 147 225 225 138 141 144 307 285 273 315 0 5 351 351 344 279 265 262 273 288 98 123 275 315 315 336 14 14 6 6 4 357 324 293 290 23 96 100 113 242 266 303 289 270 272 280 254 145 149 148 152 162 170 175 158 148 170 138 120 174 198 210 208 234 242 241 255
98 105 129 120 114 169 236 135 139 166 108 39 68 86 108 225 194 229 290 343 351 40 62 93 116 156 164 180 167 171 198 193 138 127 276 288 273 266 292 329 357 5 11 6 325 249 261 281 326 103 225 293 300 293 315 14 29 26 52 18 333 310 283 273 111 93 83 72 225 251 276 291 277 253 229 167 157 160 159 158 164 169 180 182 153 170 176 75 0 352 327 322 347 270 225 210
137 125 156 119 58 23 186 144 149 180 192 181 91 62 24 341 339 343 327 120 165 175 122 85 29 26 28 4 24 45 225 206 135 0 296 299 309 304 295 299 333 12 10 5 10 346 308 291 32 42 345 16 161 260 270 33 45 45 66 0 303 307 286 257 130 84 65 55 63 226 215 206 199 203 199 171 155 153 155 160 176 182 187 216 188 348 339 5 0 341 270 270 333 15 345 263
