code/mhm/output/GrosseRoeder3_0p0625/mhm_setup/morph/aspect.asc
ncols                328
nrows                160
xllcorner            13.46875
yllcorner            51.046875
cellsize             0.001953125
nodata_value         -9999
[rows 0 to 44 of 160, columns 96 to 191 of 328]
42 357 303 272 257 281 0 355 356 342 333 338 338 315 286 135 120 270 258 244 236 219 198 195 192 197 213 223 210 173 160 166 163 152 142 136 140 146 141 120 94 59 67 71 73 75 86 73 53 36 20 1 7 9 344 337 350 8 2 353 1 19 25 14 1 352 348 333 300 225 222 185 169 180 194 243 33 54 280 291 4 121 160 180 158 140 26 348 344 321 302 341 315 271 323 56
20 0 343 350 299 254 293 330 14 303 239 209 178 186 186 181 194 225 242 244 228 192 184 198 196 190 205 207 191 172 167 171 166 139 128 130 137 153 165 153 135 71 73 73 66 47 27 19 30 42 36 0 330 346 346 334 349 6 354 358 13 18 21 18 7 357 6 2 8 2 315 90 101 251 254 254 -9999 71 255 228 161 129 135 209 341 347 343 356 0 341 299 326 345 288 315 31
23 3 353 10 357 348 320 335 31 50 169 185 172 185 196 210 230 229 225 220 197 180 188 207 198 187 196 192 182 177 178 186 182 148 128 133 145 164 187 211 275 356 28 45 37 15 7 18 41 53 35 333 315 336 343 281 310 351 331 11 40 25 30 32 26 17 21 8 10 11 5 18 11 356 333 318 344 21 57 176 161 135 59 319 326 337 344 23 30 18 270 261 300 276 278 32
22 10 1 4 354 353 335 344 30 39 32 8 26 353 282 266 244 215 207 205 190 188 203 204 190 184 187 184 184 194 220 225 163 141 124 128 144 168 222 270 306 350 25 70 98 161 161 115 115 18 7 346 279 168 175 230 233 208 235 161 105 137 166 153 113 74 50 36 54 63 71 74 45 18 270 257 241 116 98 39 1 11 4 330 315 329 348 23 26 0 344 322 315 297 275 156
355 11 14 13 6 180 198 180 149 78 45 29 32 0 340 334 327 336 225 225 220 230 225 198 187 190 220 285 329 333 321 11 109 126 116 96 61 77 234 254 252 176 140 135 149 181 186 133 118 228 177 156 182 173 186 217 201 186 200 186 143 138 166 173 166 163 167 165 154 151 141 126 135 153 243 273 279 51 26 344 354 22 15 355 353 0 353 6 15 339 338 349 344 317 311 53
323 23 57 77 90 18 336 8 8 11 33 39 349 344 351 350 351 358 6 350 331 334 343 0 6 346 334 323 334 354 7 77 100 104 96 33 37 76 180 222 204 175 152 143 171 292 335 21 41 74 158 154 189 225 251 266 245 204 207 181 157 150 161 169 159 156 174 168 153 135 123 116 45 11 315 326 348 1 0 344 7 48 28 5 8 5 357 343 352 346 342 5 21 298 291 45
208 167 135 127 0 341 346 358 358 356 4 14 342 337 353 352 354 357 10 2 341 338 340 1 9 353 351 320 305 45 90 87 68 63 52 2 58 71 64 228 201 172 141 104 299 306 351 56 65 45 27 6 352 343 336 342 355 3 45 114 116 108 116 135 116 45 18 71 90 45 45 8 348 0 292 295 334 344 347 346 30 62 41 351 2 352 347 342 349 349 4 75 81 288 225 158
199 180 166 208 270 288 298 333 355 329 347 18 337 322 343 343 345 351 13 2 346 334 295 326 1 3 12 323 204 156 126 82 48 60 57 36 65 56 34 8 353 8 21 23 305 282 354 45 30 29 23 8 351 347 345 358 14 12 32 32 27 25 25 37 18 0 8 11 15 0 21 14 329 18 249 223 192 209 230 236 102 87 354 344 358 349 343 348 355 45 109 105 75 333 329 75
300 -9999 270 284 288 258 266 294 348 315 319 355 337 326 329 345 0 206 168 168 188 174 189 209 202 167 167 189 135 198 355 37 35 59 46 24 22 18 12 3 358 5 19 30 333 281 312 23 24 21 14 359 349 352 0 18 20 17 33 32 34 36 35 26 6 3 8 11 18 354 24 36 348 45 233 206 196 205 204 196 156 150 296 322 349 349 357 90 140 127 107 93 59 321 341 30
348 10 351 320 347 346 330 336 348 344 338 347 354 357 356 3 13 20 32 105 154 171 180 209 195 180 190 191 164 273 315 48 57 34 19 9 7 1 358 356 357 9 27 31 9 315 283 348 21 17 5 352 353 5 12 22 15 19 38 48 60 50 20 4 6 18 14 348 351 355 1 8 4 6 11 11 344 278 205 200 178 239 250 229 235 225 106 102 116 108 92 85 0 302 281 95
345 11 353 325 344 347 347 345 343 335 326 341 358 4 18 36 36 45 41 61 76 45 315 307 323 336 293 239 203 245 232 124 115 307 345 358 2 0 346 340 349 19 38 39 23 356 327 319 3 12 1 355 6 14 8 20 16 19 30 34 39 23 2 345 9 32 350 334 347 354 353 9 9 3 11 19 18 15 10 336 320 288 257 241 249 213 120 90 61 56 75 52 338 333 180 123
266 341 340 318 329 341 356 354 347 327 308 325 355 16 58 78 112 132 139 137 128 180 251 282 315 351 324 345 45 214 191 164 209 295 320 341 251 108 274 296 334 18 34 30 13 5 1 352 15 36 354 12 30 0 357 47 59 39 45 46 45 29 11 318 11 24 336 332 356 335 335 17 21 1 9 23 30 30 16 353 333 293 270 237 236 198 160 158 116 78 73 37 348 90 135 108
247 277 306 307 316 335 6 11 348 300 275 268 164 136 127 129 137 133 149 153 148 186 221 243 240 168 191 180 157 163 173 212 272 282 296 90 293 336 327 317 334 9 14 2 355 3 12 15 21 26 8 7 51 135 180 125 126 157 138 103 67 51 30 315 341 350 334 351 4 330 335 18 23 12 19 11 36 47 36 8 6 284 213 198 215 206 200 171 153 135 93 75 45 75 90 90
241 255 280 291 290 287 71 87 149 244 247 199 160 150 140 151 157 144 160 168 158 216 270 292 325 29 101 152 160 165 185 237 234 207 189 195 283 319 331 315 300 18 335 325 327 352 19 24 19 23 15 19 56 51 0 45 33 0 7 15 26 34 0 335 347 350 349 6 350 329 329 47 40 29 38 23 88 84 48 10 16 0 14 345 307 270 259 135 90 71 65 30 9 33 45 45
242 253 266 272 258 213 160 138 164 242 237 161 139 135 113 117 137 132 151 166 176 261 279 295 336 45 76 95 120 161 219 247 228 192 202 222 266 286 324 246 219 171 251 272 278 296 25 42 38 46 45 59 72 34 354 22 20 341 359 24 38 48 334 311 338 2 18 12 330 322 -9999 105 90 73 79 99 112 105 45 15 39 21 21 338 330 278 247 225 90 341 36 36 30 63 71 74
270 244 239 233 208 184 170 177 194 225 234 126 119 130 124 128 135 129 143 175 240 271 270 262 203 123 108 109 112 155 229 250 246 198 240 245 257 252 203 180 198 155 226 245 247 243 175 95 83 75 62 54 42 17 9 4 0 346 357 21 28 24 346 317 331 9 14 5 351 358 16 49 60 50 63 76 81 59 8 12 0 357 5 357 356 2 343 346 8 0 45 71 45 35 39 36
315 219 214 205 190 180 182 206 218 233 237 120 122 138 142 151 159 150 159 217 262 266 254 229 190 152 117 108 114 154 232 248 246 261 300 262 250 230 197 180 174 164 209 241 247 235 188 135 103 60 29 23 18 15 14 355 351 1 3 8 18 6 354 354 353 347 351 1 9 17 32 64 67 15 53 62 48 12 7 358 345 358 4 353 356 3 3 8 10 15 48 66 18 341 16 30
90 149 183 192 191 184 204 228 214 204 194 154 141 138 140 154 164 156 192 241 239 235 220 203 188 177 157 132 126 171 266 248 235 242 239 225 235 214 192 181 174 175 221 242 231 202 177 166 168 186 303 12 12 17 17 359 350 7 7 13 14 351 355 24 23 315 312 352 28 32 28 31 20 3 23 43 21 358 12 354 351 24 357 337 357 14 14 32 30 35 70 75 341 315 26 63
144 131 144 184 210 209 222 221 198 189 183 165 153 139 128 135 144 135 195 203 199 207 199 191 186 183 173 157 164 254 273 239 236 240 258 323 317 321 343 14 71 243 231 220 206 192 175 167 185 210 216 199 177 135 81 38 351 23 11 31 14 345 34 69 40 312 279 225 110 70 7 14 10 6 24 34 8 357 11 355 359 12 3 2 23 63 315 11 20 27 51 31 350 347 16 22
150 130 140 206 229 229 242 227 192 188 185 163 151 139 96 26 8 34 71 168 185 195 194 188 184 184 177 174 225 251 236 225 230 245 274 310 330 336 1 56 125 173 177 189 199 202 184 170 207 234 223 185 175 178 179 179 180 178 183 177 172 174 152 145 161 228 244 190 105 186 262 347 7 12 29 21 4 2 8 2 5 15 16 29 48 60 0 315 4 21 33 9 347 356 6 12
143 112 115 231 229 244 254 212 173 184 185 176 171 185 225 336 350 36 55 63 104 170 198 196 188 185 194 237 261 247 225 198 187 218 227 218 207 191 168 152 162 174 171 184 204 205 185 180 208 223 211 171 155 175 187 188 186 181 192 204 190 150 135 141 172 198 214 203 138 45 270 263 198 78 20 6 3 8 18 27 39 52 51 51 46 35 10 343 351 6 19 1 339 348 3 16
169 120 118 209 220 234 231 190 165 172 188 201 213 255 284 305 326 30 51 51 59 85 198 261 315 344 333 315 278 251 210 171 171 205 214 217 210 174 158 157 168 177 180 201 220 206 181 197 239 235 208 178 150 169 204 215 206 182 205 225 237 18 73 90 119 192 209 204 190 206 259 262 161 245 296 332 18 52 70 74 68 49 35 45 40 16 7 1 359 355 1 0 346 345 356 23
188 165 164 198 210 221 214 207 203 329 327 340 347 349 333 315 156 175 116 92 105 117 261 296 329 345 347 5 336 236 167 152 174 242 273 273 243 141 117 128 175 248 311 333 331 354 90 246 261 239 212 194 143 288 304 317 337 6 347 248 215 194 128 114 116 123 198 212 222 235 231 208 181 225 234 189 166 149 125 108 84 41 42 54 28 352 354 2 2 353 356 1 3 13 14 56
196 185 198 192 187 225 233 257 290 322 321 337 355 23 53 144 151 174 173 154 144 150 293 295 317 336 348 38 51 135 140 135 191 247 249 239 210 143 83 17 0 334 323 329 331 38 90 207 225 211 227 244 135 232 254 270 281 341 24 106 181 186 156 157 164 163 201 248 266 245 210 195 184 193 197 188 178 159 145 135 90 28 38 29 4 347 346 3 8 356 355 4 22 42 55 98
214 208 220 208 201 251 270 274 257 246 254 233 165 139 144 145 145 164 177 178 225 325 312 291 278 264 206 106 112 130 139 151 191 225 220 221 219 158 180 293 0 285 234 201 194 154 120 300 296 300 249 189 173 188 218 207 181 186 180 157 180 135 117 154 173 195 240 254 244 215 185 176 178 185 198 213 212 135 101 59 336 357 9 10 3 350 351 32 33 36 101 161 135 124 126 135
323 308 315 332 344 325 292 247 205 209 211 192 170 151 150 149 145 153 208 273 300 307 285 232 202 195 183 150 130 119 130 170 225 274 273 242 220 184 184 194 181 190 188 178 181 170 171 247 259 205 164 170 180 203 210 190 179 189 198 200 198 166 138 144 181 217 225 214 204 194 175 161 170 177 225 250 256 327 19 0 340 349 5 20 27 15 105 132 161 166 165 159 152 155 154 154
352 338 329 335 344 350 347 281 198 225 212 199 191 102 90 90 93 108 243 241 225 205 187 189 187 194 198 187 108 66 69 45 275 282 291 251 220 210 191 198 198 201 183 169 180 164 175 199 196 181 169 181 215 201 186 193 191 203 214 191 175 175 173 142 191 225 210 201 196 198 180 159 169 192 254 258 249 259 339 10 318 326 13 38 64 121 146 147 164 175 173 161 153 155 156 155
345 324 299 276 246 180 135 165 174 194 184 191 195 168 105 41 45 52 168 205 201 195 186 191 192 209 228 247 302 33 55 57 258 258 261 315 306 304 341 11 225 180 158 170 189 151 143 180 205 196 188 209 208 181 176 202 196 194 199 180 161 189 255 318 14 26 218 206 197 203 186 194 293 325 313 308 289 286 317 37 278 233 159 113 110 128 150 154 164 177 167 154 147 117 77 82
0 315 236 209 210 167 154 164 172 178 175 180 184 186 189 178 138 109 120 180 203 207 200 225 251 270 274 287 308 40 71 64 315 291 307 354 307 293 0 90 135 149 135 161 180 157 140 180 248 243 213 204 196 183 187 212 200 195 209 225 325 337 310 278 111 98 300 315 198 230 201 255 281 294 293 315 317 309 322 25 39 149 168 164 127 118 131 143 162 180 147 66 6 18 54 73
2 8 28 135 188 156 151 160 167 177 167 169 181 190 191 186 175 156 139 161 232 243 225 256 273 282 265 251 238 126 78 52 329 321 345 14 330 331 90 125 135 101 108 135 164 155 161 225 206 214 225 281 323 344 351 333 296 198 225 243 255 259 232 194 180 327 340 16 17 325 355 318 281 247 244 250 270 283 293 56 75 87 118 150 113 84 59 55 50 90 146 188 180 135 112 101
327 35 74 108 158 143 135 149 158 180 144 153 191 195 195 187 190 180 135 161 264 270 258 265 267 258 234 225 227 212 82 61 296 305 32 45 305 45 100 135 315 66 86 95 116 116 251 288 101 240 262 296 315 337 7 21 18 108 239 258 240 218 203 185 273 297 326 43 42 307 5 355 296 305 259 250 253 261 246 141 109 86 82 94 91 71 59 66 68 83 124 171 175 147 107 96
220 140 95 71 86 122 135 146 161 180 135 108 315 326 321 338 349 15 57 315 275 243 206 254 253 210 194 209 220 204 175 149 270 259 104 105 219 147 128 169 185 163 146 141 146 153 225 188 146 263 263 251 240 218 165 116 11 18 333 299 308 319 341 355 310 293 300 80 68 275 149 315 296 327 305 281 256 239 193 155 147 122 113 111 102 96 90 82 62 32 51 49 90 153 73 63
192 177 166 156 132 132 153 157 165 183 168 281 324 337 330 340 2 57 87 225 234 185 201 245 235 183 171 190 204 200 210 233 252 227 162 149 175 160 151 167 180 170 169 177 176 206 225 315 330 325 303 255 208 212 225 315 342 1 349 324 315 318 353 0 301 278 205 112 75 300 180 288 293 298 297 299 274 257 202 144 147 143 137 131 113 87 82 81 63 50 83 105 129 174 146 54
190 185 181 178 154 131 146 155 161 255 320 317 332 344 321 300 119 102 69 0 18 135 206 246 236 225 347 8 307 275 267 225 198 197 193 206 60 106 137 164 180 177 183 195 240 299 334 334 342 2 17 45 300 318 344 278 290 343 351 324 272 225 180 196 233 210 181 164 144 135 191 230 207 218 236 239 250 242 182 135 130 132 131 124 90 53 63 66 48 66 96 106 96 90 225 0
197 198 193 194 166 146 156 180 270 298 317 320 315 45 183 187 123 54 18 10 12 27 0 295 295 300 320 11 13 318 288 165 169 197 228 262 21 76 102 153 182 196 231 288 306 317 333 326 330 13 41 42 312 326 24 336 261 270 331 21 217 187 209 255 270 225 195 218 180 147 172 203 202 214 220 208 201 198 188 161 111 82 39 27 354 8 36 49 42 49 43 13 16 26 14 45
204 207 206 201 173 150 168 264 315 294 282 282 191 148 169 206 180 139 146 176 258 7 350 340 353 325 285 18 38 339 37 101 124 230 227 207 193 126 84 45 350 327 304 315 315 302 303 295 239 153 106 87 280 284 36 3 346 323 330 80 90 180 279 300 330 18 78 210 180 144 167 219 212 209 214 203 201 216 240 295 356 359 359 8 9 11 40 70 79 75 34 9 47 59 30 16
45 225 232 217 194 -9999 335 311 303 243 231 214 172 120 168 180 164 160 160 187 210 236 288 327 53 239 254 225 113 180 138 121 144 225 185 181 199 189 129 8 357 351 304 288 282 255 244 214 168 162 153 160 253 231 193 286 339 354 21 66 102 210 276 291 332 36 56 90 180 119 144 219 206 225 257 270 274 276 280 294 326 345 351 16 41 61 81 82 73 53 68 126 96 62 19 11
90 225 236 215 234 299 327 343 354 7 324 198 184 187 192 135 96 33 45 18 230 225 217 182 166 186 208 195 161 167 159 142 108 276 105 102 243 239 259 324 0 3 324 232 225 239 247 219 123 115 0 335 296 186 200 230 211 180 156 115 111 300 291 281 293 59 78 99 161 135 135 270 308 315 299 303 264 254 260 266 252 192 205 150 105 101 87 73 52 26 33 24 22 15 15 27
161 315 225 210 239 251 246 220 184 140 130 147 171 198 198 187 279 349 32 7 349 341 312 356 22 0 235 219 240 28 32 349 349 353 29 32 333 309 301 328 21 56 118 192 235 254 265 278 49 55 306 251 147 150 217 231 191 180 178 172 230 297 288 245 210 148 136 159 173 168 180 234 220 200 199 201 225 243 249 238 201 181 203 170 129 107 54 53 28 21 29 15 10 5 17 35
333 333 26 333 270 220 207 189 180 176 174 160 146 198 199 217 241 240 15 349 352 353 336 344 356 9 9 342 334 14 35 341 276 305 19 15 1 308 242 194 160 163 149 186 234 231 220 227 188 78 120 164 149 154 267 263 180 161 171 239 277 280 212 207 186 152 149 170 182 183 182 193 190 187 192 208 225 234 242 221 194 195 199 170 154 161 126 86 50 45 45 26 26 28 81 93
351 348 11 341 348 341 258 198 180 203 215 173 156 225 225 233 229 220 238 275 11 161 220 247 284 23 11 348 352 34 41 20 341 296 288 23 29 5 329 168 164 198 9 3 270 218 201 208 199 173 129 112 78 331 292 270 153 108 18 280 265 213 171 188 171 151 157 188 201 185 170 189 198 206 230 233 232 248 261 225 195 196 187 177 185 180 165 165 167 158 85 55 60 98 120 118
0 0 0 341 341 348 348 0 0 315 315 71 -9999 270 -9999 225 254 276 295 300 8 16 339 298 289 26 341 320 26 36 15 8 0 358 14 112 167 205 123 111 300 304 326 18 355 336 251 210 201 196 175 158 230 281 270 192 175 177 191 214 205 185 181 180 168 167 181 201 198 204 198 180 198 209 234 235 255 270 272 165 173 174 184 207 237 270 85 127 170 176 159 168 30 51 54 58
315 341 0 348 336 345 0 0 0 341 0 45 348 329 0 18 267 272 291 315 349 355 348 315 270 161 210 217 158 135 225 341 335 345 38 68 24 307 11 5 352 331 341 45 345 341 2 15 347 285 288 344 303 255 186 145 172 195 212 208 196 217 258 98 123 158 188 206 206 216 206 164 171 194 217 242 276 274 229 163 173 78 324 291 296 330 36 63 119 153 153 209 235 73 52 43
341 333 0 353 333 341 354 0 0 11 33 0 329 341 0 8 264 245 240 231 251 284 144 175 188 181 189 203 191 161 215 236 264 265 87 66 341 340 2 6 8 346 0 16 352 346 11 19 357 347 342 345 352 340 354 11 2 352 353 356 352 333 334 19 19 16 25 336 270 245 204 167 168 198 219 245 252 234 214 215 293 333 339 306 253 225 116 47 22 22 35 327 282 60 36 28
0 315 11 45 281 308 348 30 45 45 33 8 329 333 0 348 348 248 229 210 200 184 164 169 181 189 214 245 274 8 324 303 270 201 131 65 296 265 143 144 45 315 338 16 356 30 104 153 203 232 261 291 322 318 336 354 358 354 0 1 349 344 353 13 9 23 29 10 348 341 0 11 351 351 303 251 222 212 229 253 293 309 315 315 191 216 233 353 9 16 22 7 351 6 27 73
