code/mhm/output/GrosseRoeder3_0p0625/mhm_setup/morph/soil_class.asc
ncols                328
nrows                160
xllcorner            13.46875
yllcorner            51.046875
cellsize             0.001953125
nodata_value         -9999
[rows 38 to 75 of 160, columns 84 to 167 of 328]
2456 2462 2462 2462 2462 2462 2462 2462 2462 2462 2462 2462 2454 2454 2454 2462 2462 2462 2455 2455 2455 2455 2455 2455 2454 2462 2462 2499 2499 2499 275 275 1502 1502 2516 2516 2516 2516 707 2516 2462 2455 2455 2455 2491 2420 2491 2420 2420 2491 2455 2455 2455 2455 2455 2455 2455 2455 2491 2491 2491 2505 2505 2496 2491 2505 1528 2505 2491 2505 2505 2505 2420 2491 2496 1534 2496 2455 2455 2652 2652 2652 2455 2455
2456 2456 2456 2487 2462 2462 2462 2462 2462 2462 2462 2462 2454 2454 2454 2454 2454 2454 2462 2462 2462 2493 2462 2462 2454 2454 2462 2462 2499 2499 2499 2499 2499 2494 2499 2494 2494 2494 2494 2499 2499 2462 2462 2462 2455 2455 2420 2420 2420 2455 2455 2455 1898 2455 2455 2420 2455 2455 2455 2491 2491 2491 2491 2491 2455 2462 2462 2505 2505 2420 2505 2505 2491 2491 2491 2513 2491 2455 2513 2505 2505 2652 2652 2455
2456 2487 2456 2487 2487 2487 2462 2462 2462 2462 2462 2462 2454 2454 2454 2454 2454 2493 2493 2454 2454 2454 2493 2493 2454 2454 2454 2462 2454 2499 2499 2499 2494 2516 2499 2499 2499 2499 2499 2499 2499 2499 2499 2499 2506 2420 2462 2420 2420 2455 1898 1898 1898 2462 2462 2462 2652 2652 2652 2455 2491 2491 2491 2491 2505 2420 2491 2491 2491 2491 2491 2491 2491 2491 2513 2491 2491 2455 2455 2455 2513 2505 2420 2420
2487 2487 2487 2487 2487 2487 2487 2487 241 2487 2487 2462 2454 2454 2454 2454 2454 2493 2493 2454 2454 2454 2454 2454 2454 2454 2454 2454 2462 2499 2499 2499 2499 2499 2499 2499 2499 2499 2499 2499 2499 2499 2506 2506 2506 2506 2420 2462 2455 2455 2455 2462 2505 2455 2455 2455 2455 2455 2652 2462 2652 2491 2496 2462 2491 2496 2420 2455 2491 2496 2455 2455 2455 2420 2513 2491 2455 2455 2466 2455 2455 2652 2652 2420
2487 2487 2487 2487 2487 2487 2487 241 241 2487 2487 2487 2487 2454 2454 2454 2454 2454 2493 2493 2493 2454 2454 2454 2454 2454 2454 2493 2462 2454 2499 2499 2499 2499 2499 2499 2499 2499 2499 2499 2499 2506 2506 2506 2506 2506 2506 2506 2506 2505 2505 2505 2505 2505 2455 2455 2455 2455 2455 2455 2455 2462 2462 2462 2491 2491 2491 2420 2455 2420 2420 2420 2420 2420 2513 2462 2462 2466 2420 2420 2420 2420 2420 2652
2462 2454 1482 241 241 241 2454 241 241 241 2487 2487 2487 2487 2487 2454 2454 2652 2652 2493 2493 2493 2454 2454 2454 2454 2454 2493 2454 2462 2454 2499 2499 2499 2499 2499 2499 2455 2455 2455 2455 2455 2506 2506 2506 2506 2506 2506 2506 2506 2506 2506 2506 2505 2505 2505 2506 2455 2455 2455 2455 2455 2491 2491 2455 2455 2455 2516 2516 2516 2455 2455 2455 2455 2491 2491 2491 2420 2420 2462 2462 2420 2420 2420
2454 2462 2454 2454 2454 2454 2462 2454 2454 1482 241 241 241 2487 2487 2487 2487 2652 2652 1482 1482 1482 2454 2454 2454 2454 2493 2454 2454 2462 2462 2454 2499 2499 2499 2499 2499 2455 2455 2455 2455 2455 2455 2506 2506 2506 2506 2506 2506 2506 2506 2506 2506 2506 2506 2506 2506 2506 2455 2455 2455 2455 2455 2455 2455 2455 2496 2455 707 2491 2455 2455 2455 2455 2491 2420 2491 2420 2420 2420 2420 2420 2420 2420
2454 2454 2462 2454 2454 2454 2454 2468 2454 2454 2454 1482 2454 2454 2454 2454 2454 2652 2652 241 241 2454 2454 2454 2454 2454 2454 2454 2454 2454 2462 2462 2462 2499 2499 2505 2505 2505 2505 2455 2455 2455 2455 2455 2506 2506 2506 2506 2506 2506 2506 2506 2506 2506 2506 2506 2506 2506 2455 2455 2455 2505 2505 2491 2505 2505 2455 2455 2491 2491 2455 2455 2491 2491 2455 2420 2491 2420 2420 2420 2420 2420 2420 2420
2454 2454 2454 2454 2454 2454 2454 2462 2454 2454 2454 2454 2454 2454 2454 2454 2454 2454 2487 2487 2487 2487 2487 2454 2454 2454 2493 2493 2493 2454 2493 2493 2462 2462 2505 2505 2505 2455 2455 2455 2455 2455 2455 2455 2455 2455 2455 2652 1502 1502 1502 1502 1502 1502 2506 2420 2420 2420 2420 2455 2505 2505 2491 2491 2505 2505 2455 2455 2491 2496 2496 2491 2491 2455 2455 2455 2455 2455 2491 2455 2652 2455 2455 2420
2454 2454 2454 2462 2197 2197 2197 2197 2468 2454 2454 2454 2454 2454 2454 2454 2454 2454 2454 2454 2487 2487 2487 2487 2454 2454 2454 2454 2454 2454 2454 2493 2493 2454 2462 2462 2462 2454 2455 2455 2455 2455 2455 2455 2455 2455 2652 2652 1502 1502 1502 1502 1502 1502 1502 1502 1502 2420 2420 2420 2420 2505 2505 2505 2491 2491 2491 2491 2496 2496 2496 2491 2455 2455 2420 2420 2455 2455 2491 2491 2455 2455 2455 2455
2462 2454 2454 2462 2197 2197 2197 2454 2454 2462 2462 2454 2454 2454 2454 2454 2454 2454 2454 2454 2454 2487 2487 2487 2487 2454 2454 2454 2454 2454 2454 2454 2454 2454 2454 2516 2454 2462 2462 2505 2505 2505 2494 2494 2494 2494 2652 241 241 1502 1502 1502 1502 1502 1502 1502 1502 1502 1502 1502 2516 2420 2420 2505 2491 2491 2491 2491 2496 2491 2455 2420 2420 2420 2420 2420 2420 2455 2455 2420 2420 2420 2420 2455
2465 2454 2454 2454 2454 2462 2454 241 2454 2454 2454 2462 2454 2454 2454 2454 2454 2454 2454 2454 2454 2454 2652 2487 2487 2487 2454 2454 2454 2454 2454 2454 746 1482 2516 2516 2516 2454 2455 2462 2462 2462 2494 2494 2494 2494 2652 241 241 1502 1502 1502 1502 1502 1502 1502 1502 1502 707 1502 1502 2516 2420 2420 2491 2491 2491 2491 2491 2491 2420 2420 2420 2420 2420 2420 2420 2491 2420 2420 2420 2455 2455 2455
2465 1840 1840 2469 2454 2454 2454 2462 2467 2454 2454 2454 2454 2454 2454 2454 2454 2454 2493 2493 2493 2454 2652 2652 2487 2487 2454 2454 2454 2454 2454 746 1482 1482 2454 2454 2454 2454 2455 2455 2455 2455 2455 2455 2455 2455 2652 241 275 1502 1502 1502 1502 1502 1502 1502 1502 707 1502 1502 1502 1502 2420 2420 2420 2491 2420 2420 2491 2491 2491 2652 2652 2652 2420 2420 2420 2420 2420 2420 2496 2455 2455 2455
1840 2469 2469 2469 2469 2454 2454 2454 2467 2467 2454 2454 2454 2454 2454 2454 2454 2454 2493 2493 2493 2493 2493 2652 2454 2454 2487 2487 2454 2454 2454 2493 2493 2493 2454 2454 2454 2454 2455 2455 2455 2455 2455 2455 2455 2455 2506 2506 2506 2652 275 1502 1502 1502 1502 1502 707 707 1502 1502 1502 2420 2516 2516 2420 2420 2491 2491 2503 2503 2652 2652 2652 2652 2503 2503 2455 2420 2491 2491 2455 2420 2420 2420
2469 2469 2469 2469 2469 2469 2469 2469 2469 2454 2454 2454 2454 2454 2454 2454 2454 2454 2493 2493 2493 2493 2493 2493 2652 2493 2454 2487 2487 2454 2454 2454 2493 2493 2454 2454 2454 2454 2454 2454 2455 2455 2455 2455 2455 2455 2506 2506 2506 2506 275 707 1502 1502 1502 707 707 707 1502 1502 2516 2516 2506 2506 2506 2420 2491 2491 2491 2420 2455 2652 2496 2455 1528 2491 2455 2505 2455 2455 2420 2420 2420 2420
2469 2469 2469 2469 2469 2469 2469 2469 2469 2469 2469 2454 2454 2454 2454 2454 2454 2493 2493 2493 2493 2493 2493 2493 2493 2493 2493 2454 2454 2487 2487 2454 2454 2454 2454 2454 2454 2454 2454 2454 2455 2455 2455 2455 2455 2455 2455 2506 2506 2506 2506 2506 2506 2506 2652 707 2462 2506 2506 2506 2506 2506 2506 2506 2506 2506 2420 2420 2455 2455 2496 2455 2455 2503 2455 2455 2505 2505 2455 2455 2455 2455 2455 2455
2453 2453 2453 2453 2453 2469 2469 2469 2469 2469 2469 2116 2116 2454 2454 2454 2454 2454 2454 2454 2493 2493 2493 2493 2493 2493 2493 2493 2454 2454 2487 2454 2454 2454 2454 2454 2454 2454 2454 2455 2455 2455 2455 2455 2455 2455 2455 2506 2506 2506 2506 2496 2506 2506 2652 2506 707 2462 2462 2462 2506 2506 2506 2506 2462 2420 2420 2420 2505 2455 2455 2455 2505 2505 2516 2516 2455 2455 2455 2455 2455 2455 2455 2455
2453 2453 2451 2451 2451 2451 2469 2469 2469 2469 2469 2116 2116 2116 2116 2454 2454 2454 2454 2454 2454 2454 2454 2493 2493 2493 2493 2493 2493 2454 2487 2496 2454 2454 2496 2496 2496 2454 2454 2454 2455 2455 2455 2455 2455 2455 2455 2506 2506 2506 2506 2506 2506 2506 2506 2506 2506 2462 2462 707 1502 2506 2506 2462 2455 2455 2420 2455 2455 2455 2455 2455 2455 2455 2455 2514 2455 2455 2455 2455 2455 2455 2455 2455
2453 2451 2445 2451 2451 2451 2451 2469 2469 2469 2469 2469 2469 2116 2116 2116 2454 2454 2454 2493 2493 2493 2454 2454 2454 2493 2493 2493 2493 2454 2487 2454 2454 2454 2454 2454 2454 2454 2454 2454 2454 2455 2455 2455 2455 2455 2455 2455 2506 2506 2506 2506 2506 2506 2506 2506 2506 2506 2462 2462 707 1502 1502 2462 2455 2455 2455 2455 2455 2455 2455 2491 2455 2455 2455 2455 2505 2462 2505 2505 2505 2455 2455 2455
2449 2451 2451 2451 2451 2451 2451 2451 2451 2469 2469 2469 2469 2116 2116 2116 2116 2454 2493 2493 2493 2454 2454 2454 2454 2454 2493 2493 2493 2493 2487 2454 2487 2487 2487 2487 2454 2454 2454 2454 2454 2455 2455 2455 2455 2455 2455 2455 2506 2506 2506 2506 2506 2506 2506 2506 2506 2506 2506 2455 2455 2462 2462 2462 707 2462 2455 2455 2455 2455 2455 2455 2491 2462 2462 2462 2462 2455 2455 2505 2505 2652 2516 2516
2449 2449 2449 2451 2451 2451 2451 2451 2451 2469 2469 2469 2469 2116 2116 2455 2455 2455 2455 2455 2454 2454 2454 2454 2454 2454 2454 2493 2493 2493 2493 2487 2487 2493 2487 2487 2454 2454 2454 2454 2454 2491 2491 2491 2496 2496 2455 2455 2506 2506 2506 2506 2506 2506 2506 2506 2506 2506 2506 2455 2455 2455 2455 2455 2455 2455 2455 2455 2455 2455 2455 2455 2455 2455 2514 2455 2455 2652 2652 2652 2652 2455 2505 2455
2449 2445 2449 2449 2449 2446 2446 2446 2451 2469 2469 1993 2099 2116 2116 2455 2455 2455 2455 2455 2455 2454 2454 2491 2491 2454 2454 2454 2454 2454 2493 2493 2652 2493 2487 2487 2454 2454 2454 2454 2505 2505 707 2455 2455 2455 2455 2455 2455 2506 2506 2506 2506 2506 2506 2506 2506 2506 2455 2455 2455 2455 2455 2455 2455 2455 2455 2455 2455 2455 2455 2455 2491 2455 2497 2514 2514 2455 2455 2505 275 1502 1502 2505
2449 2449 2449 2449 2449 2446 2446 2089 1993 1993 1993 2099 2446 2116 2116 2116 2116 2455 2455 2455 2455 2455 2454 2454 2454 2454 2454 2454 2454 2454 2454 2496 2454 2454 2454 2652 2487 2496 2454 2454 2503 2455 2505 2516 2516 2516 2505 2455 2455 2455 2506 2506 2506 2506 2506 2455 2455 2455 2455 2455 2455 2455 2455 2455 2455 2455 2455 2455 2455 2455 2455 2455 2491 2455 2497 2497 2514 2514 2505 1502 1502 2514 2505 2505
2448 2448 2089 2089 2089 2448 2448 2089 2446 2099 2099 2099 2099 2116 2116 2116 2455 2455 2455 2455 2455 2455 2455 2455 2455 2455 2455 2455 2454 2454 2420 2420 2454 2454 2652 2652 2487 2487 2454 2454 2503 2503 2455 2455 2455 2455 2455 2455 2455 2455 2455 2455 2455 2455 2455 2455 2455 2455 2455 2455 2455 2455 2455 2455 2455 2455 2455 2455 2455 2455 2420 2420 2491 2455 2514 2514 275 1502 1502 2505 1502 1502 2505 2505
2448 2448 2448 2448 2448 2089 2449 2449 2446 2446 2446 2446 2116 2116 2116 2116 2455 2455 2455 2455 2455 2513 2491 2491 2491 2455 2455 2455 2491 2455 2455 2454 2652 2652 2652 2487 2487 2454 2503 2503 2503 2503 2455 2455 2455 2455 2455 2455 2455 2455 2455 2455 2455 2455 2455 2455 2455 2420 2420 2455 2455 2455 2455 2455 2455 2455 2455 2455 2462 707 1502 1502 2460 2505 2505 2505 2505 2505 2505 2505 2455 2505 2505 2505
2448 2448 1840 1840 2089 2449 2449 2449 2449 2449 2446 2446 2116 2116 2455 1840 1840 2513 2455 1840 1840 1840 2513 2491 2455 2455 2491 2491 2491 2491 2455 2455 2647 2647 2487 2487 2487 2454 2503 2503 2513 2491 2496 2491 2455 2455 2455 2455 2455 2455 2455 2455 2455 2455 2491 2455 2455 2455 2420 2455 2455 2455 2455 2455 2455 2455 2462 2462 2462 2460 2460 2460 2460 2460 2497 2505 2505 2505 2505 2505 2505 2505 2652 2455
2448 2448 1905 1905 2449 1840 2449 2449 2449 2449 2449 2446 2116 2116 1840 1840 1840 2513 2455 1840 1840 1840 2455 2491 2491 2491 2513 2513 2491 2496 2491 2455 2647 2647 2487 2487 2487 2496 2496 2454 2491 2491 2496 2496 2491 2491 2455 2455 2455 2455 2455 2491 2491 2491 2455 2455 2454 2454 2454 2454 2454 2462 2462 2462 2462 2462 2460 2460 2460 2460 2460 2497 2497 2497 2497 2497 2497 2455 2455 2505 2652 2652 2455 2455
2448 2448 1905 2089 2449 2449 1840 2449 2446 2446 2465 2462 2446 2116 2116 1840 2116 2116 2455 1840 2513 2513 1840 2455 2491 2491 2491 2491 2455 2513 2491 2491 2455 2513 2652 2487 2487 2487 2487 2487 2462 2462 2454 2491 2491 2491 2491 2455 2491 2455 2454 2454 2462 2462 2462 2462 2462 2462 2460 2454 2460 2454 2454 2454 2460 2460 2460 2460 2460 2497 2497 2497 2497 2497 2497 2497 2497 2497 2455 2455 2455 2455 2455 2455
2448 2446 2446 2448 2448 2446 2448 2448 2448 2448 2462 2446 2446 2450 2116 2116 2116 2513 2455 1840 2455 2455 1840 1840 1840 1840 2496 2455 2455 2491 2491 2491 2513 2491 2652 2652 2487 2487 2487 2454 2454 2454 2454 2462 2462 2462 2462 2462 2462 2462 2491 2491 2491 2454 2454 2462 2460 2454 2454 2454 2460 2460 2454 2454 2454 2460 2460 2460 2460 2497 2497 2497 2497 2497 2497 2497 2497 2497 2455 2455 2455 2455 2455 2455
2448 2448 2448 2446 2448 2448 2448 2448 2446 2462 2448 2446 2446 2446 2116 2116 2116 1840 2513 2455 2466 1840 2513 2455 2455 2455 1840 2455 2455 2491 2513 2491 2491 2466 2491 2652 2652 2487 2487 2487 2487 2454 2454 2454 2454 2454 2454 2454 2454 2454 2454 2454 2454 2454 2454 2454 2454 2454 2462 2462 2454 2454 2454 2454 2460 2460 2460 2460 2460 2460 2460 2497 2497 2497 2497 2497 2497 2497 2455 2455 2455 2455 2455 2455
2448 2448 2448 2446 2448 2448 2448 2448 2446 2446 2448 2446 2446 2446 2455 2116 2116 2513 2455 2513 2455 2466 2466 2455 2455 2455 1840 2455 2455 1840 2466 2491 2491 2466 2491 2491 2652 2652 2487 2487 2487 2487 2454 2454 2454 2454 2454 2454 2454 2454 2454 2454 2454 2454 2454 2454 2454 2454 2454 2454 2454 2454 2454 2454 2460 2460 2460 2460 2460 2460 2497 2497 2497 2497 2497 2497 2497 2497 2455 2455 2455 2455 2455 2455
2448 2448 2448 2448 2261 2261 2448 2448 2448 2448 2448 2455 2455 2455 2455 1840 1840 2455 2513 2513 1840 2466 2420 2420 2455 2420 2420 2455 2455 1840 2455 1840 2491 2491 2491 2491 2454 2454 2454 2487 2652 2652 2652 2652 2652 2516 2516 2454 2454 2454 2454 2454 2454 2454 2454 2454 2454 2454 2652 2652 2454 2454 2454 2454 2454 2455 2460 2460 2460 2460 2516 2516 2460 2497 2497 2497 2497 2497 2455 2455 2455 2455 2455 2455
2445 2448 2448 2448 2261 2448 2448 2445 2448 2448 2448 2448 2455 2455 2455 1840 1840 1840 2455 1840 1840 1840 1840 2420 2420 2455 2420 2420 2420 1840 2455 2462 2466 2491 2462 2455 2420 2454 2454 2454 2487 2487 2487 2491 2487 2652 2516 746 746 2505 2454 2454 2454 2454 2454 2454 2454 2454 2454 2454 2454 2454 2647 2647 2454 2455 2455 2455 2460 2460 2460 2460 2516 2460 2497 2497 2497 2497 2455 2455 2455 2497 2455 2455
2448 2448 2448 2449 2448 2448 2445 2445 2448 2466 2466 2466 2448 2448 2455 2455 2455 2455 2455 2466 2455 2455 2455 2455 2455 2455 2455 1840 2455 2455 2466 2455 2455 2455 2455 2420 2466 2454 2454 2454 2454 2454 2652 2491 2487 2487 241 2652 241 2652 2652 2454 2454 2454 2454 2454 2454 2454 2454 2454 2454 2454 2647 2647 2454 2454 2455 2455 2455 2455 2455 2460 2460 2460 2497 2497 2497 2455 2455 2652 2652 2497 2497 2455
2447 2449 2447 2447 2448 2445 2445 2448 2448 2466 2464 2455 2455 2455 2455 2455 2466 2455 2455 2455 2455 2455 2455 1840 1840 2455 2516 1840 1840 2455 2455 1840 2420 1840 1840 2420 2466 2496 2491 2491 2466 2652 1482 241 241 2652 2652 2652 2652 2652 2487 2487 2454 2454 2454 2454 2454 2454 2454 2454 2454 2454 2491 2454 2454 2455 2455 2455 2455 2455 2455 2455 2460 2460 2497 2497 2497 2455 2652 2652 2652 2497 2497 2455
2462 2462 2462 2462 2465 2464 2464 2464 2464 2464 2450 2450 2450 2450 2450 2455 2455 2455 2455 2455 2455 2420 2455 2455 2455 1840 2455 2455 2455 2466 2420 1840 2420 2420 2420 2420 2420 2491 2420 2652 2652 2652 2652 2652 2652 241 241 1482 1482 1482 2652 2487 2652 241 241 1482 2652 2652 2454 2454 2454 2454 2454 2491 2454 2455 2455 2455 2455 2455 2455 2455 2460 2460 2516 2516 2460 2497 2497 2652 2497 2497 2455 2455
2197 2197 2197 2462 2464 2464 2464 2462 2450 2450 2449 2449 2449 2449 2450 2420 2420 2420 2420 2420 2420 2420 2420 2420 2455 2455 1840 2455 2420 1840 1840 2420 2420 2420 2420 2420 2420 2420 2420 2496 2652 2652 2652 2652 2652 2652 241 1482 1482 1482 2652 2652 2652 2652 241 1482 2491 1482 270 2454 2454 2454 2420 2420 2491 2491 2454 2455 2455 2455 2455 2455 2460 2460 2460 2516 2497 2497 2497 2497 2497 2455 2455 2455
2469 2464 2462 2464 2420 2420 2420 2469 2469 2462 2450 2450 2450 2450 2420 2462 2420 2420 2462 2420 2420 2420 2420 2420 2420 2420 2420 2420 2420 2420 1840 1840 2420 2420 2420 2420 2420 2420 2420 2496 2652 2420 2652 2514 2652 2652 2652 241 241 2652 2652 2652 2652 2652 2454 2454 2491 2491 1482 1482 270 746 2454 2420 2420 2491 2491 2454 2455 2455 2455 2455 2455 2460 2516 2460 2497 2497 2497 2461 2497 2455 2455 2455
