code/mhm/output/GrosseRoeder3_0p0625/mhm_setup/morph/soil_class.asc
ncols                328
nrows                160
xllcorner            13.46875
yllcorner            51.046875
cellsize             0.001953125
nodata_value         -9999
[rows 76 to 113 of 160, columns 168 to 251 of 328]
2516 2497 2455 1898 1502 1898 1898 1898 1898 2497 2497 2455 2455 2455 2455 2455 2455 2455 2455 2455 2514 2514 2455 2509 2509 2509 2509 2460 2460 2460 2460 2460 2460 2460 2460 2461 2461 2506 2506 2506 2506 2506 2506 2506 2506 2506 2507 2507 2507 2507 2509 2514 2455 2455 2507 2509 2509 2514 2514 2455 2455 2455 2514 2505 2505 2455 2455 2514 2514 2504 2504 2455 2455 2455 2513 2455 2514 2514 2514 2514 2513 2513 2455 2455
2497 2455 2455 1502 1502 1898 1898 1898 1898 1898 1898 2497 2497 2455 2455 2455 2455 462 462 462 1477 1477 1477 2509 2509 2509 2509 2460 2460 2460 2460 2460 2460 2460 2460 2461 2461 2506 2506 2506 2506 2506 2506 2506 2506 2506 2506 2509 2509 2506 2509 2509 2509 2506 2507 2455 2455 2462 2455 2455 2462 2462 2505 2455 2514 2514 2514 2514 2514 2514 2514 2514 2513 2513 2513 2513 2513 2514 2514 2514 2513 2513 2513 2514
2455 2497 2497 2497 1898 1898 1898 1898 1898 1898 1898 1898 2497 2497 2455 462 462 462 462 462 1477 462 462 462 2509 2509 2460 2460 2460 2460 2460 2460 2460 2460 2461 2461 2461 2461 2506 2506 2506 2506 2506 2506 2506 2506 2506 2506 2506 2506 2506 2506 2507 2507 2506 2507 2462 2455 2455 2455 2455 2455 2455 2455 2455 2455 2455 2455 2455 2455 2455 2455 2513 2513 2455 2652 2455 2514 2514 2514 2513 2513 2513 2513
2516 2516 2497 1898 1898 1898 1898 1898 1898 1898 1898 1898 1898 1898 462 462 462 2497 2460 2497 462 1477 2509 2509 2509 2509 2460 2460 2460 2460 2460 2460 2460 2460 2461 2461 2461 2461 2506 2506 2506 2506 2506 2506 2506 2506 2506 2507 2506 2506 2506 2506 2506 2506 2462 2502 2455 2455 2455 2455 2455 2455 2455 2455 2506 2652 2652 2652 2652 2652 2652 2652 2652 2652 2652 2652 2652 2455 2455 2513 2513 2455 2455 2455
2460 2460 2455 1898 1898 1898 1898 1898 1898 1898 1477 1477 1477 1898 1898 2497 2497 2460 2460 2460 2460 2460 2460 2509 2509 2460 2460 2460 2460 2460 2460 2460 2460 2460 2461 2461 2461 2461 2461 2506 2506 2506 2506 2506 2506 2452 2506 2487 2487 2487 2487 2487 2506 2487 2462 2462 2462 2462 2462 2455 2462 2462 2462 2462 2462 2462 2462 2455 2513 2513 2495 2495 2495 2495 2652 2495 2652 2652 2652 2652 2652 2064 2064 2455
2460 2460 1898 1898 1898 1898 1898 1898 1898 1898 1477 1477 1477 1898 1898 2497 2460 2460 2460 2652 2460 2516 2460 2487 2487 2487 2460 2460 2460 2460 2460 2460 2460 2461 2461 2461 2461 2461 2461 2461 2461 2461 2461 2506 2487 2487 2461 2461 2461 2461 2507 2461 2507 2461 2461 2461 2461 2461 2461 2461 2461 2461 2461 2461 2506 2506 2507 2455 2455 2455 2513 2513 2495 2495 1840 1840 2495 2495 2495 2652 2495 2495 2495 2495
2461 2460 1898 1898 1898 1898 1898 1898 1898 1898 1898 1477 1477 1898 2497 2460 2460 2460 2497 2652 2460 2460 2487 2631 2631 2631 2487 2487 2460 2487 2487 2460 2460 2461 2461 2461 2461 2461 2487 2461 2487 2487 2631 2631 2631 2461 2461 2461 2461 2461 2064 2064 2064 2495 2495 2460 2460 2495 2495 2461 2421 2421 2461 2461 2470 2470 2638 2064 2631 2631 2631 2421 2421 2421 2495 1840 1840 1840 2495 2064 2495 2495 2495 2495
2641 2641 2470 2497 1898 1898 1898 1898 1898 1898 1477 1477 2470 2470 2421 2497 2421 2460 2652 2652 2421 2460 2460 2460 2632 2632 2631 2631 2496 2487 2631 2631 2631 2631 2631 2487 2487 2631 2631 2631 2631 2631 2631 2631 2631 2470 2470 2470 2421 2631 2631 2631 2495 2631 2496 2496 2496 2496 2496 2487 2487 2461 2496 2487 2487 2631 2638 2638 2631 2631 1840 1840 2421 2421 2495 2638 2421 2421 2421 2421 2638 2638 2495 2495
2638 2418 2641 2497 1898 1898 1898 1898 1898 1898 2470 2497 2497 2497 2418 2421 2497 2421 2497 2652 2652 2487 2460 2460 2460 2460 2631 2631 2496 2421 2631 2487 2487 2487 2421 2487 2631 2631 2631 2631 2487 2487 2487 2487 2487 2631 2631 2631 2631 2647 2647 2631 2631 2631 2495 2638 2421 2495 2495 2631 2631 2631 2487 2631 2496 2487 2496 2496 2631 2631 2457 2457 1840 1840 2495 2495 2495 2457 2457 2638 2638 2495 2638 2495
2638 2418 1898 2497 2497 2497 1898 1898 2497 2497 2418 2639 2639 2421 2421 2418 2421 2652 2652 2652 2487 2496 2631 2638 2638 2638 2638 2496 2421 2421 2495 2495 2495 2421 2631 2631 2421 2631 2631 2487 2487 2487 2487 2631 2647 2631 2631 2421 2421 2421 2647 2647 2633 2652 2495 2638 2638 2495 2495 2631 2495 2495 2495 2495 2495 2495 1840 2495 2495 2457 2631 2631 2631 2457 2457 2495 2626 2495 2457 2633 2495 2638 2495 2495
2641 2641 2641 1898 1898 2497 2497 2497 2421 2497 2497 2418 2642 2642 2652 2652 2652 2652 2652 2652 2487 2631 2496 2496 2638 2638 2496 2496 2631 2421 2495 2495 2495 2631 2631 2632 2632 2632 2460 2631 2460 2460 2460 2421 2631 2631 2114 2652 2652 2631 2631 2652 2114 2652 2652 2631 2495 2114 2114 2495 2495 2638 2638 2475 2495 1840 1840 2495 2487 2641 2631 2457 2631 2631 2631 2631 2027 2626 1840 2495 1840 1840 1840 2638
2641 2418 2497 2418 2418 2418 2652 2418 2418 2418 2421 2421 2418 2421 2418 2487 2652 2487 2487 2652 2652 2496 2473 2496 2496 2473 2473 2496 2496 2421 2421 2496 2496 2496 2496 2631 2460 2460 2114 2421 2421 2421 2421 2421 2114 2460 2460 2631 2475 2475 2461 2631 2631 2652 2652 2652 2652 2631 2495 2114 2495 2495 2495 2495 2475 1840 1840 2495 2495 2641 1840 2631 2089 2495 2631 2027 1840 1840 1840 1840 1840 2427 2427 2427
1840 2641 2497 2497 2652 2652 2421 2421 1840 2652 2652 2652 2421 2487 2487 2487 2652 2652 2652 2652 2487 2652 2652 2473 2473 2496 2496 2633 2633 2495 2495 2495 2631 2631 2114 2114 2421 2421 2114 2114 2114 2114 2461 2631 2631 2461 2461 2461 2631 2461 2457 2457 1840 2461 1840 2475 2495 2495 2114 2114 2473 2631 2631 2114 2421 2421 2495 2418 1840 2487 1840 2487 2089 2089 2089 2427 2427 2089 2427 2089 1840 1840 1840 2027
1840 1840 1840 1840 2421 2421 2421 2421 1840 2652 2487 2652 2652 2652 2652 2421 2421 2421 2652 2652 2652 2652 2647 2487 2487 2487 2652 2460 2460 2460 2460 2460 2632 2421 2421 2114 2421 2421 2421 1502 1502 2421 2421 2475 2114 2114 2114 2114 2460 2460 2460 2457 1840 2475 2475 2475 2631 2631 2114 2421 1840 2631 2418 2418 2475 2495 2418 2418 2418 2487 2626 2089 2089 2625 2625 2027 2427 2427 2427 2427 2427 2027 2027 1905
2457 2457 1840 1840 2652 2652 2652 2421 2652 2487 2652 2652 2652 2652 2652 2652 2652 2421 2421 2652 2652 2652 2652 2421 2647 2647 2647 2421 2495 2495 2496 2496 2496 2631 2114 2631 2631 2496 2496 2631 2114 2421 2495 2495 2461 2475 2461 1840 2631 2114 2495 2495 2475 2495 2495 2475 2631 2631 2421 2421 2473 1840 1840 1840 2475 2495 2495 1840 1840 2487 2487 2625 2027 2626 2027 2027 2027 2427 2427 2027 2027 1905 1905 1905
2064 2486 2064 1840 1840 2652 2652 2064 2064 2064 2461 2652 2652 2652 2652 2652 2652 2652 2652 2652 2652 2652 2652 2652 2652 2631 2421 2631 2495 2495 2421 2421 2421 2631 2114 2496 2496 2496 2496 2496 2496 2114 2114 2461 2461 2461 1840 1840 2631 2631 2114 2631 2475 2631 2495 2495 2495 2631 2421 2418 2495 2495 2473 2473 2473 1840 1840 1840 2487 2626 2625 2626 2625 2027 2626 2621 2621 2621 2027 2621 2043 2089 2043 2043
1840 2633 2633 2064 2064 2064 2064 2064 2064 2064 2460 2461 2652 2652 2652 2652 2652 2652 2652 2652 2652 2652 2652 2652 2652 2631 2647 2631 2495 2421 2421 2421 2496 2496 2114 2496 2633 2496 2496 2495 2631 2631 1517 2461 1840 1840 1840 2626 2626 2631 2495 2631 2495 2475 2638 2496 2496 2089 2495 2421 2473 2461 2421 2496 2495 2495 2641 1840 2626 2625 2625 2625 2625 2626 2625 2621 2089 2621 2621 2043 2043 2089 2043 1905
1840 1840 1840 2633 1840 2064 1840 2486 2064 2064 2652 2652 2652 2652 2652 2652 2647 2652 2652 2652 2652 2496 2652 2652 2652 2631 2647 2631 2638 2497 2497 2497 2496 2496 1905 2633 2496 2633 2633 2495 2495 2114 2114 2114 2457 2457 2457 2631 2457 2626 2495 2631 2114 2631 2638 2496 2027 2089 2473 2421 2473 2473 2496 2496 2496 2496 2641 2487 2443 2443 2625 2625 2625 2625 2621 2621 2089 2089 2027 2027 2487 2027 2027 2043
1840 2635 2635 2635 1840 2064 1840 2486 2486 2064 2064 2460 2069 2069 2652 2631 2647 2647 2647 2647 2421 2421 2631 2652 2652 2421 2421 2421 2652 2632 2496 2496 2631 2421 2495 2495 1905 2496 2633 2633 2496 2496 2495 2114 2114 2064 2064 2457 2626 2626 2495 2495 2631 2626 2443 2417 2027 2027 2473 2418 2418 2418 2473 2473 2496 2631 2631 2631 2487 2043 2443 2443 2427 2427 2621 2089 2089 2089 2487 2027 2443 2043 2043 2443
1840 2474 1840 1840 1840 1840 1840 1840 2486 2064 2064 2460 2633 2069 2652 2631 2647 2421 2647 2418 2418 2631 2631 2631 2631 2421 2631 2495 2632 1898 1898 2421 2633 2633 2633 2495 2495 1905 2495 2495 2633 2496 2495 2633 2421 2461 2461 2064 2457 2457 2626 2626 2417 2626 2443 2443 2496 2027 2027 2089 2089 2089 2473 2496 2495 2495 2631 2487 2626 2627 2043 2043 2624 2624 2427 2624 2043 2487 2043 2043 2443 2443 2443 1905
1840 2474 2474 2474 2064 2064 2064 1840 1840 2064 2064 2647 2652 2631 2647 2631 2631 2631 2495 2647 2647 2652 2631 2631 2495 2495 2495 1840 2497 2421 2421 2421 2631 2633 2495 2495 2495 2626 1905 2626 2626 2495 2495 2495 2421 2638 2638 2089 2427 2027 2027 2625 2625 2417 2427 2487 2443 2496 2027 2027 2625 2027 2427 2027 2027 2418 2418 2487 2089 2043 2089 2089 2089 2624 2624 2487 2043 2487 2043 2443 2443 2443 2099 2099
2652 2418 2064 1840 2418 2418 2635 2418 1840 2064 2652 2647 2652 2652 2633 2633 2633 2631 2495 2418 2418 2647 2631 2631 2495 1840 1840 1840 2497 2638 2089 2089 1905 1905 1905 2626 2626 2626 2626 1905 1905 2626 2633 2633 2421 2625 2625 2089 2089 2427 2027 2625 2417 2417 2417 2487 2027 2027 2027 2625 2625 2427 2427 2027 2626 2415 2418 2082 2089 2089 2043 2043 2624 2043 2043 2099 2099 2487 2443 2443 2443 2487 2487 2082
2497 2418 2638 1840 1840 1840 1840 2064 1840 1840 2652 2647 2064 2647 2647 2495 2495 2652 2421 2495 2418 2418 2647 2647 2647 2631 2064 2631 2064 2099 2099 2099 1905 2427 1905 2427 2626 2626 2027 2027 2625 2625 2625 2633 2633 2633 2633 2427 2427 2089 2027 2625 2427 2427 2417 2487 2648 2027 2027 2625 2625 2625 2427 2427 2027 2415 2027 1516 2089 2089 2043 2043 2043 1905 2487 2487 2487 2443 2443 2443 2089 2027 2099 2099
2421 2418 2638 2418 2418 1840 2064 2064 2064 2652 2652 2064 241 1526 2064 2064 2631 2631 1840 1840 2495 2647 2652 2652 2064 2421 2652 2421 2631 2064 2099 2099 2099 2027 2027 2027 2027 2027 2027 2027 2027 2648 2648 1840 2427 2633 2427 2427 2417 2417 2027 2027 2625 2427 2099 2648 2648 2027 2620 2027 2089 2027 2027 2415 2415 2415 2027 2082 2082 2043 2043 1905 2043 1905 2082 2082 2027 2089 2621 2621 2621 2621 2099 2621
2652 2652 2418 1840 1840 2064 2473 2473 1840 1840 2418 2418 2418 2114 2114 2064 2064 1840 2064 2064 2064 2064 2652 2652 2647 2421 2495 2495 2495 2631 2064 2487 2487 2487 2099 2099 2487 2027 2027 2027 2487 2648 2027 2427 1840 1840 2427 2427 2427 2417 2417 2089 2487 2027 2043 2648 2487 2620 2620 2620 2089 2620 2089 2027 2415 2027 2027 2487 2099 2082 2082 2487 2487 2082 1905 1905 2027 2027 2099 2099 2099 2099 1905 2621
2421 2652 2418 1840 2064 2473 2473 1840 1840 1840 2473 2418 2114 2635 2631 1840 2064 2635 2631 2631 2495 2633 2495 2495 2652 2647 2495 2427 1905 1905 2064 2064 2082 2089 2089 2027 2027 2027 2099 2099 2099 2427 2427 2427 2427 2427 2027 2427 2427 2427 2417 2417 2089 2487 2487 2443 2443 2620 2620 2082 2082 2620 2620 2027 2027 2027 2027 2027 2487 2487 2487 2487 1905 2043 2043 2043 2043 2099 2027 2027 2027 2027 2027 1905
2418 2064 2064 2064 2418 2647 2473 1840 2495 2495 1840 1840 2114 2631 1840 2635 2635 2635 2631 1840 2495 2633 2495 2495 2647 2647 2495 1905 2427 2495 2631 1840 1840 2089 1840 2027 2027 2027 2099 2099 2099 2027 2443 2443 2089 2443 2027 2415 2427 2417 2417 2417 2027 2443 2487 2648 2443 2089 2620 2620 2089 2089 2089 2043 2043 2043 2043 2043 2043 2043 2082 2082 2082 2043 1905 2043 2027 2027 2027 2027 2099 2099 2099 2099
2473 2473 2473 2421 2421 2064 1840 1840 1840 2635 1840 2473 2473 1840 1840 2496 2635 2635 2496 1840 2474 2641 2641 2641 2114 2495 1905 2427 2626 2628 2631 2633 1840 2064 1840 2099 2099 1840 2278 2278 1905 1905 2082 2027 2027 2027 2027 2443 2415 2415 2415 2027 2443 2443 2443 2487 2443 2443 2082 2620 2620 2027 2620 2620 2043 2027 2027 2043 2027 2027 2487 1905 2027 2043 2043 2027 1905 2027 2027 2027 2099 2027 2099 2027
2418 2496 2418 2421 2647 2064 2647 1840 1840 1840 2114 2635 2641 1840 2635 2635 2496 2496 1840 2474 2474 1840 2495 2631 2114 2495 1905 2628 2626 2628 2495 2495 2495 2495 1840 1840 1840 2495 2495 1840 2278 1840 1840 2082 2082 2027 2027 2089 2625 2027 2415 2415 2027 2415 2415 2648 2487 2443 1905 2082 2043 2027 2620 2027 2043 2043 2043 2043 2043 2089 2099 1905 2027 2027 2027 1905 1905 2027 2027 2027 2027 2089 2027 2027
2418 2652 2496 2652 2647 2647 2652 2635 2635 2635 1840 1840 2635 2635 1840 2496 2496 1840 1840 2474 1840 2633 2633 2631 2631 2495 2427 2427 2628 2628 2457 2457 2633 2457 2457 2457 2457 1840 1840 1840 2496 2496 1840 2082 2082 2089 2027 2027 2625 2625 2027 2415 1905 1905 1905 1905 2620 2648 2443 2082 2043 2043 2043 2027 2027 2027 2027 2043 2089 2089 2487 2099 2099 1905 1905 2089 2043 2099 2043 2043 2043 2089 2043 2089
2418 2421 2421 2652 2652 2652 2652 1840 1840 1840 2635 1840 1840 1840 2496 2635 2474 2457 2474 1840 1840 2495 2631 2631 2641 2495 1905 1905 2418 2628 2427 2457 2427 1840 1840 1840 2457 2496 2496 2496 2496 2496 2278 1840 2089 2099 2082 2082 2089 2027 2415 2415 2415 2415 2415 2027 2027 2089 2648 2620 1905 2089 2027 2027 2027 2043 2027 2418 2082 2082 2082 2027 2027 2099 2089 2043 2043 2043 2027 2027 2027 2443 2443 2487
2652 2652 2652 2638 2652 275 2652 1840 2635 2635 1840 2635 2635 2635 2496 1840 1840 2474 2114 2495 2495 2114 2631 1840 2457 2641 2641 2418 2418 1840 2628 2427 2628 1840 1840 2637 2637 2637 2637 2647 2637 2637 1840 2637 2278 2496 2082 2082 2082 2027 2415 2027 2027 2027 2027 2089 2620 2089 2027 2648 2027 2620 2620 2027 2027 2027 2043 2418 2043 2082 2624 2487 2487 2027 2027 2089 2082 2082 1905 2082 2443 2648 2099 2487
2652 2652 2652 2638 2652 2114 2652 2473 2473 1840 2635 1840 2635 2635 1840 1840 2460 2631 2460 2631 2631 2114 1840 1840 2633 1840 1840 2641 2418 2418 1840 2641 1840 2636 2652 2652 2633 1840 2647 2647 2641 2457 2457 2496 2278 2496 2496 2099 2623 2623 2415 2415 2415 2415 2415 1898 2089 2043 2043 2620 2620 2027 1516 2089 2027 2027 2027 2043 2043 2082 2624 2624 2624 2643 2487 2487 2487 2487 2443 2648 2648 2099 2099 2089
2652 2652 2652 2638 2486 2652 2114 2652 2421 1840 1840 1840 2496 2473 2473 2421 2421 2114 2486 2460 2460 2114 2633 2633 2495 2631 2631 2631 2631 2641 2641 1840 2652 2641 2652 1840 2633 1840 1840 1840 2641 2457 1840 2457 2496 2496 2278 2089 2623 2089 2623 2427 2415 2628 1898 2628 2628 2043 2027 2027 2027 2027 2082 2623 2623 2623 2089 2089 2624 2624 2624 2624 2643 2089 2089 2643 2643 2089 2390 2027 2027 2027 2027 2390
2652 2652 2652 2652 2486 2114 2114 1840 1840 1840 1840 2457 2457 2473 2473 2114 2486 2486 1840 1840 1840 2631 2114 2631 2641 2461 2461 2421 2421 1840 1840 2641 2641 2457 1840 2457 1840 2495 2633 2473 2637 2457 2457 2457 2496 2641 2496 2496 2427 2496 2278 2427 2089 2443 2628 1898 2043 2043 2043 2027 2099 2082 2390 2390 2623 2623 2623 2043 2043 2643 2643 2643 2089 2643 2643 2643 2643 2089 1905 2390 1905 2099 2027 2027
2652 2652 2647 2652 2486 2114 2473 2473 2420 2420 2420 1840 2420 2420 2114 2486 2486 1840 2457 2457 2457 2457 2114 2652 2421 2421 2421 1840 2461 2421 2421 1840 1840 1840 2641 2457 2641 2641 2473 2496 2496 2637 2637 2457 2641 2496 2496 2496 2496 2648 2496 2443 2443 2443 2043 2043 2043 2099 1905 2648 2648 2648 1898 2390 2623 2623 2043 2043 2043 2043 2643 2643 2624 2624 2624 2643 2624 2089 2027 2027 2027 1905 2099 2027
2652 2652 2114 2486 2114 2114 2460 2460 2460 2460 2114 2114 2114 2486 2486 2486 1840 1840 2457 1840 2457 2495 1840 1840 2641 2421 2461 2421 2461 2421 1840 2473 1840 1840 1840 2641 2495 2495 2496 2496 2496 2457 2496 2457 2496 2648 2064 2496 2648 2648 2496 2443 2496 2496 2099 2099 2099 2064 2443 2099 2648 2648 2648 2390 2621 2621 2643 2421 2643 2043 2043 2624 2043 2043 2624 2043 2624 2624 2089 1905 1905 2099 2099 2027
2647 2647 2418 2418 2421 2632 2632 2632 2632 2631 2114 2418 2421 2486 1840 1840 1840 1840 1840 1840 1840 2495 2114 1840 1840 2641 2473 2461 1840 1840 1840 2473 2473 2473 1840 2418 2418 2641 2457 2496 2648 2648 2648 2064 2064 2064 2648 2064 2648 2648 2648 2648 2648 2443 2278 2027 2621 2621 2099 2099 2064 2648 2621 2635 2635 2643 2421 2643 2043 2043 2624 2624 2043 2043 2043 2624 2043 2624 2390 1905 2099 2043 2043 2043
