code/mhm/output/GrosseRoeder3_0p0625/mhm_setup/morph/soil_class.asc
ncols                328
nrows                160
xllcorner            13.46875
yllcorner            51.046875
cellsize             0.001953125
nodata_value         -9999
[rows 38 to 75 of 160, columns 0 to 83 of 328]
2449 2450 2450 2469 2464 2464 2464 2464 2420 2420 2464 2464 2465 2465 2465 2465 2469 2469 2465 2465 1993 1993 2469 2469 1534 1534 1534 1534 1534 646 646 646 148 148 148 148 148 148 1534 148 148 148 2469 2453 2453 2453 2462 2462 2465 2465 2462 2462 2462 2465 2462 2462 2462 2462 2462 241 241 2462 2462 2462 2462 2462 2462 2462 2462 2462 2462 2462 2462 2454 2454 2454 2487 2487 2487 2487 2487 2487 241 2456
2449 2449 2450 2469 2420 2420 2450 2450 2420 2420 2464 2420 2469 2465 2450 2453 2453 2469 2469 2465 2465 2465 2469 2469 1534 1534 1534 1534 1534 1534 646 646 148 148 148 2469 2469 1840 1840 1840 148 2469 2469 2453 2453 2453 2450 2462 2465 2465 2450 2450 2453 2453 2453 2465 2465 2453 2453 2453 2453 2465 2465 2465 2462 2462 2462 2462 2462 2462 2462 2454 2454 2454 2454 2450 2454 2197 2197 2456 2197 2487 2487 2456
2450 2450 2450 2450 2469 2469 2450 2450 2450 2450 2450 2469 2469 2469 2450 2450 2450 2453 2453 2465 1993 2465 2469 1534 1534 2469 2469 1534 1534 1534 646 646 148 148 2469 2469 2469 1840 1840 1840 2469 2469 2453 2453 2453 2450 2450 2462 2465 2465 2465 1840 1840 2450 2453 2453 2453 2453 2453 2453 2453 2453 2453 2465 2462 2453 2465 2465 2462 2462 2462 2454 2450 2450 2450 2450 2450 2456 2456 2197 2197 2197 2197 2197
2465 2450 2450 2450 2450 2450 2450 2450 2450 2464 2450 2450 2469 2469 2450 2450 2469 2469 2469 2465 1993 646 1534 2469 2469 2453 2453 1534 1534 2462 2462 646 646 2469 2469 2469 2469 2469 2453 2453 2469 2469 2450 2450 2450 1534 1534 2099 2099 2099 2465 2445 2465 2450 2450 2450 2450 2450 2450 2453 2453 2453 2465 2462 2469 2469 2453 2453 2462 2462 2462 2462 2462 2462 2454 2454 2456 2456 2456 2197 2197 2197 2487 2487
2450 2450 2450 2450 2450 2451 2451 2450 2450 2450 2450 2450 2450 2450 2465 2450 2469 2469 2469 2465 1993 646 2469 2469 2469 2469 2469 1534 1534 1534 2462 2462 1905 2462 2462 2469 2469 2469 2469 2453 2453 2450 2450 2453 2453 1534 1534 2099 2099 2099 2099 2099 2099 2099 2445 2445 2453 2453 2469 2469 2453 2453 2465 2465 2454 2454 2465 2453 2453 2462 2469 2469 2469 2464 2462 2462 2462 2462 2462 2462 2197 2197 2197 2487
2469 2450 2450 2450 2450 2469 2469 2451 2453 2453 2453 2450 2465 2465 2469 2469 2469 2469 2465 1993 2465 2465 2465 2446 2469 2469 2469 1534 1534 1534 1534 2462 1905 1905 1918 1905 2453 2453 2469 2453 2453 2450 2453 2453 2453 2462 1534 2099 2099 2099 2445 2445 2445 2099 2099 1840 2453 2453 2469 2469 2469 2469 2465 2465 2465 2454 2454 2469 2469 2197 2197 2197 2469 2469 2464 2462 2464 2453 2464 2462 2454 2197 2197 2197
2469 2469 2450 2450 2469 2469 2469 2451 2453 2453 2453 2451 2451 2465 2469 2469 2469 1993 2465 2450 2450 2450 2450 2446 2446 2446 2469 1534 1534 1534 1534 1905 1918 1918 2453 2453 2453 2469 2469 2469 2453 2450 2453 2453 2453 2453 1905 1905 2099 1905 2099 2099 2099 2453 2099 2099 1840 1840 1840 1840 2450 2469 2469 2469 2469 2469 2469 2469 2469 2469 2469 2464 2464 2462 2464 2462 2464 2453 2453 2453 2462 2454 2454 2454
2469 2469 2469 2469 2469 2469 2469 2465 2451 2451 2451 2451 2099 2099 2469 2469 2465 1993 2450 2450 2450 2450 2446 2469 2469 2469 2446 2450 2450 2450 2462 1918 1918 1918 1918 2455 2453 2453 2469 2469 2453 2450 2453 2453 2450 2453 1905 1905 2099 2453 2099 2099 2453 2453 2453 2453 2453 2453 2453 2450 2450 2450 2469 2469 2469 2469 2469 2469 2469 2464 2464 2462 2464 2469 2464 2462 2453 2453 2469 2469 2469 2462 2454 2454
2469 2469 1840 2469 2469 2469 2469 2451 2451 2451 2451 2451 1905 1905 1993 1993 2464 2464 2450 2446 2450 2450 2450 2446 2446 2446 2450 2450 2450 2450 1534 2462 2462 1534 2453 2453 2453 2453 2469 2469 2450 2450 2453 2450 2450 2453 2453 1905 1905 1905 2453 2453 2453 2457 2453 2453 2450 2450 2450 2450 462 462 462 462 2420 2420 2420 2469 2469 2462 2464 2469 2469 2464 2462 2464 2469 2469 2453 1840 2453 2465 2462 2454
2469 2451 2451 2469 2469 2469 2451 2451 2451 2451 2451 1905 1993 2099 2099 2099 2099 2464 2464 2450 2446 2450 2450 2450 2450 2450 2450 2450 2197 2450 1534 1534 1993 646 1534 1534 1534 2469 2453 2453 2469 2469 2099 2099 2453 2453 2453 2453 2453 2099 1905 2462 2453 2453 2450 2450 2450 2450 2450 2450 719 719 2420 2420 2464 2464 2464 2464 1840 1840 2469 2469 2464 2464 2462 2469 2450 2450 2469 2453 1840 2453 2465 2454
1840 2451 2451 2451 2451 2451 2451 2451 2451 2451 2451 1993 2099 2450 2450 2450 2099 2450 2450 2464 2450 2450 2450 2450 2450 2099 2450 2450 2197 2446 2446 2446 2446 2469 2089 2099 2469 2469 2469 2469 2451 2451 2469 2099 2453 2453 2453 2453 2453 2453 2099 2453 1905 2462 1905 1905 1905 1905 1905 1840 1840 2450 2420 2420 2420 2099 2453 2453 2469 2469 2464 2462 2462 2462 2462 2464 2469 2453 2469 2469 2453 2453 2453 2465
1905 2451 2089 2089 2089 2089 2451 2451 2451 2451 1993 1993 646 719 719 2099 2099 2099 2099 2464 2464 2450 2450 2450 2099 2099 2099 2099 2450 2450 2446 2446 2469 2469 1993 2099 2089 2089 2197 2469 2197 2451 2451 2099 2099 2089 2089 2082 2082 2453 2453 2450 2450 1905 1905 2450 2446 2462 2446 2450 2450 2450 2450 2453 2099 2453 2453 2453 2464 2450 2450 2453 2464 2453 2464 2464 2464 2453 2469 2469 2469 2469 2453 2465
2447 2089 2089 2089 2089 2451 2451 2451 2451 1905 2451 2451 2451 2451 719 719 2099 2099 2099 2464 2099 2099 2099 2099 2099 2450 2450 2450 1840 2450 2446 2446 2469 2469 2469 2469 1993 2099 2099 2197 2197 2099 2099 2089 2089 2089 2089 2082 2082 2082 2453 2446 2450 2450 2450 1840 1840 2446 2446 1840 2446 2450 2450 2450 2450 2453 2453 2453 2453 2453 2453 2453 2453 2450 2453 2453 2453 2453 2453 2453 2469 2469 2453 2465
1840 2447 2447 2089 2089 2099 2099 2099 1905 2451 2451 2451 2451 2451 2082 2099 2099 2099 2099 2099 2099 1517 2099 2099 2099 2099 2099 2450 2450 2450 2450 2450 2469 2469 2469 2469 1993 2099 2099 2099 2099 2099 2099 2089 2089 2089 2082 2082 2446 2446 2446 2450 2450 2450 2450 1840 1840 1840 1840 1840 1840 1905 1905 2450 2450 2450 2450 2453 2453 2453 2453 2453 2453 2453 2450 2450 1517 2450 2450 2453 2453 2453 2453 1840
1840 1840 1840 2447 2089 2089 1905 1993 1993 1905 2082 2082 2082 2082 2082 2082 2099 2099 2099 719 719 2099 2099 2099 2099 2099 2450 2450 2450 2450 2450 2450 2469 2469 2469 2469 1993 1905 2099 2099 2099 1905 2089 2089 2089 2082 2082 2082 2650 2446 2446 2446 2446 1905 1905 1905 1905 1905 1905 1840 1840 1840 1517 1517 1905 1905 1905 2450 1840 1840 2450 2450 2450 2449 2449 719 719 2451 2450 2450 2453 2453 2453 2469
2449 2449 2449 2449 2449 2449 2449 2449 2449 1993 2082 2082 2082 2082 2082 2089 2089 2089 2089 719 719 719 2099 2099 2099 2099 2099 2099 1905 2450 2450 2450 2469 2469 2469 2469 1905 2469 2469 1993 1993 1993 2197 2089 2650 2089 2082 2082 2082 2446 1905 2462 1905 2082 2082 2082 2082 1905 1905 2462 646 646 646 1517 2099 2099 2446 2450 1840 1840 1840 1840 2449 2449 2449 719 719 2451 2451 2451 2469 2450 2469 2469
2449 2449 1905 2449 2449 2449 2449 2449 2449 1993 2082 2082 2082 2082 2082 2089 2089 2082 2082 719 719 719 719 2082 2082 2082 1517 2197 1905 2469 2469 2469 2469 2469 2469 2469 2469 2469 2469 1993 646 646 1905 1993 2089 2089 2650 2082 2082 2082 1905 1905 1905 2082 2082 2082 2082 2082 2082 1905 719 646 646 646 1905 1905 2099 1840 2446 1840 1840 1840 1840 2449 2449 719 719 1840 1840 2451 2451 2450 2450 2450
2449 2449 2449 2449 2449 2449 2449 1905 2449 1905 1905 2027 2027 2027 2027 2089 2082 2082 2082 716 719 1993 1993 1905 1905 1905 2445 2082 1517 2082 2082 2082 2082 2469 2469 2469 2469 2469 1905 1905 646 1534 1905 1993 2089 2445 2445 2445 2445 2445 1905 2462 1905 1905 2082 2082 2082 2082 2082 1840 1905 1905 1905 646 1905 1905 2099 1840 1840 2446 2446 1840 2446 2446 2449 1905 719 2451 2451 2451 2451 2453 2453 2450
2449 2449 2449 2449 2449 2449 2449 2449 2449 1993 2027 2027 2027 2027 1905 2027 2027 2027 2082 716 716 719 2089 2089 2082 2445 2445 1993 719 2082 2082 2082 2082 2082 2082 1905 1905 1905 1905 1905 646 1517 1905 1993 646 2445 2082 2082 2082 1905 2467 2467 2462 1905 2082 2082 719 719 719 2082 2082 2082 2082 1905 646 1905 2099 1840 1840 1840 2446 2449 1840 1840 2449 2446 2446 2449 2449 2449 2449 2449 2451 2453
2449 2449 2449 2449 2449 1513 1513 1513 1993 2027 2027 2027 2027 2027 2027 2027 2027 2027 2089 2089 2089 2082 2082 719 716 2082 2082 2082 2082 1905 1993 1993 1993 1905 1905 1905 1993 1905 2082 2082 2082 2082 1517 1517 646 1905 1905 2467 2467 1905 2445 2445 1905 2082 2082 2082 2082 2082 2446 2446 2082 2082 2082 2082 1905 646 646 1517 1905 1840 1840 2446 2449 1840 1840 2449 2449 2449 2449 2449 2449 2449 2449 2449
2087 2087 2449 2087 2087 2087 1513 2027 2027 2027 2027 2027 2027 1905 2027 2027 2650 2650 2445 2027 2082 1905 1905 2445 716 716 1993 2445 2445 2082 2082 2082 2082 2082 1993 1905 2082 1905 2082 2082 2082 2082 2082 2082 1905 2467 1905 1905 2445 2082 2082 2082 2082 2082 2445 2082 2082 2082 2446 2446 2446 2082 2082 2082 2082 2082 2082 1905 646 1905 1840 2449 2449 2449 2449 2445 2449 2449 2449 2449 2449 2449 2449 2449
2087 2087 2087 2087 2087 1905 2087 2027 2027 2027 2027 2027 1905 1905 1905 1993 1993 1993 1993 2445 2082 2082 1905 1993 1993 721 1905 1905 1905 1993 1905 1993 1905 1993 1905 721 2082 2082 2082 2082 2082 2082 2082 2082 2082 1905 1905 2445 1905 1905 2082 2082 2082 2082 2082 2082 2082 2082 2082 2446 2446 2446 2449 2449 2449 2082 2082 2082 1905 1517 1905 2462 2462 2448 2462 2465 2465 2465 2465 2417 2445 2445 2445 2449
2087 2087 2087 2087 2087 1905 2087 2087 2027 2027 1513 2087 2087 2087 2087 2087 2087 2087 2087 1905 1905 1993 1905 1905 1905 2087 1905 1905 2087 2445 2087 2087 2087 1993 1905 2082 2082 2082 2082 2445 2445 2445 2082 2082 2082 1905 1905 719 1517 1517 2082 2082 2082 2082 2082 2446 2446 2082 2449 2449 2449 2449 2449 2449 2449 2449 2082 2082 2082 1905 1905 1905 2462 2448 2445 2445 2448 2448 2448 2448 2417 2417 2449 2449
2087 2087 2087 1905 2087 2087 2087 2087 2083 1513 2083 2087 2087 1905 1905 1905 2087 1905 1905 2087 2087 1905 1905 2087 2087 2087 2087 2087 2650 2650 2650 2650 2087 1993 1905 2445 2445 2445 2082 2082 2082 2082 2082 2082 2082 1905 2082 2082 2082 1905 2082 2082 2082 2082 2082 2082 2082 2082 2446 2449 2449 2449 2449 2449 2449 2449 2449 1905 1905 1905 646 2453 2453 1905 1905 2448 2448 2448 2448 2448 2448 2448 2417 2449
2087 2087 2087 2087 2087 2087 2087 1905 2083 719 2083 2083 1905 2087 2087 1905 1905 2087 2087 1905 1905 1905 2087 2087 2087 2087 2087 2087 2087 2087 2087 2087 2087 2445 1993 1905 2082 2082 2445 2082 2082 2082 2082 2082 1905 1905 2082 2082 2082 2082 2082 2082 2082 2082 2082 2082 2449 2449 2449 2449 2449 1905 2449 2449 2449 2449 2445 2445 2082 1905 646 2453 2453 1905 1905 2448 2448 1905 2448 2445 2448 2448 2448 2448
2087 2087 1905 2087 2087 2087 2116 2087 2083 2083 2083 2083 2083 2087 2087 2087 2087 2087 1905 2087 2087 2087 1905 2087 1905 2087 2087 2087 2087 2087 2087 1905 2087 2445 1517 1517 721 2082 2082 1517 2082 2082 2082 2082 1905 1905 2082 2082 2082 2082 2082 2082 2082 1905 2082 2082 2082 2449 2449 2449 2446 2449 2450 1905 1905 2449 2449 2449 2449 2082 1905 646 646 1905 1905 1905 2448 2448 1905 2448 2448 2448 2448 2448
2087 2087 1905 1905 1993 1993 1993 1513 721 2083 2083 2083 2083 2083 2087 2087 2087 1905 1905 2087 1905 1905 2089 2089 2089 2027 2027 2027 2027 2089 2089 721 721 1993 721 1993 1993 1993 1905 1905 1517 2082 2082 2082 2082 2082 2082 2082 2082 2082 2082 1905 1993 1905 1905 2089 2082 2082 2449 2449 2449 2449 2450 2450 1905 2446 2449 2445 2445 2082 2082 2082 2462 2445 2449 1905 1905 1905 2445 2448 2448 2448 2445 2448
1905 1905 1993 1905 2083 2083 2083 2083 2083 2083 2087 2087 2087 2089 2089 2089 2089 1905 2027 2650 2027 2027 2027 2027 2027 2089 2027 1905 1905 2027 2027 2027 2027 2027 2027 2027 1993 1905 1905 721 1517 2082 2082 2082 1905 2082 2082 2082 2082 1905 1905 1905 2417 2417 2417 2449 1905 2089 1905 1905 1905 2089 1905 1905 2446 2446 2082 2082 2082 2082 2082 1905 2462 2445 1905 2449 1905 1905 2446 2448 2448 2448 2445 2448
1905 2027 2027 2027 2027 2027 2087 2087 2087 719 2087 2087 2027 2027 2027 2027 2027 2027 2027 719 719 719 721 2027 2027 2027 2027 2027 2027 2027 2027 2027 2027 2027 2027 1993 1993 2449 2449 2449 2449 1517 1905 1993 1905 2417 1905 1993 1993 1905 2417 2417 2417 2417 2449 2449 2449 1905 1905 1517 1517 1905 2446 2446 2446 2082 2082 2446 2446 2082 2082 1517 2462 646 1905 2449 2449 2449 1840 2449 2446 2446 2445 2448
2027 2027 2027 2027 2027 2027 1905 719 719 719 719 2087 2087 1905 2450 2027 2027 2027 719 2027 2027 2027 2027 2027 2027 2027 2027 2027 2027 2027 2027 2027 2027 2027 2027 1993 1905 721 2449 2449 1905 1993 1993 1905 2417 2417 2417 2417 2417 2417 2417 2417 2417 2417 2449 2449 2445 2446 2446 2446 2446 1905 1905 2082 2082 2082 2082 2082 2082 2082 1517 1517 1517 646 646 1905 1840 1840 2449 2449 2446 2446 2448 2445
1993 1993 1905 1840 2447 1840 1840 1840 716 2449 2449 2449 1840 2450 2027 2027 2027 2027 2099 2027 2027 2027 2027 2027 2027 2446 2446 2446 2446 2446 2446 2446 2446 2446 2446 719 721 721 1905 1905 1993 1993 1993 1993 1993 1993 1905 1905 1905 1905 2417 2417 2417 2417 2417 2449 2445 2417 2417 2417 2449 2449 2449 2082 2082 2082 1905 2082 1905 2462 2462 2462 1905 2450 2462 2462 1905 1840 2449 2446 2446 2446 2448 2448
1840 1840 2447 1840 1840 1840 1840 2449 2449 2449 2449 2449 2449 2449 2450 2027 2446 2027 2099 2027 2446 2446 2089 2089 2089 2089 2446 2446 2446 2446 2446 2446 2446 2446 2446 1993 1993 1993 721 1993 2116 2446 2446 2446 2446 2116 1993 1905 1905 1993 1993 1993 1993 1993 1993 1905 2449 2449 2449 2417 2449 2449 2449 2082 1905 2462 1905 2450 2450 2450 2450 2450 2450 2450 2450 2450 2462 1905 2449 2449 2099 2448 2448 2448
1840 1840 1840 2447 1905 2447 2447 2449 2449 2449 1905 1993 1905 2453 2450 2450 2450 2450 2450 2417 2417 2417 2417 2417 2417 2417 2446 2446 2446 2446 2446 2446 2446 2446 1993 1993 2116 2116 2116 2446 2446 2446 2446 2446 2446 2446 2446 2116 2450 2450 1905 1905 2450 2450 2450 2450 1905 2449 2449 2449 2449 2449 1905 2462 2462 2450 2450 2450 2450 2450 2450 2450 1840 1840 2455 2450 2462 745 1905 2099 2448 2448 2448 2445
1840 1840 1840 1905 2099 1993 1993 1993 1993 1905 1840 1840 1840 1840 2453 2453 2453 2453 2453 2450 2417 2453 2453 2453 2453 2446 2446 2446 2446 2446 2446 2446 2446 2446 1905 2116 2446 2446 2446 2446 2446 2446 2099 2099 2099 2099 2099 2446 2116 2450 719 2450 2450 1905 2450 2450 2450 2450 2449 2449 2449 2462 1905 1905 1905 1905 2450 2450 2450 2455 2455 2455 2455 2455 2455 2462 2462 745 1905 2099 2448 2465 2449 2448
1993 1905 1840 1840 1840 1905 1993 1993 1993 1905 2447 1840 1840 2453 2453 2453 2453 2453 2089 2089 2089 2089 2089 2089 2446 2446 2446 2446 2446 2446 2445 2445 2446 1905 1993 2116 2446 2446 2446 2446 2446 2446 2099 2099 2099 2099 2099 2099 2450 2450 719 719 719 719 2450 2450 2450 2450 2450 2450 2462 2449 2449 2449 1905 1905 1905 1905 1905 1905 2455 2455 2455 2455 2455 2464 2462 2462 462 462 745 2464 2447 2447
1840 1840 1840 1840 2447 2099 2099 2447 2447 2453 2453 2453 2453 2453 2453 2453 2453 2453 2453 2453 1840 2089 1840 2453 2453 2453 2446 2446 2446 2446 2446 2446 2453 1905 1993 2116 2446 2446 2446 2446 2446 2446 2099 2099 2099 2099 2099 2450 2450 2450 719 719 719 719 1840 2450 2450 2450 1905 1905 1905 2449 2449 2453 2453 2469 2469 1905 1905 2455 2455 2455 2455 2455 2464 2464 2464 2464 2464 2462 745 745 719 719
2447 1840 1905 1993 2459 2459 2459 2447 2447 2453 2453 2453 2458 2458 2453 2453 2453 2453 2453 2453 2453 2453 2453 2453 2453 2453 2453 2453 2453 2453 2453 2453 1905 1905 2116 2446 2446 2446 2446 2445 2445 2446 2099 2445 2445 2099 1905 1905 2450 2450 1517 1517 719 2450 2450 2450 2450 2450 1905 2462 2449 2449 2461 2461 2453 2469 2469 1905 1905 2455 2455 2455 2455 2455 2455 2455 2455 2464 2462 2469 2464 1517 745 2197
1840 1905 1993 1905 2459 2459 2459 2447 2454 2453 1905 2458 2458 2458 2458 2458 2458 2458 2458 2458 2458 2458 2453 2453 2453 1840 1840 2453 2453 2468 2468 2453 1905 1993 2116 2116 2446 1840 1840 2450 2450 1905 2089 1905 1905 2089 1905 2450 2450 2450 1840 1840 719 2450 2450 2450 2450 2450 1905 1905 2449 2461 2461 2461 2089 2469 2469 1905 2455 2455 2455 2455 2455 2464 2467 2467 2467 2464 2464 2469 2469 2464 2469 2469
