code/mhm/output/GrosseRoeder3_0p0625/mhm_setup/morph/soil_class.asc
ncols                328
nrows                160
xllcorner            13.46875
yllcorner            51.046875
cellsize             0.001953125
nodata_value         -9999
[rows 0 to 37 of 160, columns 84 to 167 of 328]
2276 2462 2276 2276 2276 2276 2276 2455 2455 2455 2455 2465 2465 2453 2453 2462 2462 2455 2420 2420 2455 2455 2455 2455 2455 2455 2455 2455 2455 2513 2513 2455 2455 2455 2455 2455 2455 2455 2455 2455 2455 2455 2455 2455 2513 2455 2455 2455 2513 2455 2455 2455 2513 2455 2455 2455 2455 2455 2455 2513 2513 2513 2513 2513 2420 2462 2498 2498 2498 2498 2498 2498 2498 2498 2498 2498 2505 2498 2652 2652 2505 2505 2505 2505
2465 2465 2276 2276 2276 2276 2276 2276 2276 2197 2197 2420 2420 2453 2453 2453 1840 2420 1840 2455 2455 2455 2420 2455 2455 2455 2513 2513 2513 2455 2455 2455 2496 2455 2455 2496 2513 2513 2455 2455 2455 2455 2455 2513 2455 2455 2455 2455 2455 2513 2455 2455 2455 2455 2455 2455 2455 2513 2455 2455 2513 2513 2455 2513 2462 2498 2498 2498 2498 2498 2498 2498 2498 2498 2498 2498 2498 2498 2498 2498 2498 2498 2498 2498
2462 2462 2465 2276 2276 2276 2276 2276 2276 2276 2420 2420 2420 2420 2420 2465 2420 2462 2462 2462 2462 2420 2466 2420 2462 2462 2513 2652 2652 2652 2652 2652 2652 2455 2513 2496 2455 2455 2455 2455 2455 2455 2455 2455 2455 2513 2513 2513 2455 2513 2513 2455 2513 2455 2455 2455 2513 2455 2455 2455 2455 2455 2513 2462 2498 2498 2498 2513 2513 2498 2498 2498 2498 2498 2498 2498 2498 2498 2498 2498 2498 2498 2498 2498
2276 2276 2465 2465 2420 2420 2420 2420 2420 2420 2420 2420 2420 2465 2465 2465 2420 2420 2420 2420 2466 2420 2420 2420 2420 2420 2462 2462 2462 2462 2652 2652 2652 2513 2455 2455 2455 2455 2455 2455 2455 2455 2455 2455 2455 2455 2455 2455 2455 2513 2513 2513 2455 2455 2455 2455 2455 2455 2455 2455 2455 2462 2498 2498 2498 2498 2513 2498 2498 2498 2498 2498 2498 2498 2498 2498 2498 2498 2498 2498 2455 2498 2498 2498
2276 2276 2420 2420 2420 2420 2420 2420 2420 2420 2420 2420 2420 2420 2420 2420 2420 2420 2420 2466 2420 2420 2420 2420 2420 2466 2420 2420 2420 2420 2420 2513 2513 2513 2455 2455 2513 2513 2513 2513 2455 2455 2455 2455 2496 2513 2455 2513 2513 2513 2513 2513 2455 2455 2455 2455 2455 2455 2455 2462 707 2498 2498 2513 2513 2513 2513 2498 2498 2498 2498 2498 2498 2498 2498 2498 2498 2498 2498 2498 2498 2498 2498 2498
2420 2420 2465 2465 2465 2465 2465 2420 2420 2420 2420 715 2420 715 2420 2420 2420 2466 2466 2420 2420 2420 2420 2466 2466 2420 2420 2420 2420 2420 2420 2420 2420 2420 2420 2420 2496 2420 2420 2496 2496 2496 2420 2420 2420 2420 2420 2513 2455 2455 2420 2513 2455 2455 2455 2513 2462 2455 2455 2455 2513 2498 2498 2513 2513 2498 2498 2498 2498 2498 2498 2498 2498 2498 2498 2498 2498 2498 2498 2498 2498 2498 2498 2498
2464 2464 2462 2462 2462 2462 2465 2465 2465 2465 715 715 715 715 715 2420 2420 2420 2420 2420 2420 2420 2420 2466 2420 2420 2420 2420 2420 2420 2420 2420 2420 2420 2420 2420 2420 2420 2420 2496 2496 2420 2420 2420 2420 2420 2420 2496 2455 2455 2420 2420 2513 2513 2513 2455 2462 2455 2455 2455 2498 2498 2498 2498 2498 2498 2498 2498 2498 2498 2498 2498 2498 2498 2513 2498 2498 2498 2498 2498 2498 2498 2498 2498
2469 2469 2469 2469 2469 2464 2464 2462 2462 2462 2462 2462 2420 2420 2420 2420 2420 2420 2420 2420 2420 2420 2420 2420 2462 2462 2462 2420 2420 2420 2420 2420 2420 2420 2420 2420 2420 2420 2420 2420 2420 2420 2420 2420 2420 2420 2420 2420 2496 2420 2513 2420 2652 2513 2455 2455 2505 2498 2498 2498 2498 2498 2498 2498 2420 2498 2652 2652 2498 2652 2498 2652 2498 2498 2513 2498 2498 2498 2498 2498 2498 2498 2498 2498
2469 2469 2469 2469 2469 2420 2420 2469 2469 2469 2464 2469 2469 715 2462 2462 2462 2462 2462 2462 2420 2420 2420 2420 2420 2420 2420 2420 2420 2420 2420 2420 2420 2420 2420 2420 2420 2420 2420 2420 2420 2420 2420 2514 2514 2420 2420 2420 2513 2513 2652 2652 2652 2652 2455 2455 2505 2498 2498 2498 2498 2498 2420 2420 2498 2498 2498 2496 2498 2652 2652 2652 2652 2652 2498 2498 2498 2498 2498 2498 2498 2498 2498 2498
2469 2469 2469 2469 2469 2469 2420 2469 2469 2420 2420 2418 715 2418 2418 2464 2420 2420 2420 2420 2420 2420 2420 2455 2455 2455 2420 2420 2420 2420 2420 2466 2466 2420 2420 2420 2420 2420 2420 2496 2496 2420 2455 2514 2455 2420 2420 2513 2420 2420 2652 2455 2455 2455 2652 2505 2505 2462 2498 2496 2496 2496 2420 2498 2496 2496 2498 2498 2652 2652 2652 2652 2498 2498 2498 2498 2498 2498 2498 2498 2498 2513 2498 2498
2272 2455 2469 2469 2420 2420 2420 2420 2420 2420 2420 2420 2420 2418 2418 2464 2420 2420 2420 2420 2455 2455 2455 2455 2455 2455 2455 2455 2420 2420 2420 2420 2420 2420 2420 2420 2420 2496 2496 2420 2420 2420 2455 2455 2455 2420 2420 2420 2420 2420 2420 2420 2455 2455 2455 2455 2455 2505 1502 2455 2496 2496 2496 2420 2496 2498 2513 2652 2652 2491 2498 2498 2498 2498 2498 2498 2498 2498 2498 2513 2498 2498 2498 2498
2455 2455 2455 2420 2420 2420 2420 2420 2420 2420 2420 2420 2420 2420 2420 2420 2420 2420 2455 2455 2455 2455 2455 2455 2455 2455 2455 2455 2455 2420 2420 2420 2420 2420 2496 2420 2496 2496 2496 2496 2420 2420 2420 2455 2466 2420 2420 2466 2420 2420 2420 2420 2420 2455 2455 2494 2455 2455 2494 2494 2420 2455 2496 2496 2420 2513 2491 2496 2491 2498 2496 2491 2498 2498 2498 2498 720 1534 2498 2498 2498 2420 2494 2498
2455 2455 2420 2420 2420 2420 2420 2420 2420 2420 2420 2420 2420 2420 2420 2420 2420 2420 2455 2455 2518 2518 2455 2455 2455 2455 2455 2455 2455 2420 2420 2420 2496 2420 2420 2420 2496 2496 2496 2496 2496 2420 2420 2466 2420 2496 2496 2466 2466 2420 2420 2420 2420 2455 2455 2455 2455 2455 2455 2455 2494 2420 2455 2455 2496 2420 2498 2491 2491 2498 2491 2491 2498 2498 2513 2513 2498 2498 2498 2420 2420 2420 2494 2496
2420 2420 2420 2420 2420 2420 2420 2420 2420 2420 2420 2420 2420 2420 2420 2420 2420 2455 2455 2518 2518 2518 2518 2455 2455 2455 2455 2420 2496 2496 2466 2496 2420 2420 2466 2420 2420 2420 2420 2420 2420 2420 2420 2420 2420 2496 2496 2466 2420 2420 2496 2496 2420 2420 2455 2455 2455 2455 2455 2494 2494 2455 2494 2420 2420 2420 2420 2498 2420 2513 2420 2491 2498 2498 2498 2498 2498 2498 2498 2420 2420 2420 2496 2496
2272 2272 2420 2420 2420 2420 2420 2420 2420 2420 2420 2420 2420 2420 2420 2420 2420 2455 2455 2455 2455 2518 2455 2455 2420 2420 2420 2420 2420 2420 2466 2496 2420 2466 2420 2496 2496 2496 2455 2505 2505 2466 2420 2420 2420 2420 2420 2466 2420 2496 2496 2420 2498 2498 2455 2455 2455 2455 2455 2455 2455 2455 2455 2455 2494 2420 2420 2420 2420 2491 2491 2491 2498 2498 2498 2498 2498 2455 2455 2420 2455 2420 2455 2496
2272 2272 2420 2420 2420 2420 2420 2420 2420 2420 2420 2420 2420 2420 2420 2420 2420 2420 2420 2420 2420 2455 2420 2420 2420 2420 2420 2420 1898 2420 2466 2466 2466 2420 2420 2420 2652 2455 2466 2466 2505 2466 2466 2466 707 2420 2466 2466 2420 2420 2420 2466 2498 2498 2498 2455 2455 2455 2455 2494 2494 2455 2455 2494 2455 2455 2420 2420 2491 2491 2491 2455 2455 2455 2494 2494 2499 2499 2499 2420 2455 2455 2496 2496
2272 2420 2420 2420 2420 2420 2420 2420 2420 2420 2420 2420 2420 2420 2420 2420 2420 2420 2420 2420 2420 2455 2455 2420 2420 2420 2420 1898 2420 2420 2466 2420 2420 2420 2652 2652 2652 2455 2455 2505 2505 2466 2455 2420 2496 2496 2420 2420 2498 2498 2498 2496 2498 2498 2498 2498 2455 2455 2455 2455 2455 2455 2455 2455 2455 2455 2455 2420 2455 2455 2455 2455 2455 2455 2455 2455 2494 2499 2499 2499 2499 2455 2455 2516
2272 2272 2454 2454 2454 2420 2420 2420 2420 2420 2420 2420 2420 2420 2420 2420 2420 2420 2420 2420 2420 2455 2420 2420 2420 2420 2420 2420 2420 2466 2466 2420 2420 2420 2652 2652 2455 2455 2455 2505 2505 2462 2420 2420 2420 2496 2496 2420 2466 2498 2498 2466 2466 2498 2498 2498 2455 2455 2455 2455 2455 2455 2455 2455 2455 2455 2455 2455 2455 2455 2455 2455 2455 2455 2455 2455 2455 2499 2499 2499 2499 2499 2499 2420
2272 2272 2420 2454 2454 2454 2420 2420 2420 2420 2420 2420 2420 2420 2420 2420 2420 2420 2420 2420 2420 2420 2420 2420 2420 2420 2420 2466 2466 2466 2466 2420 2652 2652 2652 2455 2455 2505 2505 2505 2462 2496 2420 2420 2420 2420 2420 2466 2455 2455 2455 2455 2455 2455 2498 2498 2455 2455 2455 2455 2455 2455 2455 2455 2455 2455 2455 2455 2455 2455 2455 2455 2455 2455 2455 2455 2455 2455 2499 2499 1898 1898 2499 2499
2272 2272 2420 2454 2454 2462 2454 2420 2420 2420 2420 2420 2420 2420 2420 2420 2420 2420 2420 2420 2420 2420 2420 2420 2420 2420 2420 2420 2455 2455 2455 2466 2466 2420 2505 2505 2505 2505 2505 2505 2505 2420 2420 2420 2420 2420 2455 2455 2455 2455 2455 2455 2455 2498 2498 2652 2652 2455 2455 2455 2455 2455 2455 2455 2455 2455 2455 2455 2455 2455 2455 2455 2455 2455 2455 2455 2455 2455 2455 2455 1898 715 715 715
2272 2272 1517 2420 2454 2462 2454 2420 2420 2420 2420 2420 2420 2420 2420 2420 2420 2420 2420 2420 2420 2420 2420 2420 2420 2420 2420 2420 2455 2455 2455 2505 2466 2466 2466 2505 2505 2462 2505 2420 2420 2420 2420 2420 2420 2420 2420 2455 2455 2455 2455 2498 2498 2498 2420 2420 2420 2652 2455 2455 2455 2455 2455 2455 2455 2455 2420 2420 2420 2420 2420 2420 2420 2420 2420 2420 2420 2420 2455 2455 2455 2455 2455 2455
2272 2272 1517 1517 1517 2462 2454 2420 2420 2420 2420 2420 2420 2420 2420 2420 2420 2420 2420 2652 2652 2652 2652 2652 2420 2420 2420 2455 2455 2455 2455 2455 2505 2505 2505 2462 2505 2420 2466 2466 2420 2420 2420 2420 2420 2420 2420 2420 2420 2420 2420 2498 2498 2420 2420 2462 2462 2420 2420 2420 2420 2455 2455 2455 2455 2455 2420 2420 2420 2455 2455 2455 2455 2455 2420 2455 2455 2455 2455 1502 2455 2455 2455 2455
2272 2272 2272 2465 2454 2462 2276 2276 2420 2465 2465 2420 2420 2420 2420 2420 2420 2420 2652 2652 2652 2652 2652 2652 2420 2420 2455 2455 2455 2455 2455 2455 2455 2505 2505 2462 2420 2420 2420 2466 2420 2420 2420 2420 2420 2420 2420 2420 2420 2420 2420 2420 2462 2420 2420 2455 2455 2455 2455 2455 2455 2420 2420 2420 2420 2455 2455 2455 2455 2455 2455 2455 2455 2455 2455 2455 2455 2455 1502 1502 2455 2455 2455 2455
2272 2272 2272 2465 2465 2462 2276 2276 2465 2465 2465 2420 2420 2420 2420 2420 2420 2420 2652 2652 2652 2652 2652 2455 2455 2455 2466 2466 2466 2505 2505 2505 2505 2505 2505 2420 2420 2491 2491 2420 2420 2420 2420 2420 2420 2420 2420 2420 2420 2420 2462 2420 2420 2420 2420 2420 2420 2455 2455 2455 2420 2420 2420 2420 2455 2455 2455 2455 2455 2455 2455 2455 2455 2455 2455 2455 2455 2455 2455 2652 2455 2455 2455 2455
2272 2272 2272 2272 2465 2465 2462 2462 2462 2462 2462 2462 2462 2420 2462 2462 2462 2462 2652 2455 2455 2652 2652 2652 2455 2455 2455 2455 2505 2466 2505 2505 2462 2505 2420 2420 2420 2496 2491 2491 2420 2420 2420 2420 1534 707 2462 2420 2455 2455 2455 2420 2420 2420 2420 2420 2420 2420 2420 2420 2420 2420 2420 2420 2420 2420 2420 2455 2455 2455 2455 2455 2455 2496 2455 2455 2455 2652 2652 2455 2455 2455 2455 2455
2272 2272 2272 2272 2272 2465 2454 2462 2454 2454 2454 2455 2455 2455 2455 2455 2455 2455 2455 2455 2455 2455 2652 2652 2455 2455 2455 2505 2505 2505 2462 2505 2420 2420 2491 2420 2420 2491 2491 2420 2420 2420 2652 1534 2505 2505 2455 2455 2455 2455 2455 2455 2455 2455 2455 2455 2420 2420 2420 2420 2420 2420 2420 2420 2420 2420 2420 2420 2455 2455 2455 2455 2455 2455 2455 2455 2462 2652 2505 2455 2455 2455 2455 2455
2272 2272 2272 2272 2272 2465 2462 2454 2454 2454 2455 2455 2455 2455 2455 2455 2455 2455 2455 2455 2455 1517 715 715 715 2455 2505 2505 2505 2505 2505 2420 2420 2420 2420 2420 2420 2420 2652 2652 2652 1534 707 2505 2491 2455 2496 2455 2455 2455 2455 2455 2455 2455 2455 2455 2455 2455 2420 2420 2420 2420 2420 2420 2455 2455 2455 2420 2420 2420 2420 2496 2455 2455 2462 2505 2505 2505 2505 2455 2455 2455 2455 2455
2272 2272 2272 2465 2462 2462 2454 2455 2455 275 275 715 715 715 715 715 715 715 715 715 715 715 715 715 715 324 2455 2455 2455 2455 2462 2505 2505 2505 2491 2491 2505 2652 2652 2652 2652 2652 1534 2505 2505 2505 2491 2455 2455 2455 2455 2455 2455 2455 2455 2455 2455 2455 2420 2420 2420 2420 2420 2420 2455 2455 2420 2420 2420 2420 2455 2455 2462 2462 2505 1534 1534 2494 2505 2455 2455 2455 2455 2455
2272 1517 1517 1517 1517 1517 1517 275 275 2455 2455 2455 2455 2455 2455 2455 2455 2455 2455 2455 2455 2455 2455 2420 2420 2455 2455 2455 2455 2455 2455 2462 2505 2505 2652 2652 2652 2652 2652 2462 2652 2491 2491 2505 2505 2505 2505 2455 2455 2455 2455 2455 2455 2455 2455 2455 1534 2455 2420 2462 2420 2420 2420 2420 2420 2420 2420 2462 2462 2505 2505 2505 2455 2455 2455 2455 2455 2494 2516 2516 2494 2505 2505 2505
2272 2465 2462 2462 2462 2455 2455 275 275 275 275 2455 2455 2455 2455 2455 2455 2455 2455 2455 2455 2455 2455 2420 2420 2455 2455 2509 324 2509 2509 2462 2462 2652 2652 2455 2652 2652 2652 2652 2652 2491 2505 2505 2505 2505 2491 2491 2505 2505 1534 1534 2455 1534 1534 1534 1534 2455 2420 1534 2420 2420 2652 2652 2462 2462 2505 2462 2420 2455 2455 2455 2455 2455 2455 2455 1534 1534 2516 1534 1534 2516 1534 2494
2465 2462 2462 2454 2455 2455 2455 2455 1517 2455 2455 2455 2455 2455 2455 2455 2455 2455 2455 2455 2455 2455 2509 2509 2509 2509 2509 2509 2509 2462 2462 2505 2505 2505 2505 2455 2455 2491 2491 2491 2491 2491 2491 2505 2505 2505 2491 2505 2455 2455 2455 1534 1534 1534 1534 1534 1534 2455 1534 1534 1534 2462 2652 2652 2652 1534 2455 2455 2505 1534 1534 2491 2455 2455 2455 2494 2494 2494 2455 2455 2455 2455 2455 2505
2462 2462 2454 2454 2454 2454 2454 2455 2455 2455 2455 2455 2455 2455 2455 2455 2455 2505 2505 2509 2509 2509 2509 2509 2509 2462 2462 2499 2499 2499 2499 2505 2505 2505 2505 2455 2496 2496 2455 2505 2496 2491 2491 2505 2491 2496 2505 2455 2455 2455 2455 2455 1534 1534 1534 1534 2455 2455 2462 2505 2505 2652 2455 2455 2455 2455 2491 2455 2455 1534 1534 1534 2420 1534 2494 2455 2455 2455 2455 2455 2455 2455 2455 2505
2462 2462 2454 2454 2454 2454 2462 2454 2455 2455 2455 2455 2455 2455 2455 2455 2455 2652 2652 2455 2455 2509 2499 2499 2499 2499 2499 2499 2499 2499 2505 2505 2505 707 2505 2505 2491 2455 2455 2505 2505 2420 2505 2455 2491 2491 2491 2420 2420 2420 2455 2455 1534 1534 2652 2652 2652 2652 2420 2505 2505 2462 2505 2455 2420 2420 2420 2491 2420 2420 2420 2496 2420 2420 2420 2455 2455 2455 2455 2455 2455 2455 2455 2420
2462 2462 2454 2454 2454 2454 2462 2462 2462 2454 2454 2454 2454 2455 2455 2455 2455 2455 2505 324 707 1517 2499 2499 2499 2499 2499 2499 2499 2505 2505 2505 2505 2491 707 2505 2505 2505 2420 2420 2420 2420 2455 2455 2455 2491 2491 2491 2491 2455 2455 2455 2455 2652 2652 2652 2652 2420 2420 2420 2491 2505 1534 1534 1534 1534 2494 1534 2420 2494 2505 2505 2466 2420 2491 2455 2455 2455 2455 2455 2455 2455 2420 2420
2462 2462 2462 2462 2462 2462 2462 2456 2456 2454 2454 2454 2454 2454 2455 2455 2455 2455 2455 2505 2505 2505 2505 2499 2499 2499 2499 2505 2505 2505 2505 2505 2505 2505 707 1517 1517 2420 2420 2420 2420 2455 2455 2455 2420 2420 2491 2491 2496 2491 2455 2505 2462 2505 2652 2455 2455 2652 2420 2491 2491 2491 2505 2505 2505 2491 2494 2494 2494 2505 2491 2491 2491 2466 2496 2491 2513 2491 2455 2455 2455 2455 2420 2420
2462 2462 2468 2468 2462 2468 2468 2462 2462 2456 2456 2456 2454 2454 2454 2454 2455 2455 2505 2505 2505 2499 2505 2505 2505 2505 2505 2505 2505 2505 707 1517 2505 2455 2505 2491 2505 2455 2455 2455 2420 2491 2491 2455 2420 2420 2491 2455 2455 2491 2491 2462 2505 2455 2455 2455 2491 2491 2491 2491 2491 2491 2505 2505 2505 2496 2505 2505 2494 2494 2505 2496 2455 2455 2466 2455 2491 2513 2513 2455 2455 2652 2420 2420
1482 2456 2456 2456 2456 2462 2462 2462 2462 2462 2462 2462 2462 2462 2462 2462 2462 2462 2462 2462 2499 2499 2499 2499 2499 2499 2462 2462 2505 241 241 1517 1517 2455 2455 2455 2455 2455 2455 2455 2420 2420 2420 2420 2420 2420 2491 2462 2420 2420 2496 2491 2455 2455 2455 2491 2491 2491 2491 2496 2505 2505 2505 2505 2505 2491 2505 2505 2505 2505 2505 2505 2505 2466 2455 2496 2491 2455 2455 2513 2652 2652 2420 2420
2462 2462 2462 2462 2462 2462 2462 2462 2462 2462 2462 2462 2454 2462 2462 2462 2462 2455 2455 2455 2455 2455 2454 2462 2462 2462 2499 2499 2499 2462 275 1517 1517 1517 1517 2455 2516 2516 2455 2455 2455 2462 2462 2462 2462 2491 2491 2491 2420 2491 2491 2491 2491 2455 2455 2455 2455 2455 2491 2491 2491 2505 2505 2496 2647 2647 2505 2505 2505 2491 2505 2505 2466 2466 2491 2491 2491 2491 2455 2652 2652 2652 2420 2420
