code/mhm/set_up/Wesenitz2_0p0625/mhm_setup/morph/aspect.asc
ncols                240
nrows                104
xllcorner            13.90625
yllcorner            50.984375
cellsize             0.001953125
nodata_value         -9999
[rows 46 to 91 of 104, columns 96 to 191 of 240]
102 194 262 281 299 310 329 334 345 354 18 47 54 42 11 0 32 8 286 334 7 17 7 329 327 318 310 329 356 34 45 16 1 358 345 331 335 345 343 348 356 354 335 325 310 302 341 1 358 30 41 21 6 318 341 356 345 350 337 327 318 344 56 54 21 12 41 64 48 30 0 237 201 176 353 347 345 347 349 352 0 10 338 324 326 217 172 173 180 182 196 194 182 186 186 176
118 180 262 257 256 250 236 225 202 189 153 100 63 35 17 16 38 45 297 303 350 26 8 352 353 347 323 329 6 34 36 1 329 344 355 354 353 355 341 339 357 349 338 350 359 336 335 356 4 14 14 10 20 14 4 338 332 342 333 348 355 350 79 59 24 40 51 53 52 55 59 45 270 282 296 323 348 353 341 8 341 340 340 343 356 22 35 19 2 5 321 285 302 306 328 353
109 240 252 241 233 224 203 188 183 182 177 167 142 74 55 52 45 28 341 296 315 29 348 349 0 1 347 343 6 18 16 10 316 315 348 7 6 0 345 321 346 335 327 347 2 354 348 355 0 4 9 18 31 27 10 350 344 337 329 21 63 75 77 31 10 39 60 83 106 120 14 357 351 335 297 278 329 33 90 168 240 266 291 338 5 24 26 15 4 11 0 328 322 329 335 344
11 345 333 273 230 214 192 185 188 193 208 231 288 21 36 19 357 0 2 351 349 356 321 326 353 359 347 346 0 13 22 26 325 305 335 16 28 27 350 319 329 305 296 317 346 347 349 355 355 1 14 26 28 17 6 359 356 351 1 71 101 145 135 149 140 115 114 120 115 350 329 340 353 355 351 350 354 6 15 19 347 296 288 317 349 4 9 22 25 24 11 310 294 297 312 321
341 347 355 1 354 209 208 238 279 299 297 316 332 356 10 353 342 352 6 15 14 0 348 320 329 336 329 338 0 35 61 39 321 309 325 29 53 46 340 323 340 299 272 254 255 275 299 330 337 2 39 52 49 35 18 359 358 0 14 28 42 71 147 165 167 148 118 62 356 336 330 338 354 350 345 352 0 8 20 23 1 346 347 333 341 2 11 25 21 7 358 348 336 294 274 277
294 318 344 16 42 59 246 250 232 220 247 266 288 334 3 329 319 338 13 28 17 6 14 357 336 315 306 320 73 98 94 358 299 294 287 97 85 54 337 315 340 331 309 308 296 263 237 233 246 180 92 88 83 81 101 178 192 206 348 60 77 81 62 28 7 17 16 359 355 334 329 344 359 348 332 341 357 10 24 25 0 348 356 347 344 3 3 9 6 2 1 1 3 0 356 315
296 281 278 94 65 45 353 259 233 227 243 237 231 219 245 278 268 254 353 21 9 11 29 19 352 320 292 171 130 113 90 315 272 251 221 96 49 20 1 312 293 288 285 299 315 323 318 279 243 183 114 72 47 46 55 90 172 185 180 160 132 38 0 2 2 12 9 356 3 330 295 295 356 300 263 255 266 10 37 28 359 348 358 358 3 4 340 347 357 2 5 6 4 7 12 3
330 304 315 18 351 12 22 340 282 246 242 239 242 240 236 236 237 243 267 334 12 41 53 30 359 339 319 119 118 104 78 315 282 283 303 355 7 7 14 354 337 322 269 260 278 309 341 332 258 183 65 30 45 61 67 65 43 35 85 78 341 334 347 6 11 10 4 358 4 2 348 336 0 163 203 201 198 198 171 69 346 340 355 353 16 358 320 324 347 359 6 7 4 8 14 13
258 278 341 318 312 3 50 49 261 225 242 263 275 272 240 227 244 258 261 220 154 140 100 55 7 353 60 93 95 84 72 303 281 289 305 334 350 8 31 5 343 1 301 275 279 290 337 34 351 318 321 25 75 85 86 74 30 15 27 10 326 300 316 21 32 5 356 354 1 14 18 16 10 42 88 177 203 220 211 213 236 166 181 219 225 313 289 287 309 338 356 13 11 15 26 30
293 315 346 311 270 276 67 49 9 353 270 251 245 229 200 216 241 241 220 184 174 170 146 142 351 357 50 67 64 61 67 306 262 259 252 233 256 329 28 8 338 20 329 288 274 263 216 108 135 216 205 159 108 78 51 29 8 4 14 9 347 297 269 23 29 7 12 310 313 8 23 22 14 32 43 31 339 286 264 225 208 164 183 231 237 270 273 271 273 289 315 359 8 11 19 24
309 341 2 6 284 257 31 24 8 7 9 284 241 226 221 237 232 216 197 182 188 192 185 215 264 318 27 56 58 64 61 12 267 242 221 206 225 260 347 9 356 8 340 285 251 230 201 201 299 57 142 157 139 84 30 16 5 4 11 7 0 347 323 334 354 4 15 0 331 354 28 33 21 27 27 12 355 339 355 16 225 180 201 244 258 277 275 267 265 279 296 332 353 2 8 13
260 275 86 111 212 246 278 350 0 3 11 9 329 310 319 336 348 267 218 243 274 227 215 237 239 244 270 71 61 52 29 7 343 308 298 292 282 259 225 169 170 213 284 237 225 222 213 217 213 152 106 106 127 155 169 150 150 146 83 16 346 343 339 340 343 5 21 2 337 27 93 93 71 20 4 357 350 348 5 18 15 6 0 346 304 271 272 272 268 263 268 282 315 347 5 13
253 204 163 157 198 240 260 281 325 344 3 16 350 325 310 318 2 5 345 323 338 14 323 268 250 246 276 37 28 19 11 8 358 339 343 340 330 302 204 170 175 223 260 0 280 270 264 225 186 174 164 149 136 145 167 168 172 181 195 271 311 315 323 6 125 165 178 189 190 141 69 45 14 350 332 332 330 337 5 17 15 11 6 3 358 329 311 306 316 305 276 267 261 258 301 46
344 353 5 12 1 295 266 252 219 217 245 355 341 321 296 277 302 347 342 312 316 25 1 316 303 278 283 357 11 7 14 22 14 331 315 203 196 196 165 144 333 291 300 346 338 328 341 3 39 97 152 165 165 162 157 149 163 195 237 263 267 238 205 158 140 158 197 223 234 260 18 12 4 355 337 320 305 304 339 359 5 10 9 4 2 350 335 329 341 337 305 283 251 211 185 170
339 354 358 4 10 2 330 310 270 228 238 248 285 303 289 264 240 214 216 243 251 -9999 344 309 324 282 266 278 326 357 40 61 59 60 158 165 182 203 184 216 273 272 270 293 313 317 340 7 25 36 48 73 139 175 162 135 149 196 219 217 203 186 180 170 162 225 309 326 331 246 213 277 336 344 335 333 309 279 283 307 343 13 23 24 19 332 299 285 263 255 258 243 212 190 179 165
228 234 287 335 6 15 2 358 5 350 312 285 265 236 222 232 237 270 304 309 285 204 215 238 225 262 276 288 283 120 117 118 109 92 96 128 180 209 188 201 201 203 218 216 226 244 262 351 39 40 45 48 40 21 49 69 21 45 180 198 198 181 170 178 206 250 263 244 149 160 181 204 198 202 216 198 196 219 225 214 201 174 147 148 165 186 198 195 184 191 202 199 192 190 193 166
243 259 277 277 288 59 23 6 7 357 340 319 286 249 259 282 304 319 332 355 14 18 338 277 225 248 247 213 196 171 133 118 128 146 135 126 165 198 187 194 193 199 220 220 220 222 218 197 163 141 93 75 64 59 78 71 0 18 23 17 306 156 140 188 221 223 221 198 146 145 175 208 200 198 201 186 186 199 199 196 191 176 162 156 163 177 188 191 185 189 199 200 204 215 234 260
244 255 254 206 182 185 206 323 0 355 349 180 194 225 258 274 281 284 289 15 51 31 3 351 0 272 231 202 210 208 108 105 113 127 137 123 123 183 186 215 235 277 290 293 257 223 213 195 178 177 159 129 119 126 136 166 184 203 281 15 9 34 51 34 210 210 216 205 153 126 175 239 234 207 188 176 187 192 188 191 186 177 170 168 170 167 181 202 199 195 196 197 218 239 258 274
219 220 208 183 189 217 204 195 193 188 169 155 183 241 283 296 283 253 219 187 151 126 -9999 341 3 344 225 195 203 195 156 118 114 119 125 135 150 153 161 238 235 250 263 268 253 197 207 200 187 183 167 148 138 133 137 160 176 191 196 199 201 81 62 47 70 171 202 201 180 146 175 214 198 182 170 166 184 186 180 187 186 186 181 180 203 59 12 278 247 205 194 228 257 260 262 268
216 218 209 191 205 212 181 185 190 186 180 174 271 298 312 326 326 328 280 197 172 171 194 216 217 153 122 150 181 188 180 144 124 133 145 154 176 194 176 225 225 222 227 210 186 171 193 207 195 183 169 150 128 121 131 142 160 175 188 213 219 168 109 101 93 98 151 194 192 170 168 193 188 181 175 169 181 184 180 191 197 216 254 312 329 348 0 348 340 345 334 327 306 283 269 265
315 258 214 194 203 204 194 259 318 349 338 329 326 308 297 304 312 347 22 69 135 170 214 231 218 184 119 82 74 161 172 145 124 119 128 135 171 225 219 206 207 207 212 196 184 177 197 207 192 187 201 276 33 55 51 52 39 38 81 237 236 212 84 38 46 63 76 117 192 188 169 198 198 194 230 294 343 351 348 332 331 304 291 301 321 335 347 352 356 356 345 332 319 305 284 257
355 6 174 208 231 249 278 300 328 352 344 341 347 334 281 265 280 325 42 72 96 158 231 229 207 185 181 167 6 4 38 88 117 125 130 126 180 270 260 151 180 208 210 198 225 291 300 296 315 330 319 319 1 22 13 12 7 11 29 40 210 210 235 352 60 84 97 108 225 304 330 347 358 356 343 338 343 350 354 349 349 347 333 316 304 309 323 332 347 351 344 337 327 320 312 291
175 151 198 311 327 335 333 322 313 300 298 314 349 4 345 317 296 301 69 82 92 138 204 204 190 182 201 247 312 18 98 122 135 146 155 155 275 295 78 129 270 297 310 329 329 340 346 345 346 349 347 337 351 19 29 36 21 27 50 66 122 234 254 201 120 124 132 150 311 327 337 343 355 357 346 339 338 343 348 350 350 351 355 357 348 330 322 315 324 324 310 299 249 228 217 208
182 198 273 294 302 314 326 342 358 264 238 233 235 311 354 344 217 189 161 120 107 125 180 194 186 186 225 252 263 68 83 85 92 115 168 308 324 350 62 14 321 325 327 335 325 327 339 343 345 353 357 352 9 87 99 114 155 159 132 114 122 226 222 174 135 129 140 292 301 317 333 340 352 357 350 343 338 335 336 343 347 349 357 1 0 356 350 349 355 356 345 161 178 189 195 201
206 255 269 268 263 258 249 210 101 -9999 242 241 237 233 214 138 143 174 177 129 106 107 139 196 198 209 248 252 246 210 69 64 68 77 302 292 312 31 76 310 301 306 304 320 304 293 303 317 325 358 28 62 110 124 115 107 131 149 132 125 132 202 206 172 128 121 240 283 283 290 305 317 339 352 348 343 327 317 305 308 323 338 352 358 1 1 351 355 5 21 45 74 107 154 204 221
281 291 285 257 236 222 212 197 180 179 197 229 238 222 198 170 157 182 202 126 110 119 142 237 288 305 285 278 272 270 83 84 91 99 225 254 234 138 118 234 258 263 273 296 302 281 264 253 245 198 74 75 78 61 49 50 34 32 61 72 84 161 193 170 135 129 267 277 278 284 299 313 338 351 352 357 343 332 321 311 314 332 353 356 356 357 345 359 10 26 37 36 54 76 196 215
276 282 257 205 200 202 206 197 182 180 189 210 211 190 185 184 186 207 211 143 127 139 178 250 281 299 288 287 292 325 81 100 107 115 182 220 201 167 152 295 311 307 288 296 302 269 254 231 213 209 160 114 105 57 49 68 72 86 95 100 99 117 155 159 141 163 261 272 281 290 301 311 333 350 350 0 348 337 333 330 331 345 12 7 346 339 344 2 7 15 29 42 67 89 143 176
267 229 181 173 194 220 221 194 180 180 193 208 198 184 187 196 208 217 200 163 144 150 237 271 279 273 258 250 246 195 120 113 109 111 157 220 238 304 327 325 340 342 315 307 167 208 228 190 187 198 179 158 161 179 147 116 126 135 115 119 128 135 128 142 135 322 304 297 290 283 274 260 222 184 187 196 241 283 301 309 255 156 161 183 195 198 185 179 183 194 125 91 90 82 73 83
215 192 175 183 239 253 225 190 187 209 244 223 193 191 199 205 214 209 193 177 172 192 244 263 262 212 204 205 206 180 147 133 122 117 155 294 307 320 325 316 312 297 293 315 118 173 201 177 175 190 182 172 176 184 171 137 130 127 104 99 100 95 98 128 244 294 302 289 268 250 234 213 189 178 186 210 238 250 238 190 168 161 168 191 193 194 192 209 241 271 345 59 48 31 23 16
228 258 338 311 290 275 286 322 341 339 336 0 9 334 300 257 232 217 200 192 196 210 231 237 210 174 172 190 199 174 150 144 136 123 225 250 244 244 221 183 180 202 216 173 142 155 183 176 173 188 186 176 180 189 182 160 157 153 117 106 116 154 107 102 241 242 229 218 219 216 206 194 184 186 206 232 241 237 217 179 160 168 195 229 250 289 322 333 343 350 351 28 33 26 23 14
333 343 350 353 355 325 292 303 328 327 326 7 7 350 349 357 349 321 300 266 239 227 227 214 191 176 172 184 187 171 155 146 146 146 182 196 206 207 190 177 179 196 198 177 164 165 171 174 181 200 199 171 174 196 189 175 175 178 126 105 130 176 164 104 230 228 206 203 210 205 195 193 188 203 224 233 244 242 214 177 156 191 259 295 322 321 324 332 345 6 22 72 90 92 96 108
334 342 349 1 19 13 310 250 215 217 226 221 319 332 347 1 4 357 356 356 341 213 214 206 190 186 188 175 165 164 161 155 169 194 171 141 188 201 192 185 183 189 191 181 179 183 175 178 229 251 241 138 137 185 188 189 190 202 194 85 84 326 318 21 5 324 315 258 239 225 228 266 302 300 291 296 291 255 187 183 187 250 257 232 231 220 209 218 212 166 97 95 106 111 115 125
337 346 359 20 27 16 15 347 254 222 220 225 249 262 281 331 0 13 23 45 96 153 200 220 207 210 221 158 105 87 93 111 160 207 182 150 155 220 231 222 202 208 239 270 300 316 348 344 318 311 323 87 104 137 174 202 202 209 213 121 95 194 251 0 15 332 347 347 317 315 315 308 325 320 306 310 277 164 177 197 200 207 190 187 197 194 199 214 201 187 176 141 120 105 111 122
332 345 14 18 5 12 28 9 355 358 352 315 266 239 238 268 323 25 37 50 67 85 176 216 205 194 194 185 180 82 91 93 68 276 153 138 243 302 309 323 343 341 328 333 336 339 351 356 352 356 36 99 114 127 152 195 196 195 196 174 139 161 208 198 203 239 248 243 259 261 260 256 235 240 248 210 161 157 184 196 185 186 180 183 196 207 222 228 203 188 183 171 162 140 132 139
223 253 339 3 5 22 34 6 351 0 3 358 344 324 300 284 272 71 57 35 9 11 26 10 290 135 160 190 206 169 114 35 3 359 8 13 353 319 292 277 273 263 270 280 291 297 322 355 18 75 122 141 141 144 156 212 213 194 191 188 171 149 192 202 208 210 204 198 219 228 223 224 204 207 211 182 160 161 185 189 182 183 185 197 217 231 232 224 202 186 181 182 170 145 138 136
234 258 274 319 12 34 30 5 352 356 2 8 1 347 330 221 205 186 149 201 307 11 66 56 321 62 76 311 325 357 359 353 356 3 11 16 14 350 324 302 216 195 214 209 204 215 214 186 154 144 147 156 149 135 320 329 350 5 13 10 300 351 33 161 214 221 231 239 247 240 227 229 210 196 190 173 163 167 184 190 189 193 201 221 229 224 219 220 205 184 184 192 175 122 104 95
297 311 311 311 32 55 34 10 357 2 17 38 25 353 120 145 191 208 169 168 210 192 108 117 194 144 342 317 334 352 357 349 351 10 22 27 33 2 340 1 14 19 288 202 200 206 195 182 167 153 151 341 0 350 338 331 344 4 12 14 1 353 14 26 355 302 297 302 225 202 212 219 199 180 167 158 165 180 236 255 243 228 226 228 216 209 220 230 214 183 187 194 194 158 92 87
263 267 284 320 108 98 57 66 126 147 119 106 126 153 141 122 163 208 194 149 243 284 30 43 45 323 313 312 313 332 356 352 349 17 31 30 30 3 343 1 9 9 13 16 18 244 200 185 196 347 340 338 350 353 352 346 349 0 11 14 4 4 17 30 18 301 252 198 174 192 234 219 184 177 167 161 303 315 315 320 331 338 323 260 219 221 239 239 211 181 187 197 208 197 142 132
272 234 225 199 152 348 31 72 93 123 90 39 60 78 88 101 123 244 278 355 320 311 1 26 12 353 335 333 312 293 326 346 352 21 29 23 21 8 352 357 4 8 21 25 10 357 0 2 348 341 341 339 350 3 8 3 359 5 12 2 6 22 31 41 41 353 276 315 343 359 0 6 32 344 345 343 340 342 337 327 325 338 355 0 352 287 253 237 205 187 199 213 225 207 145 111
7 323 245 220 231 296 31 58 22 23 45 78 85 57 33 79 101 263 278 308 294 266 271 3 3 356 345 351 335 281 254 263 313 26 24 21 23 15 2 1 6 15 40 22 347 351 5 8 356 349 346 339 347 13 26 21 8 13 10 352 10 32 39 40 33 14 322 311 327 6 28 28 20 337 339 342 337 349 353 348 337 343 2 12 13 356 278 246 214 203 221 239 252 244 344 17
25 23 322 249 252 266 59 66 9 49 76 122 129 144 18 80 87 248 239 234 239 237 245 261 308 331 330 1 334 313 241 235 231 254 18 42 50 37 10 22 33 55 76 358 311 332 18 25 355 346 346 325 327 46 67 65 36 29 29 331 18 57 62 58 49 21 291 276 277 41 69 56 33 317 315 307 301 330 347 342 324 333 19 37 38 32 306 263 233 216 239 257 269 283 301 335
59 64 22 300 262 226 182 131 155 119 120 135 95 131 167 135 107 275 270 243 217 208 216 217 202 208 240 306 320 351 330 252 244 238 201 98 80 50 0 6 8 14 27 6 302 300 7 19 357 354 3 355 344 60 70 51 14 15 21 354 5 50 57 42 30 21 294 268 264 11 71 48 14 334 340 330 303 320 341 343 330 340 37 53 51 38 342 310 326 331 298 285 292 314 303 308
69 74 60 266 214 180 191 182 168 147 150 200 206 98 132 168 332 319 318 343 270 214 204 208 196 206 233 247 246 151 163 207 219 215 200 165 53 7 344 345 355 4 14 21 2 295 325 7 354 355 9 11 15 45 41 9 2 7 9 1 7 20 22 14 14 19 358 276 259 258 60 8 352 344 346 347 337 341 349 352 355 11 38 38 23 16 354 333 341 341 312 286 278 290 298 305
152 124 151 240 309 71 145 165 172 172 173 198 195 133 114 294 309 316 317 351 0 1 5 338 206 224 228 208 186 174 178 198 223 224 214 222 270 336 309 300 319 347 13 38 35 340 223 198 226 252 17 25 33 49 18 345 357 5 7 7 15 17 10 9 17 30 26 333 282 283 357 343 344 341 337 339 336 343 350 354 19 53 41 12 11 9 358 355 357 354 341 307 277 265 252 191
167 131 153 236 245 92 101 124 158 179 184 203 202 156 47 298 262 226 235 254 321 2 14 15 5 340 258 209 190 186 200 222 240 246 236 237 241 230 222 216 196 202 203 98 68 60 129 199 212 221 219 142 81 51 2 331 350 4 16 39 60 58 40 51 70 72 37 342 328 326 334 334 346 345 334 332 332 345 21 144 128 94 1 358 13 7 356 3 3 359 354 348 336 308 194 158
176 125 135 216 206 155 111 93 91 144 227 270 298 332 354 347 319 310 297 291 301 336 1 1 0 3 0 351 353 356 349 313 284 273 245 236 246 252 262 259 248 242 222 146 113 85 38 9 294 251 242 188 98 21 346 348 122 166 151 139 132 141 156 156 135 95 1 319 324 329 328 328 344 348 338 340 355 70 105 106 71 0 334 348 14 359 351 3 5 0 352 356 15 60 131 134
