code/mhm/set_up/Wesenitz2_0p0625/mhm_setup/morph/aspect.asc
ncols                240
nrows                104
xllcorner            13.90625
yllcorner            50.984375
cellsize             0.001953125
nodata_value         -9999
[rows 46 to 91 of 104, columns 0 to 95 of 240]
355 26 27 33 59 40 311 308 333 350 348 357 0 51 45 293 315 14 47 43 24 19 20 25 15 16 68 174 193 189 164 156 174 173 296 279 216 196 201 203 191 189 191 186 217 293 338 348 210 231 230 213 183 146 145 176 188 194 159 149 176 174 203 243 245 255 320 340 355 9 7 345 315 270 281 21 36 323 276 282 3 48 18 315 321 333 345 4 9 355 12 64 64 39 118 121
4 65 75 73 73 30 282 270 259 214 213 123 30 8 0 344 344 29 68 51 31 38 35 42 31 45 65 81 163 187 169 163 210 233 258 251 168 206 255 240 201 195 216 241 246 228 210 168 315 281 180 181 178 158 149 171 186 194 182 102 108 258 292 305 304 300 304 305 327 357 7 8 1 338 320 354 17 358 326 288 315 45 0 334 319 318 337 1 6 7 25 38 41 53 88 108
17 45 52 42 38 16 284 256 232 212 263 335 349 350 358 358 9 48 67 73 102 123 144 137 145 135 111 104 104 180 188 191 243 233 230 209 171 236 255 251 251 296 291 275 247 225 225 195 190 168 156 170 177 166 159 184 210 251 266 53 23 321 318 281 246 240 221 207 217 240 305 354 356 348 335 347 356 356 355 324 321 356 339 337 320 289 278 325 22 31 45 46 63 94 115 107
15 30 31 25 26 22 336 278 266 273 286 310 281 201 165 172 180 54 52 69 101 122 145 149 149 135 105 73 36 12 352 4 341 213 231 225 180 225 225 282 330 348 346 344 327 321 329 18 123 135 139 161 182 184 281 315 341 334 285 341 344 315 338 153 213 212 200 204 214 215 222 249 299 329 324 341 330 339 0 348 341 323 321 331 291 215 201 185 178 178 175 57 60 75 97 79
19 24 32 30 27 17 1 326 283 237 225 191 182 193 183 175 188 167 131 106 105 108 101 60 30 30 33 14 6 356 354 12 28 0 334 333 18 251 288 303 325 345 355 8 348 326 341 21 47 80 84 26 341 329 303 297 320 344 330 340 338 327 5 25 0 261 225 233 232 225 237 242 216 206 205 182 203 217 233 305 326 303 308 108 151 170 181 182 180 189 202 187 117 88 83 321
31 31 47 31 11 3 3 7 6 356 234 195 209 251 299 0 49 127 151 121 90 60 0 3 6 7 14 14 0 337 351 32 31 0 2 0 7 17 304 292 270 247 299 12 357 315 261 74 86 81 26 356 356 0 337 294 215 201 225 249 295 334 355 5 11 6 343 325 319 288 243 236 221 230 258 71 254 243 234 240 261 281 298 100 119 148 174 185 183 202 214 188 160 120 102 282
63 30 14 0 352 355 8 24 16 13 24 14 310 277 279 330 47 53 32 30 45 17 345 0 7 9 21 27 14 309 149 94 4 1 26 346 5 15 324 310 303 264 246 236 341 75 225 154 90 18 353 356 2 8 10 23 90 188 225 240 255 285 334 355 6 9 353 347 4 0 273 291 324 343 340 8 1 332 309 293 282 270 216 100 87 87 120 172 180 200 199 188 180 49 10 331
196 198 245 282 237 200 145 77 39 22 34 24 353 330 306 293 36 35 16 15 24 6 347 357 3 9 15 14 16 8 13 14 349 66 61 315 338 358 332 340 351 320 263 277 333 75 180 0 0 342 346 1 14 23 45 59 45 23 296 264 252 252 264 309 351 5 1 10 27 0 321 305 316 343 319 23 49 336 304 315 306 266 175 108 84 75 71 87 135 191 178 197 237 315 3 2
214 214 210 194 178 187 201 128 77 45 58 36 351 345 348 310 348 32 26 21 30 7 331 346 1 19 16 11 28 26 20 34 74 125 330 351 305 285 293 270 270 135 263 284 0 98 186 286 325 321 337 38 74 86 87 81 63 45 300 270 257 254 256 267 296 350 15 20 25 344 306 282 244 191 229 180 86 315 270 273 279 243 143 113 97 94 93 91 81 78 100 227 256 258 141 147
235 230 214 191 173 192 219 180 155 175 162 158 275 315 7 333 288 101 63 24 33 2 319 329 358 29 32 33 61 61 52 57 55 11 329 32 18 270 309 345 353 14 323 295 353 48 351 320 344 315 333 66 86 100 96 75 30 30 18 248 246 243 236 229 234 240 18 14 11 332 317 300 281 281 273 281 68 30 254 229 212 169 164 153 90 71 54 29 8 14 42 49 239 225 190 225
247 227 201 181 175 199 226 171 152 176 188 218 270 303 8 78 150 161 185 251 35 341 304 325 0 31 61 87 94 77 49 54 71 45 315 39 51 278 295 336 356 5 350 333 349 23 358 331 357 0 10 42 61 74 68 18 2 18 30 351 239 221 222 225 227 228 248 333 333 323 344 0 329 324 281 210 129 144 171 185 189 178 186 239 349 11 13 2 358 7 30 53 188 225 228 271
292 312 7 117 168 231 239 152 145 174 227 270 285 276 123 106 111 135 198 196 164 198 250 247 156 139 122 132 119 93 32 56 69 38 300 104 35 312 298 320 351 9 356 334 350 21 358 329 344 9 29 33 29 26 8 3 7 9 10 7 15 12 276 291 310 310 322 349 325 284 251 117 176 178 176 176 167 155 158 177 188 199 228 265 288 335 6 3 0 43 78 49 11 345 289 253
242 259 117 120 164 214 202 166 162 186 240 251 225 227 270 27 15 13 1 8 45 315 262 234 140 107 90 16 19 6 11 46 41 15 36 85 297 313 298 299 338 41 24 280 308 9 341 323 325 24 47 34 22 21 4 7 13 358 355 3 20 28 329 299 320 320 325 356 349 309 149 136 162 168 162 173 178 165 154 165 189 217 237 254 249 198 188 168 163 156 95 351 354 13 10 298
220 198 161 149 171 204 198 183 176 237 246 223 211 249 299 355 7 3 4 10 19 6 319 299 30 58 47 0 355 353 40 72 45 30 42 13 332 308 265 235 184 160 163 215 230 248 264 245 216 155 116 122 148 156 200 315 24 351 343 45 61 49 353 285 254 255 253 225 198 135 123 106 103 111 117 149 176 173 165 167 194 235 252 265 278 128 169 166 163 203 271 317 278 11 9 348
223 191 157 162 209 258 282 307 338 347 334 331 302 282 288 334 1 356 9 15 25 20 354 349 356 26 37 41 281 191 114 107 0 32 22 349 348 354 266 197 176 174 180 208 221 218 190 187 192 175 145 147 163 175 197 198 181 180 176 167 169 160 243 258 221 229 234 262 348 71 104 106 78 68 72 66 76 130 146 160 195 228 240 236 202 142 133 138 150 222 213 185 202 225 266 315
327 281 60 339 324 319 300 304 330 343 341 355 356 322 278 218 213 257 353 20 34 29 13 4 357 25 45 54 71 146 103 55 330 8 0 338 350 14 23 19 8 352 357 354 220 208 175 168 194 181 138 125 131 161 192 197 188 183 189 172 -9999 307 300 296 225 228 242 265 327 45 47 40 41 71 83 70 45 35 47 71 161 216 221 210 191 177 161 119 122 221 209 193 214 228 227 226
5 0 3 341 345 0 271 258 237 248 279 332 4 1 45 187 203 214 232 326 32 25 30 40 45 95 81 60 47 12 22 2 338 354 354 351 1 22 43 17 346 340 5 43 37 220 176 139 182 178 144 103 86 110 154 207 201 215 268 319 341 347 0 10 6 341 270 251 206 141 143 81 74 96 110 141 150 108 90 83 94 189 214 202 193 193 185 165 159 245 300 336 320 291 261 242
355 3 11 6 9 14 340 259 207 214 225 214 200 145 114 156 216 220 223 217 176 108 84 59 3 15 17 30 45 5 345 351 343 352 4 26 52 75 105 154 185 191 180 149 159 225 278 85 126 161 173 166 152 149 172 266 309 300 296 311 327 341 13 30 26 11 298 284 333 113 161 168 165 141 121 144 169 164 158 145 129 151 200 192 189 192 186 194 205 267 282 315 306 274 250 236
342 0 16 15 17 17 9 2 356 300 247 242 241 285 29 29 348 232 215 215 191 171 159 157 180 205 327 28 59 65 286 318 335 9 100 141 177 156 135 155 177 187 183 169 178 195 202 164 123 144 172 173 166 174 229 277 311 306 296 309 327 339 45 62 71 108 245 258 168 94 115 156 176 158 126 114 129 144 155 155 146 150 188 183 173 190 215 258 270 247 224 193 192 201 200 205
314 336 6 13 20 25 24 17 5 356 333 322 328 343 10 26 23 10 350 300 191 154 166 163 171 199 208 171 118 111 213 211 189 164 139 137 171 163 146 169 192 209 251 96 135 178 197 187 147 135 168 205 315 324 278 265 251 259 270 276 300 90 108 67 62 64 210 212 181 136 108 110 167 165 139 127 125 127 135 145 155 162 182 191 165 278 271 264 237 209 210 200 212 219 210 209
248 251 276 3 38 43 45 34 5 343 327 323 321 344 36 48 28 358 2 26 101 144 164 160 164 195 192 180 180 160 166 193 183 169 161 147 158 160 156 192 200 200 212 147 118 132 176 190 173 154 233 284 296 243 278 285 295 273 257 240 200 161 171 161 90 33 6 0 26 88 88 74 45 45 94 118 135 147 149 150 191 8 45 296 325 347 326 294 282 285 296 310 313 321 332 335
212 216 214 188 160 115 85 67 15 305 286 279 264 196 115 115 149 283 57 105 123 139 155 152 165 181 172 179 196 180 110 151 170 170 173 168 156 142 147 192 203 202 214 165 122 111 128 184 210 236 257 198 175 212 271 297 323 306 249 223 195 181 181 171 165 188 217 338 13 56 79 90 68 61 79 85 91 94 81 59 302 335 0 343 338 349 349 341 350 344 335 335 326 331 340 347
238 230 214 189 173 144 103 74 30 290 246 227 207 185 146 126 163 194 168 138 112 34 31 66 97 161 135 164 225 254 78 100 123 157 180 213 225 68 82 150 191 195 208 187 147 129 120 225 279 280 170 156 174 236 254 248 207 191 210 208 196 197 186 161 157 180 188 193 192 135 112 132 164 167 150 110 51 10 7 19 326 315 345 348 345 347 347 345 352 349 344 349 348 353 59 181
316 276 238 204 172 140 126 125 151 175 187 195 190 191 185 122 111 158 164 167 160 168 113 52 28 19 61 115 194 203 171 148 143 131 168 227 217 153 75 80 138 186 203 199 166 141 154 278 295 296 122 132 196 260 257 226 188 187 203 205 196 197 181 167 156 149 165 190 195 168 140 142 165 172 174 188 240 331 11 51 322 293 305 325 315 320 331 334 347 346 340 354 15 49 104 159
337 297 251 198 164 138 130 133 156 164 165 197 202 207 223 154 90 88 113 202 169 166 214 120 27 41 75 95 146 183 178 177 180 114 113 225 219 211 111 80 71 85 200 231 187 109 215 270 276 104 109 116 232 271 280 251 188 196 221 218 195 189 175 178 169 121 116 164 206 171 133 129 149 159 174 220 243 254 124 112 266 269 246 216 247 266 283 298 325 326 315 352 53 77 92 120
0 338 165 161 158 144 130 121 137 149 141 202 209 207 231 206 109 79 46 14 107 148 204 195 185 145 105 85 71 83 185 207 202 180 144 173 196 209 184 115 105 105 146 247 246 90 239 258 231 146 133 131 236 260 262 270 135 270 288 288 180 164 164 195 176 124 115 137 205 170 125 127 149 126 153 229 250 246 120 123 233 239 227 231 264 266 258 253 241 244 254 185 110 106 106 109
13 16 55 98 127 137 128 119 135 143 132 171 187 193 216 207 156 145 135 91 99 125 171 188 190 175 143 83 53 52 74 177 198 198 181 162 170 194 192 153 153 155 183 272 291 71 59 217 179 168 159 159 214 242 244 240 45 296 303 343 78 137 172 192 171 145 128 136 178 173 148 157 180 165 164 212 229 212 150 136 225 240 231 233 242 239 222 222 207 203 208 175 144 135 135 160
23 14 32 40 39 39 50 59 38 41 70 87 140 195 227 216 175 155 167 163 136 122 126 169 188 193 205 105 60 55 43 20 7 165 167 164 167 180 186 170 166 190 275 304 338 47 63 133 156 176 181 176 255 244 225 212 196 205 202 185 154 135 166 192 176 158 140 118 124 143 137 150 177 175 173 213 214 198 174 155 226 233 214 202 198 200 193 199 193 187 189 175 160 153 158 267
29 54 90 71 53 46 43 38 19 19 30 27 28 18 270 242 261 59 78 115 124 117 111 126 165 202 215 205 127 65 34 11 20 39 62 87 122 145 170 197 254 309 295 293 142 130 126 119 128 287 323 343 346 335 285 233 190 183 181 174 171 161 164 186 183 176 170 159 149 139 126 96 21 0 333 285 229 217 225 315 273 226 209 191 189 195 190 194 189 183 188 181 172 182 243 250
116 108 120 131 112 41 22 22 10 6 12 14 18 18 17 327 236 156 52 56 68 78 86 98 127 186 206 219 214 113 113 164 113 67 55 39 32 51 69 259 266 276 262 184 157 160 162 108 0 319 326 339 347 356 350 353 12 0 14 94 140 181 159 164 184 183 179 170 165 164 161 345 356 6 356 343 344 338 334 343 358 349 340 0 5 338 335 329 330 326 293 286 311 312 278 228
59 79 79 83 33 327 350 6 4 2 10 19 26 28 32 34 104 189 162 126 138 150 145 135 146 169 207 236 214 166 160 187 206 71 62 55 59 74 77 194 206 201 196 169 163 171 215 306 329 303 273 217 206 217 231 90 45 350 57 93 105 208 171 120 180 188 187 161 354 349 351 321 337 3 1 348 321 324 335 342 353 351 346 0 6 357 357 357 357 355 352 350 350 358 5 345
63 86 77 25 343 327 331 352 1 7 28 53 69 80 86 82 76 108 151 117 91 84 106 122 141 166 195 218 206 164 171 244 273 9 34 41 65 84 64 45 18 214 185 164 165 218 243 225 206 202 194 186 189 197 193 180 176 180 166 122 99 284 206 65 341 347 344 347 351 358 12 350 339 351 0 3 315 294 304 322 328 324 312 337 358 356 355 354 356 353 350 352 359 14 12 344
23 39 21 343 331 334 337 348 1 21 54 71 81 92 98 105 97 65 27 22 21 28 36 41 29 30 93 217 240 315 15 216 196 206 232 33 30 6 2 12 7 12 32 8 351 356 229 200 196 197 196 189 192 199 196 184 176 177 168 92 14 358 7 8 343 337 333 338 350 3 17 6 355 352 1 10 336 277 232 200 194 195 201 208 199 197 211 239 273 296 298 326 1 13 0 344
11 18 3 336 316 321 337 357 6 26 50 58 63 64 57 46 43 27 11 35 67 81 78 67 40 42 60 322 289 310 45 26 336 306 324 346 352 350 357 11 8 23 38 8 357 17 28 20 288 288 309 339 315 236 225 225 210 45 320 326 339 0 22 15 343 333 328 329 343 2 13 9 2 0 7 10 2 351 320 225 206 208 229 232 214 206 208 208 194 195 219 235 275 335 342 342
108 350 345 330 310 309 327 355 3 14 29 37 39 32 24 21 24 19 23 61 86 99 102 101 104 92 65 324 315 351 348 342 343 339 342 345 344 343 358 26 20 39 52 16 348 9 29 36 4 291 298 345 3 0 332 305 327 350 323 304 301 0 43 23 341 315 310 310 317 345 4 3 2 3 7 5 7 10 1 354 358 352 342 343 343 344 349 356 3 354 286 251 246 255 251 209
213 275 309 311 303 299 308 341 0 17 33 37 32 25 24 28 39 51 64 66 62 69 79 77 57 37 7 323 328 353 335 326 327 330 338 345 351 251 165 122 125 102 89 106 263 355 55 58 38 291 258 267 343 3 354 325 328 334 315 297 270 255 37 18 356 308 257 239 228 210 200 214 225 341 349 353 5 8 352 348 358 355 348 350 340 342 351 4 9 6 9 347 229 219 207 201
247 286 316 313 293 272 236 193 180 169 140 98 72 54 56 64 76 84 80 42 49 65 65 40 14 2 345 334 340 343 324 314 309 294 242 171 157 163 167 158 163 154 117 126 203 196 149 118 118 289 312 326 338 352 352 337 341 339 315 300 283 270 180 90 78 191 221 215 209 211 198 206 205 216 249 273 319 339 331 337 1 359 338 332 326 339 2 19 13 5 16 26 27 240 228 262
260 278 310 327 297 216 182 181 182 175 171 162 157 153 113 84 61 47 25 16 53 71 75 87 135 251 289 310 333 345 348 342 315 187 171 167 164 162 161 156 166 159 128 113 159 191 181 168 187 277 312 347 6 6 0 354 352 353 335 232 225 201 173 174 175 183 213 220 241 265 303 284 270 278 288 300 298 300 293 296 21 6 313 306 301 322 39 32 1 346 6 31 27 13 348 287
301 299 310 335 29 138 156 186 192 165 161 167 177 178 155 141 131 63 21 49 88 102 115 141 171 206 259 290 312 336 5 38 104 142 152 159 164 168 167 160 168 163 140 121 109 151 189 197 235 272 289 327 4 16 18 12 5 19 58 161 220 196 165 180 276 320 333 327 304 289 270 236 254 262 274 302 313 315 305 296 338 347 323 302 281 257 41 10 355 345 0 39 30 16 11 354
326 322 330 41 119 121 137 181 188 170 155 163 184 186 164 159 174 194 190 117 107 110 112 124 161 217 251 258 250 216 155 136 131 127 131 139 146 155 161 159 169 165 145 137 115 90 108 236 256 267 274 291 343 27 36 28 14 25 37 11 350 355 3 353 337 337 347 345 336 335 16 338 309 278 258 265 287 309 327 326 326 336 325 301 278 255 246 297 331 339 4 41 28 15 16 13
315 313 1 93 111 110 113 156 186 177 154 146 179 201 150 135 177 218 208 129 104 100 98 102 135 221 245 241 228 207 161 136 129 119 111 107 98 97 109 119 141 137 117 120 117 75 56 281 266 267 270 277 302 53 63 59 41 37 45 17 350 358 7 0 331 319 334 339 337 0 19 349 339 320 261 256 265 277 297 302 298 306 309 293 259 242 230 241 239 234 251 67 47 25 27 20
289 290 95 100 110 112 80 64 98 173 143 133 158 185 167 151 187 227 230 104 64 48 40 54 57 264 232 226 221 207 176 154 147 138 128 132 140 115 64 56 51 79 99 109 123 143 108 234 268 271 272 272 286 52 62 50 21 18 33 14 356 3 8 4 349 332 337 340 342 7 10 351 353 354 349 294 252 240 234 240 245 241 231 212 210 209 206 225 217 207 209 141 122 111 80 36
245 226 132 109 120 147 158 129 122 137 135 123 132 162 167 168 196 221 219 188 135 119 68 57 40 29 145 197 197 192 183 175 169 167 161 160 173 201 80 87 115 126 118 130 144 158 140 191 259 263 262 261 267 25 41 31 14 15 21 5 4 8 2 359 357 352 354 351 350 1 1 355 357 358 3 8 288 235 212 207 211 207 198 192 194 196 201 212 199 196 202 181 168 164 175 225
183 200 174 125 109 121 156 165 174 166 170 162 121 127 143 162 197 204 195 183 176 182 185 142 73 46 60 83 171 187 187 182 177 178 172 169 209 228 163 131 146 147 127 136 150 160 146 180 250 247 242 246 241 224 45 38 20 19 20 4 14 20 0 351 355 356 0 355 350 356 355 356 359 1 10 18 3 348 348 209 206 206 204 206 215 220 218 215 197 197 208 199 185 176 194 198
174 191 178 166 157 148 149 162 176 164 172 183 158 147 140 147 184 190 185 183 189 202 204 193 180 149 111 78 61 71 151 168 177 199 214 248 273 218 142 132 146 147 123 130 149 165 145 164 239 237 241 247 239 225 199 133 126 73 10 1 28 32 358 340 345 352 358 354 350 352 349 354 0 5 14 18 6 1 14 21 15 250 236 241 244 232 219 225 215 216 228 213 193 187 199 198
175 182 175 175 176 171 169 174 179 163 166 182 170 167 155 147 168 175 175 182 200 213 210 200 189 177 167 149 145 139 118 124 201 281 295 326 335 68 95 95 99 102 97 97 101 135 128 147 231 247 260 260 240 218 189 169 176 188 215 215 78 24 353 342 341 345 351 349 349 351 345 348 358 8 19 20 8 3 20 27 25 10 326 259 230 222 237 262 280 279 251 211 190 192 197 191
