code/mhm/set_up/Wesenitz2_0p0625/mhm_setup/morph/aspect.asc
ncols                240
nrows                104
xllcorner            13.90625
yllcorner            50.984375
cellsize             0.001953125
nodata_value         -9999
[rows 0 to 45 of 104, columns 0 to 95 of 240]
0 333 282 285 301 320 334 319 288 249 235 202 101 8 264 221 208 213 217 242 275 304 322 296 261 231 197 160 184 208 288 17 24 16 10 2 358 0 4 15 14 353 0 21 49 78 99 105 94 83 45 11 326 279 288 315 348 343 334 336 317 285 270 250 239 234 228 237 259 300 348 10 8 344 308 296 306 321 351 21 45 60 58 50 57 60 29 10 3 353 342 340 305 303 2 5
8 9 307 285 298 316 349 4 353 344 329 330 113 158 229 238 258 268 275 277 277 284 300 188 181 182 177 179 192 225 270 332 22 20 0 349 352 357 10 28 24 0 3 38 74 88 102 111 82 45 14 13 10 299 280 274 270 274 285 311 324 321 324 335 327 273 239 236 240 242 252 333 0 353 336 316 304 311 28 99 115 111 110 107 100 95 75 63 11 319 312 0 257 247 255 315
13 19 337 290 285 285 315 4 356 353 355 31 66 2 316 322 332 328 318 277 236 214 189 169 171 175 179 202 230 245 244 222 159 135 232 230 215 222 85 70 52 25 70 100 96 87 72 42 13 17 25 36 26 301 280 279 310 318 303 309 313 313 311 325 345 345 330 307 277 251 238 238 236 272 285 268 243 216 160 117 107 105 106 113 113 103 65 114 180 235 255 90 116 242 243 253
28 15 343 301 293 305 324 329 345 15 66 102 59 322 316 324 333 342 1 183 206 202 191 175 173 183 209 245 255 243 224 198 180 182 185 188 194 199 186 137 132 142 136 132 97 59 40 26 8 37 65 77 56 296 303 313 336 345 333 330 322 296 255 251 263 290 288 282 273 243 228 217 197 197 203 197 203 205 193 135 85 59 57 76 95 149 0 15 2 338 308 0 63 229 226 215
26 353 338 319 306 326 352 349 351 27 58 66 335 297 282 281 291 347 102 128 183 201 198 189 182 201 230 233 217 205 202 192 186 193 195 203 216 221 206 122 77 33 30 17 18 28 44 59 94 123 120 113 225 287 298 302 316 326 315 305 194 212 249 249 218 192 195 210 199 196 205 204 192 190 193 196 213 220 209 178 144 117 89 89 90 90 258 315 346 356 343 11 54 65 188 180
22 335 313 308 298 300 332 349 356 17 40 41 326 289 269 252 235 171 119 123 164 208 222 230 225 236 228 209 203 203 215 239 293 330 327 270 219 221 229 315 358 349 355 5 21 47 65 69 72 85 88 87 288 276 263 230 196 202 214 196 296 297 289 273 167 172 189 201 190 192 205 204 191 186 198 219 224 205 193 184 173 173 157 129 126 71 234 258 268 321 318 70 92 112 138 142
39 309 274 275 274 257 260 295 343 25 59 64 341 285 279 263 247 186 107 107 135 240 268 284 304 288 209 198 228 254 279 291 306 341 11 50 173 228 243 263 299 305 316 19 64 78 78 69 63 58 53 65 296 277 265 199 178 216 237 267 321 335 293 153 118 142 200 215 197 210 229 225 198 198 238 252 225 186 188 186 170 172 170 148 186 216 135 257 240 218 228 112 107 120 121 112
5 336 283 258 239 226 245 253 238 115 94 91 153 267 281 283 253 191 118 109 116 253 263 251 200 184 185 255 282 279 272 258 235 197 160 147 160 215 233 244 236 245 248 130 85 84 85 81 80 81 84 77 315 255 219 190 149 280 292 307 329 0 338 90 104 18 336 338 350 326 294 291 319 315 280 255 193 167 184 187 164 162 174 169 203 193 168 208 205 193 190 156 139 130 90 65
286 330 326 286 256 234 240 234 202 157 119 97 18 281 277 271 216 181 140 132 147 209 226 202 181 187 215 257 267 259 246 221 203 190 176 165 169 208 238 249 236 240 247 213 77 72 62 59 72 75 64 29 358 0 215 246 315 288 284 295 334 19 55 104 63 321 338 353 2 359 330 294 264 243 232 192 169 171 183 184 174 170 176 178 187 183 172 197 201 189 185 169 186 333 4 5
273 303 325 319 323 322 282 238 196 161 136 125 302 278 263 231 170 168 156 151 160 225 244 228 195 255 274 272 258 243 225 200 202 198 178 166 178 252 271 270 249 237 239 209 121 81 56 58 72 71 52 0 351 23 12 305 317 287 249 237 232 115 107 97 298 288 294 330 17 37 66 203 189 189 182 165 159 171 189 189 181 173 171 169 174 180 186 238 247 232 210 225 279 300 329 346
271 268 265 258 247 245 255 245 202 135 114 147 247 268 265 217 149 161 171 176 315 307 296 307 340 330 295 273 246 225 204 198 221 202 163 169 203 251 262 258 225 208 215 199 162 135 127 104 80 39 14 353 348 14 24 349 311 273 225 227 215 171 157 159 230 230 218 216 175 122 138 186 190 175 156 149 152 173 202 209 195 173 167 169 168 180 244 262 254 257 291 296 261 268 281 300
247 235 213 210 205 208 220 220 200 130 94 77 278 277 264 172 136 157 296 323 331 331 315 308 328 339 278 217 199 196 192 203 215 188 159 169 209 240 243 235 220 198 225 206 152 136 135 118 83 23 3 346 348 15 31 27 2 101 190 230 219 184 162 206 243 214 213 218 202 130 119 190 189 170 142 126 137 188 228 204 181 171 178 254 334 350 319 305 328 330 341 358 339 315 286 242
262 247 225 238 246 255 255 240 205 161 85 45 259 232 207 170 158 275 303 315 308 320 319 319 336 11 225 168 175 191 205 215 202 182 174 191 261 267 257 253 255 285 297 135 124 97 62 53 39 16 347 312 319 48 60 57 26 30 1 315 318 332 347 356 12 341 234 223 206 161 128 149 169 171 149 122 121 193 214 189 204 323 329 331 344 359 340 316 333 333 329 350 355 345 222 197
336 286 280 293 307 308 298 288 296 330 7 23 25 205 202 197 255 286 291 302 262 248 250 242 198 135 0 90 123 182 210 208 181 187 227 274 287 278 259 249 225 206 192 154 160 172 135 75 33 14 3 338 172 151 127 104 9 8 349 336 340 339 327 357 39 11 350 322 225 176 167 124 135 154 145 132 119 176 248 308 331 339 340 337 345 8 349 282 231 220 234 232 156 126 160 194
2 328 316 320 328 323 315 306 320 319 331 11 36 50 282 283 296 292 282 210 203 233 247 244 206 210 198 111 116 155 201 202 189 239 258 240 240 227 219 216 193 189 184 163 168 195 197 150 0 8 35 74 124 142 147 207 300 329 319 325 346 9 319 333 27 8 20 33 348 30 135 131 149 152 143 141 117 225 280 284 292 304 321 336 356 28 56 178 184 193 206 204 181 149 149 214
341 315 302 313 343 352 299 277 296 297 297 0 57 57 347 280 264 233 207 186 202 248 256 240 188 185 171 144 126 126 208 236 243 244 211 197 209 207 209 206 187 186 192 183 181 237 227 181 203 189 137 123 124 130 153 227 213 202 215 211 190 171 225 248 111 130 137 151 186 171 147 124 135 135 131 139 129 292 293 277 247 238 242 252 333 59 76 104 155 183 196 197 184 173 169 209
333 263 260 255 205 143 182 222 221 235 259 305 63 60 30 274 257 225 220 240 282 288 274 236 180 154 154 162 158 140 243 261 225 201 190 191 215 217 214 214 197 190 210 216 227 222 186 178 188 186 167 146 133 126 147 190 186 185 196 196 188 191 213 219 164 136 140 154 180 183 181 156 66 55 73 102 180 283 285 263 225 232 230 206 188 171 133 118 137 153 165 181 182 187 191 211
45 264 247 218 188 174 190 233 228 239 266 308 14 37 45 302 265 275 281 266 262 243 216 191 180 154 139 161 195 281 315 295 315 329 341 322 289 270 242 242 221 233 276 264 225 185 165 174 186 194 180 141 123 120 130 154 173 185 195 193 196 213 231 237 166 121 130 137 156 181 198 201 188 146 103 102 173 221 211 196 203 225 210 182 181 184 171 163 172 172 161 161 205 263 278 270
41 337 300 299 270 263 290 292 303 294 283 292 355 56 53 12 284 198 191 205 202 191 190 187 182 171 156 168 253 291 323 326 343 326 351 3 270 243 270 274 273 276 285 320 288 140 146 172 198 205 191 173 98 70 75 81 74 288 184 181 209 227 229 221 183 138 141 155 149 167 213 225 209 168 126 104 127 191 196 201 209 203 185 172 178 188 180 181 187 220 324 0 337 328 342 350
12 342 339 353 9 358 329 300 297 284 271 268 225 82 43 18 29 29 123 184 190 190 203 219 225 251 45 71 259 261 266 243 243 286 348 81 213 249 266 277 304 294 278 303 68 107 126 170 203 197 189 203 189 124 78 75 52 8 93 135 203 213 210 206 192 165 148 158 168 218 291 291 281 116 115 119 132 157 207 227 215 196 180 190 293 329 340 333 345 343 339 356 350 332 338 356
348 329 335 358 27 23 351 317 321 312 285 274 307 45 42 45 32 20 39 48 0 275 281 289 311 336 357 18 320 254 221 192 243 283 0 66 45 272 271 256 228 214 221 203 152 119 106 132 189 189 193 206 189 183 166 113 140 173 148 135 261 246 218 200 192 186 177 165 188 225 217 197 188 173 150 139 156 213 307 319 331 322 344 334 326 340 344 338 348 349 343 357 351 330 319 348
336 329 347 18 38 30 355 329 341 344 328 312 311 57 86 84 351 15 30 19 12 349 324 317 323 336 347 20 21 288 225 239 251 241 213 66 15 308 291 272 212 189 202 196 165 132 93 81 112 174 191 197 183 183 191 162 149 178 198 330 341 345 357 31 145 193 193 181 196 203 188 184 183 180 165 153 326 335 319 328 349 343 343 334 314 317 323 323 339 352 1 73 220 242 195 163
316 332 51 33 21 48 332 300 323 345 341 333 322 63 77 15 325 349 10 20 35 0 315 305 308 323 333 45 60 59 288 282 261 230 233 282 8 351 288 308 101 161 209 201 180 161 90 81 82 103 161 198 184 176 194 181 164 236 290 310 321 324 9 51 60 78 225 209 210 207 183 185 184 192 215 285 303 325 296 296 328 344 334 318 286 269 272 272 239 180 129 121 193 228 169 126
270 209 113 135 270 78 300 289 304 353 71 180 201 135 52 355 356 338 0 45 52 23 315 306 317 329 339 41 41 25 344 315 347 333 315 311 119 150 235 216 135 116 180 194 180 178 155 135 126 123 124 233 263 0 348 315 329 299 276 278 294 296 68 88 84 69 315 315 315 323 0 3 0 329 319 317 303 320 311 280 266 299 321 312 304 285 266 236 192 186 151 120 182 226 171 128
270 315 66 35 -9999 102 267 265 244 183 120 135 237 315 332 343 359 349 10 28 19 28 345 311 332 342 346 7 10 9 6 347 339 331 312 74 131 173 215 213 182 154 165 173 166 171 169 161 151 149 26 324 318 344 5 351 336 305 278 274 280 288 81 80 66 27 342 354 335 322 358 3 356 330 329 352 340 311 321 322 301 274 263 275 289 285 251 200 183 185 172 159 186 205 171 153
293 355 42 95 158 163 233 236 207 192 166 174 242 240 253 274 325 348 23 29 21 46 12 294 312 330 330 356 12 19 34 26 288 213 213 136 132 192 240 216 173 165 166 163 157 168 175 180 315 335 344 345 337 345 12 11 357 329 297 281 265 246 101 75 47 357 343 5 0 327 352 13 0 295 294 358 3 311 304 324 342 336 281 268 264 270 270 145 171 178 168 173 199 198 173 152
253 230 88 92 126 191 232 240 208 186 174 190 199 192 213 228 232 205 135 114 97 81 23 300 305 310 297 18 109 118 101 114 159 185 182 141 127 312 316 345 22 37 62 33 19 17 0 332 330 334 340 349 348 350 8 13 4 349 333 330 327 329 26 36 15 341 335 0 9 354 0 29 13 289 258 216 270 292 281 270 288 349 332 306 255 234 189 141 161 173 162 186 207 197 194 174
211 205 176 72 55 59 234 219 184 171 168 197 202 204 231 239 232 192 164 167 160 155 291 294 296 280 247 145 135 147 138 128 142 182 169 156 257 288 312 354 4 18 22 355 354 6 4 347 331 336 344 353 356 350 2 12 5 353 345 348 351 355 3 9 7 345 325 343 11 15 19 13 0 341 319 305 236 246 254 266 266 201 206 210 209 210 180 152 149 120 143 184 190 196 199 191
227 237 251 30 46 39 353 203 161 149 143 204 225 244 257 251 226 180 163 168 173 211 253 270 278 277 270 81 79 83 94 93 97 146 155 198 257 249 231 225 251 36 29 341 332 349 353 351 327 319 337 0 15 343 327 9 7 355 349 356 6 6 356 5 9 354 333 319 349 11 15 2 354 354 353 14 351 295 287 289 322 50 155 234 264 198 191 320 344 23 41 71 140 175 186 193
258 261 268 315 54 56 49 90 135 147 130 188 237 240 228 214 202 180 172 180 236 281 286 293 318 338 339 23 39 43 54 72 90 114 145 247 264 233 207 208 197 185 185 205 198 218 249 260 239 242 237 150 127 160 196 196 184 178 192 203 120 114 168 185 219 302 351 315 320 349 3 1 357 355 6 31 356 324 315 275 215 130 23 305 306 101 284 306 344 74 87 104 110 119 158 196
277 261 248 220 127 97 111 130 135 141 131 192 243 229 207 203 210 206 205 225 280 299 312 316 325 340 345 50 70 90 104 101 94 91 98 246 236 204 204 215 198 190 188 187 194 209 218 197 193 221 216 180 142 145 174 193 192 183 197 200 188 174 355 10 303 304 347 331 331 344 354 356 356 351 7 27 358 339 353 344 111 153 232 251 195 143 284 307 20 59 91 106 102 105 120 216
304 317 270 210 178 129 104 98 98 90 68 323 315 322 323 232 225 225 218 225 267 289 307 319 331 7 81 140 132 104 106 104 97 100 118 206 232 234 253 258 225 204 180 181 198 205 223 257 309 215 205 188 162 152 162 206 212 197 205 194 194 215 238 0 310 313 337 322 324 338 357 336 333 330 3 39 6 340 0 9 33 38 188 192 190 201 247 247 135 75 70 48 68 105 149 261
284 330 26 158 181 182 75 53 52 53 0 321 326 343 28 114 204 226 229 255 279 282 285 278 264 119 123 144 158 131 129 142 136 140 142 253 282 291 284 284 327 355 23 50 198 214 240 253 257 71 198 185 150 160 190 242 225 196 205 199 208 225 218 220 255 263 275 267 242 200 165 203 207 198 184 145 288 315 350 39 57 49 66 124 191 204 214 207 186 177 127 126 139 131 180 241
278 236 115 118 157 204 204 138 139 159 215 247 233 192 135 98 321 291 284 285 255 237 215 194 185 162 150 160 161 147 143 146 148 148 336 306 299 292 234 238 228 191 141 102 120 187 223 213 198 188 181 158 127 192 262 276 245 225 245 243 270 278 268 276 275 242 239 233 216 193 180 198 190 178 176 180 208 208 178 171 135 73 55 57 36 220 202 207 193 194 166 137 147 152 315 281
245 180 163 153 158 201 212 165 157 172 207 235 221 195 161 345 333 323 309 311 188 196 193 188 183 171 160 168 161 153 153 122 83 329 333 301 264 198 177 194 190 182 183 176 155 116 240 210 205 217 215 173 55 340 302 315 315 302 315 309 283 260 250 253 240 217 228 217 182 190 202 180 177 154 162 194 222 210 174 183 190 180 45 43 27 34 111 199 193 195 174 147 293 329 350 36
180 180 175 152 137 208 217 169 160 187 237 260 263 270 270 273 284 292 289 322 68 108 171 192 192 180 169 164 164 166 190 45 344 325 341 340 327 101 149 302 340 0 342 327 345 6 353 358 1 285 273 300 351 0 339 315 315 285 278 206 214 195 210 223 215 194 210 210 180 187 201 188 186 151 159 203 218 216 174 171 197 200 187 114 67 74 69 24 225 186 160 176 228 237 180 125
164 208 252 353 31 357 264 149 144 249 261 249 233 241 281 290 297 293 270 254 45 45 55 99 204 188 178 150 180 302 315 319 320 319 338 357 5 19 350 327 341 2 1 331 310 29 338 3 56 248 234 227 208 171 188 233 278 285 315 98 225 265 300 295 272 173 186 199 199 209 236 266 315 32 50 168 195 202 183 163 197 186 186 189 154 122 75 21 16 52 98 160 214 204 186 168
30 321 275 281 20 3 16 26 6 341 234 225 240 268 305 296 279 241 225 239 206 87 74 58 12 281 288 345 345 333 307 292 286 278 236 173 165 135 297 280 215 182 156 173 196 212 263 90 66 356 299 282 198 183 219 275 318 335 348 30 356 301 303 309 3 95 157 210 232 233 227 230 201 198 35 25 25 315 161 161 194 164 176 187 170 167 184 172 143 97 91 102 239 244 235 183
59 0 284 281 270 296 34 48 24 90 161 236 260 274 285 257 233 196 228 254 198 114 98 69 24 357 328 321 353 18 315 280 266 246 186 164 180 198 238 214 171 191 170 161 259 290 329 26 21 348 307 315 26 11 279 284 306 344 356 74 90 272 268 263 108 86 21 334 279 246 208 209 188 205 231 0 49 37 64 100 192 164 126 158 171 203 234 191 156 111 98 97 276 279 282 101
80 12 292 315 343 329 24 66 59 77 73 264 256 248 225 203 205 203 250 268 341 85 90 90 90 135 248 249 191 116 180 220 221 206 182 168 174 186 208 191 169 196 196 217 270 272 296 11 13 355 326 338 56 26 302 281 248 194 167 124 164 214 214 216 176 135 296 329 255 209 195 214 195 237 244 216 101 51 84 93 153 236 90 92 135 261 253 158 161 135 110 45 315 319 348 45
55 16 297 297 329 336 45 64 45 38 20 331 261 232 202 178 187 204 239 263 324 83 103 124 151 186 240 241 191 142 146 184 194 188 183 177 180 189 197 188 178 204 231 255 271 275 295 340 10 12 14 75 125 251 263 221 189 189 180 140 158 204 202 202 201 209 239 171 171 174 187 203 193 213 216 213 242 59 77 54 353 348 28 52 55 249 237 129 138 126 125 287 306 319 35 97
53 41 294 230 205 201 270 16 10 5 4 3 353 261 218 180 265 279 260 239 186 138 132 154 176 201 237 248 206 125 120 147 177 191 197 214 297 330 351 1 0 339 312 295 270 261 262 280 1 40 69 112 156 196 201 176 176 188 183 157 160 213 204 213 242 258 201 154 156 164 197 225 211 220 234 254 265 123 114 168 303 335 31 50 59 149 221 158 74 80 99 241 242 204 149 139
68 45 18 135 217 237 274 315 347 2 11 17 20 348 328 344 348 348 332 261 168 140 119 140 180 208 233 233 225 98 93 104 135 233 281 307 313 321 346 4 3 1 356 330 240 231 226 225 205 129 108 113 139 210 208 149 161 173 161 171 192 192 178 199 227 226 171 149 159 175 225 254 262 261 253 244 212 160 150 187 219 205 160 105 92 109 196 186 169 120 82 219 216 187 153 141
54 37 29 40 18 231 236 249 242 168 33 2 2 347 326 337 1 8 4 25 41 45 56 49 20 298 264 257 251 101 79 78 75 281 265 251 246 243 250 321 356 12 27 41 135 206 210 210 198 173 150 139 143 285 315 98 180 123 106 149 215 171 156 202 222 201 176 163 172 198 230 235 208 196 207 203 184 172 167 181 206 201 179 156 136 129 161 171 177 184 74 66 194 198 144 90
26 18 3 26 28 5 270 257 237 240 310 330 343 347 327 324 22 33 45 90 113 99 72 55 21 344 306 295 329 45 57 62 39 315 212 216 220 218 215 216 203 169 109 90 111 171 205 210 199 186 175 171 206 234 180 149 173 171 138 153 215 139 147 251 257 188 170 168 190 212 214 211 194 189 195 184 177 180 182 183 192 198 182 168 167 164 169 153 164 228 231 87 101 215 225 103
3 14 1 17 30 23 330 318 342 347 343 342 339 355 341 304 0 24 38 51 52 57 71 66 45 341 251 217 194 191 127 110 119 125 180 247 231 212 205 203 191 184 180 157 151 171 255 236 209 210 219 225 206 180 168 168 177 195 122 152 180 150 171 230 233 225 21 357 346 333 219 217 199 200 205 169 170 190 213 233 149 188 184 177 185 201 288 15 38 288 254 109 110 186 194 136
