code/mhm/set_up/Wesenitz2_0p0625/mhm_setup/morph/aspect.asc
ncols                240
nrows                104
xllcorner            13.90625
yllcorner            50.984375
cellsize             0.001953125
nodata_value         -9999
[rows 0 to 45 of 104, columns 96 to 191 of 240]
356 342 284 233 222 239 306 15 11 10 19 25 38 46 46 39 6 306 318 356 13 24 29 308 277 251 236 96 75 83 131 167 177 172 160 158 159 142 66 14 2 349 333 142 136 133 125 112 116 130 123 114 350 313 312 338 0 2 355 335 325 334 346 350 347 346 349 7 27 20 348 354 3 22 48 60 57 34 71 203 212 201 205 213 205 162 132 115 55 352 344 341 37 94 84 43
345 1 14 313 277 276 281 324 359 9 23 37 47 48 46 40 24 1 239 211 150 56 34 328 306 290 291 36 62 61 49 48 50 30 60 18 352 357 2 12 14 104 131 137 130 124 116 111 113 115 105 45 304 300 309 331 344 1 23 45 232 239 275 315 329 327 321 0 41 29 345 66 141 149 102 45 24 21 45 59 195 186 199 201 190 167 135 26 356 349 341 25 100 114 120 153
268 353 49 346 284 262 249 233 204 187 79 58 46 39 36 27 19 25 29 353 270 347 12 333 339 343 332 8 36 41 35 34 31 12 18 5 347 351 29 86 128 130 117 111 99 95 98 101 85 33 6 355 315 273 255 255 260 119 94 71 291 264 259 260 279 302 286 288 71 45 27 73 59 16 3 3 7 21 42 41 32 45 156 191 218 300 345 349 353 3 39 112 117 114 104 99
207 186 170 185 211 225 218 197 184 185 183 165 68 35 26 20 22 34 34 15 4 359 1 324 328 352 342 348 15 34 34 31 24 21 31 39 90 153 149 145 158 155 137 127 119 125 127 111 354 349 343 355 355 288 258 246 214 173 111 12 352 315 255 236 245 270 304 351 30 5 19 22 5 1 3 6 3 30 55 43 18 25 47 15 296 307 322 348 135 122 118 112 104 86 49 35
189 190 181 188 206 215 198 178 178 183 188 192 195 187 21 25 37 44 36 20 14 14 8 336 315 341 288 295 22 64 64 55 43 60 98 141 164 163 152 151 165 165 154 148 137 126 45 355 342 339 332 353 5 335 316 315 339 338 337 344 5 15 296 255 242 247 264 327 343 341 359 7 3 5 17 23 33 77 74 22 7 31 50 26 279 246 187 182 171 131 120 114 91 71 78 102
172 198 191 202 222 210 185 168 172 180 184 194 201 202 199 176 120 74 41 19 15 21 22 21 45 151 184 207 174 138 139 150 154 140 129 135 153 135 106 98 113 126 125 120 71 30 326 337 351 347 342 352 355 353 342 340 2 349 325 323 351 0 352 354 344 299 288 306 315 315 335 6 11 16 38 41 43 42 15 357 9 44 48 8 337 357 9 340 356 32 56 62 82 109 128 131
119 229 227 237 243 213 168 159 160 152 161 202 221 219 209 191 162 131 51 14 23 43 54 70 94 122 140 191 172 144 144 154 155 147 129 59 6 29 51 55 45 57 69 350 23 29 293 305 344 343 330 339 350 3 7 11 30 18 296 291 315 331 343 6 11 310 287 282 279 280 286 26 48 56 71 66 49 32 8 3 41 68 61 349 336 20 22 338 352 40 54 57 79 96 105 110
14 349 321 293 285 304 81 71 15 61 74 249 246 236 220 202 179 170 239 312 29 46 51 60 64 70 87 138 149 114 97 66 48 34 13 358 5 45 68 79 85 90 77 309 18 45 276 258 249 288 305 326 348 9 17 19 14 5 343 330 336 343 354 16 18 336 317 321 312 277 243 165 153 132 104 89 52 25 10 17 54 81 82 304 307 30 19 350 357 33 47 57 71 69 51 6
1 7 3 329 310 350 61 80 206 79 58 4 246 201 192 189 187 195 223 251 324 20 41 51 38 31 55 55 41 31 16 5 8 8 7 3 14 43 57 70 71 65 18 321 0 37 338 236 220 257 287 312 343 7 13 16 11 359 341 333 340 350 2 12 16 358 335 338 343 298 206 162 165 155 127 115 94 21 355 15 42 56 54 293 245 243 9 354 4 53 70 77 81 75 37 350
0 13 10 352 346 8 34 32 12 55 82 99 138 155 178 186 197 221 241 248 246 225 70 58 30 26 38 19 3 357 357 0 7 13 21 32 62 82 83 84 78 15 340 328 354 28 24 0 263 259 263 270 295 358 15 19 13 356 326 315 322 338 359 21 33 23 339 305 150 173 160 132 140 129 107 114 145 171 187 190 120 68 66 91 193 189 183 179 177 161 141 136 107 89 61 294
346 20 2 351 2 22 28 18 7 18 45 63 80 78 103 171 227 257 266 262 222 179 153 119 72 49 44 13 359 350 348 357 13 30 51 78 107 119 104 66 22 343 333 339 351 8 19 19 357 293 266 262 272 320 0 13 10 0 326 285 266 258 253 83 81 82 130 170 175 174 169 160 158 135 107 107 119 142 171 190 184 141 103 83 105 162 171 173 177 173 152 132 83 73 59 249
203 190 298 325 8 29 18 7 6 18 41 35 19 46 63 84 240 247 241 215 175 163 166 171 175 154 94 0 349 334 317 344 58 72 78 80 60 23 18 13 4 346 334 339 345 1 23 31 17 327 286 261 255 263 312 2 4 0 348 311 254 224 195 146 116 106 112 140 169 173 176 178 175 168 151 143 127 106 108 157 170 149 124 104 107 125 132 139 171 270 11 54 93 93 81 180
204 232 256 259 308 41 26 31 50 82 88 90 105 103 92 86 198 223 212 191 168 158 167 193 194 185 214 242 207 207 204 178 147 113 80 39 4 359 8 9 4 356 348 343 340 358 28 29 8 351 344 321 288 267 249 239 270 315 320 311 285 250 182 141 123 113 100 96 126 160 181 183 173 168 157 163 162 138 124 127 135 135 130 121 118 122 45 4 356 353 60 119 120 104 62 30
242 272 269 233 197 169 149 140 156 152 128 131 143 137 120 101 65 233 201 182 168 163 214 266 253 225 211 183 179 196 194 160 138 99 39 0 350 354 5 11 5 2 1 353 347 356 15 15 5 358 355 351 342 336 321 195 182 185 202 232 258 175 148 146 145 149 155 144 132 146 185 192 173 165 154 165 169 159 154 155 154 149 140 129 114 29 348 71 164 160 142 138 106 41 21 21
251 253 228 190 182 179 163 136 140 137 110 90 61 63 80 82 0 32 90 139 161 251 274 250 207 188 175 165 180 215 205 142 123 81 355 302 304 327 4 19 8 5 2 348 346 355 8 12 11 10 9 7 358 77 137 156 170 187 230 261 254 131 135 143 146 148 156 155 145 145 206 235 180 96 116 145 154 152 150 154 160 157 143 113 39 15 119 132 155 155 136 157 308 6 29 30
228 215 195 181 182 190 169 114 108 97 73 32 30 46 52 40 24 108 112 112 161 257 218 203 195 175 159 154 189 230 225 139 119 131 186 220 217 206 189 178 182 315 326 321 329 351 11 18 20 29 42 61 114 142 149 158 170 195 229 231 186 135 123 117 88 72 79 96 109 122 212 208 184 165 149 156 162 155 152 150 159 123 38 18 63 119 135 132 149 149 106 315 296 350 45 12
225 214 203 205 233 265 315 90 83 78 90 122 131 119 101 88 107 120 121 127 180 201 184 191 188 172 162 170 247 264 260 128 125 145 191 266 272 260 249 278 319 318 293 281 273 219 128 95 53 47 45 43 45 63 95 135 165 189 202 199 182 159 146 152 147 104 81 73 71 82 149 174 177 174 161 158 162 154 152 18 341 350 9 41 90 113 128 132 126 351 353 340 333 24 24 337
254 239 232 234 247 252 146 126 145 148 127 136 140 135 119 100 90 64 48 54 74 161 169 178 180 173 175 221 246 234 218 163 142 180 304 305 314 332 342 335 343 346 304 238 211 179 169 173 174 145 87 72 70 70 73 83 112 168 178 185 180 172 169 176 176 174 153 122 113 113 119 128 151 164 123 60 51 15 348 342 341 0 111 95 85 90 85 353 352 350 349 355 9 28 348 325
345 324 306 233 212 197 167 155 166 170 153 143 132 52 20 31 26 19 28 41 40 31 40 57 71 108 225 246 219 196 195 172 183 271 301 286 272 274 291 294 286 165 156 178 190 184 176 178 178 171 156 137 126 124 119 111 116 130 126 147 158 167 171 174 183 187 169 156 149 139 117 50 12 2 5 26 11 348 348 0 75 131 149 150 112 82 356 331 348 358 6 17 16 10 351 346
2 356 0 24 86 176 158 148 160 155 152 163 175 201 220 34 37 61 91 102 90 75 71 56 32 30 45 231 194 182 189 184 230 246 233 229 230 223 216 205 187 166 151 158 184 201 208 202 140 129 130 130 131 134 132 115 106 106 107 116 109 99 102 126 270 315 45 66 53 30 16 13 5 357 13 23 348 342 12 56 83 96 115 149 141 101 304 307 337 11 38 34 6 4 358 356
27 356 22 65 82 101 106 108 141 136 135 160 178 202 206 199 148 119 127 141 150 143 129 126 116 90 111 167 175 180 203 230 261 255 235 237 242 240 231 201 180 155 140 152 194 229 238 233 125 104 103 98 83 55 42 49 45 45 64 62 56 55 64 3 317 331 11 10 3 12 16 10 2 355 2 5 0 8 48 84 103 96 90 96 105 315 283 263 215 157 98 28 354 2 6 7
172 191 184 109 90 103 137 138 147 142 112 61 52 183 204 209 167 129 133 151 164 159 146 149 164 147 116 119 155 248 297 315 301 297 312 302 242 216 206 188 177 156 134 150 223 244 244 229 162 112 97 62 23 18 27 39 32 19 34 30 27 22 8 352 335 318 333 342 356 12 12 9 4 359 4 12 30 67 101 117 135 130 67 30 11 329 311 299 219 173 143 321 331 0 11 5
151 204 223 95 63 67 80 98 97 78 30 358 38 81 191 235 160 114 120 147 185 153 144 135 149 155 122 98 78 286 295 310 289 281 292 315 161 189 201 190 178 155 132 158 253 258 249 234 192 93 69 31 10 22 47 59 46 15 40 45 41 19 352 357 34 225 282 306 340 1 10 21 17 12 32 55 83 99 110 112 121 171 336 11 9 306 303 343 3 21 66 255 281 344 31 355
132 200 219 199 126 78 57 40 17 11 15 55 113 106 140 225 167 130 130 154 191 176 159 156 161 161 149 90 341 315 307 315 300 280 260 150 117 152 204 198 183 149 130 195 256 263 266 261 212 121 118 146 194 92 94 98 104 90 79 71 37 9 345 9 27 347 325 329 332 338 359 29 35 45 91 121 119 112 104 88 57 333 333 0 1 311 300 341 6 26 18 329 315 349 30 23
160 180 196 198 190 111 54 21 3 5 25 57 86 100 123 177 170 153 156 185 216 158 158 185 315 18 0 338 331 327 332 302 286 270 229 159 131 138 172 189 185 163 162 251 276 270 253 219 174 148 144 176 218 102 86 87 74 0 55 32 7 8 358 21 9 317 325 337 321 327 356 42 49 60 94 125 133 118 11 15 9 347 348 357 356 337 333 353 359 359 355 343 330 356 45 62
155 175 172 190 204 188 156 164 178 178 142 72 51 54 80 117 156 146 156 280 328 2 2 354 353 3 1 355 349 326 198 251 258 263 225 135 126 104 97 164 188 160 243 290 298 249 206 187 166 160 166 188 192 172 123 84 22 0 9 8 10 9 6 28 358 308 320 334 317 293 144 101 101 101 99 84 352 343 348 8 18 354 348 355 0 359 351 350 357 349 340 340 321 5 63 62
135 145 138 162 194 195 176 163 172 178 184 185 90 72 79 93 130 140 150 252 270 323 351 358 358 4 8 9 13 15 6 345 330 320 135 126 138 147 125 122 168 161 266 270 206 168 180 184 172 180 240 150 144 166 166 45 358 356 354 357 0 357 2 12 2 344 336 339 332 183 155 137 138 114 58 345 336 336 345 8 17 6 358 0 3 11 12 2 1 358 354 323 311 358 37 33
180 145 123 130 173 195 190 164 162 166 181 199 180 140 120 110 117 149 90 245 238 235 232 219 315 26 24 7 7 15 8 350 1 22 33 57 76 108 130 139 165 192 250 238 163 141 168 212 235 257 205 160 104 73 305 326 348 334 329 336 342 348 0 12 10 1 4 137 156 156 149 29 10 6 0 339 325 318 327 1 15 13 11 16 10 8 12 7 2 5 12 358 333 353 21 24
190 156 130 114 118 180 196 178 170 162 162 188 184 164 150 130 120 315 341 342 313 252 217 194 185 183 193 230 300 16 2 345 11 24 17 26 39 62 105 125 351 341 246 211 166 124 145 230 214 178 173 184 160 135 233 209 178 212 242 250 240 221 198 120 50 21 51 88 123 150 275 324 358 1 358 327 290 273 263 262 26 26 24 25 10 359 9 9 0 7 16 4 346 356 18 35
192 157 140 132 119 120 183 168 167 160 149 172 180 176 172 147 210 289 313 329 342 342 329 258 200 201 227 236 232 225 282 275 83 10 5 22 38 45 42 27 348 135 164 195 177 130 140 199 191 175 173 192 183 169 192 188 180 200 210 200 193 191 187 183 194 246 33 51 54 27 274 229 185 182 195 249 252 238 225 207 193 176 135 20 0 2 19 10 355 9 25 19 7 37 74 83
189 135 124 121 94 16 27 85 135 150 138 154 159 180 180 164 228 246 236 245 279 329 356 8 6 354 335 273 210 201 198 180 174 205 228 74 59 41 36 54 114 168 162 183 180 146 111 0 303 324 8 135 167 176 191 203 201 221 221 194 188 200 192 189 213 225 198 87 68 32 329 188 170 194 225 251 256 232 221 210 197 189 208 259 302 88 96 1 337 21 49 50 51 68 97 100
344 38 47 50 38 341 106 113 139 158 157 172 166 173 198 251 276 251 247 265 278 293 337 19 14 5 8 12 60 174 183 170 172 195 199 183 161 144 123 101 106 149 154 185 192 215 334 348 351 353 11 31 30 4 329 332 347 351 336 356 351 288 225 177 215 211 196 163 124 93 78 80 41 319 280 268 272 275 241 220 199 215 257 252 177 151 164 196 188 173 141 90 11 15 27 43
243 95 92 105 139 167 156 132 140 159 151 170 187 284 322 340 347 337 320 311 306 291 233 143 149 161 11 9 29 47 83 117 135 172 185 187 180 169 166 151 136 119 26 340 342 340 324 329 351 4 11 24 32 34 304 297 332 352 354 3 1 345 52 81 230 217 204 182 155 142 170 338 356 342 326 315 312 338 270 227 223 242 232 194 165 160 180 193 183 175 170 218 301 355 26 38
180 167 150 133 138 153 162 140 137 166 145 315 312 316 325 343 352 343 329 316 310 299 149 158 175 194 229 291 38 62 75 86 105 126 157 184 186 171 171 206 343 349 347 350 358 7 337 317 347 14 25 58 70 45 331 297 316 332 340 3 15 22 33 28 0 341 310 315 32 45 323 322 345 344 338 344 349 41 122 211 226 213 191 177 168 166 190 193 181 179 197 243 256 267 59 70
106 151 157 140 136 137 151 145 129 108 324 321 318 309 305 323 342 324 295 268 254 146 114 137 172 201 219 203 169 141 137 150 153 145 123 323 338 2 337 323 337 340 336 354 14 20 358 334 351 54 92 112 108 336 347 329 327 312 310 4 40 41 35 15 356 356 351 349 16 25 302 289 307 300 278 157 145 140 150 186 203 191 177 194 318 351 3 18 161 225 258 253 244 222 155 123
104 106 124 117 119 137 150 225 340 9 336 303 291 266 240 220 204 210 222 233 225 156 125 134 166 194 200 189 176 162 153 148 155 190 315 320 342 356 340 317 327 323 311 347 19 16 13 18 54 105 110 111 251 287 324 333 332 294 248 178 115 77 14 345 350 6 16 16 36 39 282 240 199 190 190 181 176 154 149 181 203 217 291 322 338 357 14 15 5 351 336 321 267 214 150 120
137 91 77 99 118 135 331 337 347 8 2 317 281 257 236 225 221 239 251 225 186 155 140 146 171 183 195 192 177 157 137 67 11 326 308 306 321 340 347 340 340 326 288 278 8 25 48 72 96 115 111 96 292 283 291 308 315 245 203 182 163 36 325 320 338 21 43 41 27 9 1 315 185 182 194 204 208 170 129 183 243 273 290 301 322 353 15 10 0 356 355 358 344 0 39 17
152 137 126 123 130 294 316 335 353 14 28 357 315 322 325 320 317 311 201 167 160 152 142 149 177 199 240 254 191 123 90 0 353 315 306 311 319 323 334 351 355 330 213 200 192 166 133 117 116 123 117 347 320 299 290 216 181 176 180 210 264 303 295 284 274 93 75 29 359 0 18 30 14 2 358 307 240 256 352 348 345 330 297 287 297 329 358 1 359 0 5 5 359 8 9 356
119 127 120 111 135 278 282 296 348 45 71 45 289 304 311 306 311 0 118 129 129 130 125 127 198 258 258 235 170 156 172 193 219 270 283 291 300 302 235 195 150 139 160 187 187 178 137 113 110 109 198 297 317 276 252 138 160 182 220 270 285 286 277 267 232 115 87 358 337 3 46 57 27 10 23 30 299 283 307 329 349 349 302 284 282 294 321 350 1 8 22 10 9 23 6 355
88 104 104 97 165 244 231 202 182 168 148 230 287 282 281 304 340 90 117 122 112 99 87 81 161 225 222 201 172 159 175 204 240 268 267 252 235 184 175 184 177 169 173 188 184 188 145 99 76 74 288 242 194 207 202 161 168 194 236 263 260 229 228 222 189 158 161 218 252 341 79 75 40 24 45 37 330 304 311 328 355 3 327 298 289 287 291 323 0 13 22 7 10 19 8 10
117 124 119 104 115 215 210 189 180 177 179 209 212 205 245 242 162 140 147 155 158 148 123 82 102 208 206 209 172 155 214 276 278 254 226 213 203 177 172 180 179 178 187 192 182 188 189 135 45 50 41 213 183 197 190 173 178 192 215 219 192 183 199 198 182 173 180 205 218 197 124 99 84 45 27 1 333 307 304 323 356 6 346 323 300 278 261 261 307 23 31 25 41 48 25 32
140 138 130 126 119 296 262 177 171 180 190 204 204 211 212 190 168 149 144 154 171 180 185 135 80 341 325 311 11 26 315 320 335 296 217 234 233 172 281 348 18 354 299 225 160 222 271 323 19 43 41 27 8 343 356 54 153 206 220 207 180 177 197 194 180 178 197 220 219 197 161 150 168 198 290 330 325 301 273 248 185 158 192 202 202 200 201 200 188 180 176 171 171 173 178 166
140 142 132 128 288 321 353 28 30 348 344 343 311 243 213 189 157 126 78 31 2 349 350 7 8 351 335 330 4 5 320 275 251 0 337 288 249 198 267 300 56 341 323 25 11 321 310 315 39 67 61 23 356 354 11 26 17 349 339 343 37 26 255 216 167 183 242 269 268 185 153 176 229 288 287 262 255 268 248 197 170 169 181 185 188 194 196 193 184 181 183 182 183 186 185 163
107 146 141 126 288 302 342 6 6 356 353 353 2 14 306 263 118 128 90 15 348 344 353 3 3 356 338 334 353 4 7 315 241 270 320 315 173 189 210 190 172 192 209 201 306 313 327 206 153 86 48 11 336 349 25 25 8 347 346 0 4 4 356 0 33 39 249 230 202 168 153 243 281 293 237 164 203 215 205 174 136 144 173 186 197 216 218 193 178 178 188 198 197 194 185 159
109 159 330 344 315 319 333 345 356 0 3 5 33 61 351 225 113 144 288 348 270 245 243 315 350 353 331 325 342 18 32 15 344 266 264 344 19 0 333 45 161 230 273 309 315 321 10 5 355 5 20 21 333 343 14 10 0 346 343 351 352 3 11 29 62 37 315 212 185 176 187 240 227 190 170 158 190 202 198 186 154 135 155 193 216 229 217 184 174 172 192 208 192 187 185 167
117 200 279 322 324 332 341 341 350 0 11 31 61 79 33 344 38 355 339 4 12 352 305 294 321 332 325 330 345 30 41 29 52 225 240 239 315 353 0 4 1 344 319 317 319 333 3 2 350 10 45 47 319 300 15 10 356 346 338 330 330 359 34 60 50 2 4 30 45 78 229 226 201 174 165 164 194 204 197 189 172 153 160 249 237 219 196 180 178 177 192 197 182 181 185 175
