code/mhm/set_up/Wesenitz2_0p0625/mhm_setup/morph/soil_class.asc
ncols                240
nrows                104
xllcorner            13.90625
yllcorner            50.984375
cellsize             0.001953125
nodata_value         -9999
[rows 0 to 37 of 104, columns 0 to 83 of 240]
2495 2495 2114 2114 2473 2631 2631 2114 2421 2421 2495 2418 1840 2487 1840 2487 2089 2089 2089 2427 2427 2089 2427 2089 1840 1840 1840 2027 2427 2027 2027 2427 2427 2427 2631 2089 2089 2631 2625 2625 2625 2089 2495 2495 2631 2089 2415 2443 2416 2416 2065 2651 2651 2651 2651 2651 2651 2651 2651 2651 2089 2415 2651 2089 2415 2415 2416 2416 2416 2416 2416 2416 2651 2651 2651 2651 2316 2316 2316 2316 2316 2316 2417 2417
2631 2631 2114 2421 1840 2631 2418 2418 2475 2495 2418 2418 2418 2487 2626 2089 2089 2625 2625 2027 2427 2427 2427 2427 2427 2027 2027 1905 2625 1905 2626 2027 2027 2427 2626 2626 2626 2626 2626 2626 1905 2626 2626 2626 2027 2089 2089 2416 2443 2065 2089 2089 2089 2651 2651 2651 2651 2651 2651 2651 2651 2651 2414 2390 2089 2415 2414 2416 2416 2416 2416 2416 2416 2414 2414 2651 2316 2316 2316 2089 2316 2316 2417 2417
2631 2631 2421 2421 2473 1840 1840 1840 2475 2495 2495 1840 1840 2487 2487 2625 2027 2626 2027 2027 2027 2427 2427 2027 2027 1905 1905 1905 1905 2027 2626 2626 2626 2626 2626 2626 2626 2626 2626 1905 1905 1905 2027 2027 2631 2631 2631 2089 2416 2416 2416 2416 2651 2651 2651 2651 2651 2651 2651 2651 2651 2651 2651 2390 2390 2414 2390 2390 2414 2414 2414 2416 2416 2416 2416 2316 2316 2316 2316 2417 2417 2417 2417 2417
2495 2631 2421 2418 2495 2495 2473 2473 2473 1840 1840 1840 2487 2626 2625 2626 2625 2027 2626 2621 2621 2621 2027 2621 2043 2089 2043 2043 2099 2099 2099 2443 2443 2626 2027 2027 2626 2027 2027 2626 2626 2027 2626 2626 2027 2089 2089 2651 2651 2651 2651 2651 2651 2651 2651 2651 2651 2651 2651 2390 2390 2414 2651 2651 2390 2390 2390 2390 2390 2390 2416 2416 2417 2417 2416 2416 2416 2316 2651 2417 2417 2089 2417 2442
2496 2089 2495 2421 2473 2461 2421 2496 2495 2495 2641 1840 2626 2625 2625 2625 2625 2626 2625 2621 2089 2621 2621 2043 2043 2089 2043 1905 1905 1905 2099 2443 2443 2443 2099 1905 1905 1905 2027 2626 2027 2027 2089 2089 1898 2390 2390 2390 2417 2417 2417 2417 2651 2651 2651 2651 2651 2417 2417 2417 2390 2390 2414 2414 2390 2390 2089 2390 2651 2651 2417 2417 2414 2417 2651 2417 2651 2651 2316 2316 2089 2416 2417 2417
2027 2089 2473 2421 2473 2473 2496 2496 2496 2496 2641 2487 2443 2443 2625 2625 2625 2625 2621 2621 2089 2089 2027 2027 2487 2027 2027 2043 2043 1905 2443 2443 2089 2443 2443 2443 2427 2427 2427 2427 2390 2390 2390 2390 2427 2427 2427 2427 2089 2089 2417 2089 2651 2651 2651 2651 2651 2417 2417 2417 2414 2390 2390 2390 2390 2390 2089 2390 2390 2089 2651 2651 2651 2651 2651 2651 2416 2416 2416 2416 2416 2416 2416 2417
2027 2027 2473 2418 2418 2418 2473 2473 2496 2631 2631 2631 2487 2043 2443 2443 2427 2427 2621 2089 2089 2089 2487 2027 2443 2043 2043 2443 2443 2443 2626 2626 2626 2626 2626 2648 2648 1905 2027 2427 2427 2626 2626 2626 2626 2417 2417 2417 2417 2089 2417 2417 2651 2651 2651 2417 2417 2651 2441 2415 2415 2441 2651 2651 2651 2651 2651 2089 2089 2089 2390 2651 2651 2651 2390 2390 2390 2416 2416 2416 2416 2089 2417 2417
2496 2027 2027 2089 2089 2089 2473 2496 2495 2495 2631 2487 2626 2627 2043 2043 2624 2624 2427 2624 2043 2487 2043 2043 2443 2443 2443 1905 1905 1905 2443 2427 2417 2427 2427 2427 2427 1905 2027 2427 2427 2027 2626 2626 2626 2417 2417 2417 2417 2417 2417 2089 2065 2065 2651 2089 2089 2415 2441 2414 2414 2390 2390 2651 2651 2442 2089 2390 2651 2651 2651 2651 2651 2390 2651 2390 2390 2390 2390 2390 2390 2390 2089 2390
2443 2496 2027 2027 2625 2027 2427 2027 2027 2418 2418 2487 2089 2043 2089 2089 2089 2624 2624 2487 2043 2487 2043 2443 2443 2443 2099 2099 2099 2043 2043 2027 2027 2027 2417 2417 1905 1905 1905 2027 2027 2027 2626 2626 2417 2417 2089 2089 2089 2089 2089 2089 2417 2417 2065 2415 2415 2415 2419 2419 2390 2390 2390 2414 2442 2089 2390 2390 2390 2390 2651 2651 2390 2390 2390 2390 2390 2390 2089 2390 2390 2390 2089 2089
2027 2027 2027 2625 2625 2427 2427 2027 2626 2415 2418 2082 2089 2089 2043 2043 2624 2043 2043 2099 2099 2487 2443 2443 2443 2487 2487 2082 2082 2082 2099 2099 1905 2027 1905 2099 1905 2487 2043 2043 2027 2427 2626 2626 2427 2089 2027 2417 2417 2417 2417 2417 2089 2065 2065 2065 2414 2415 2651 2419 2390 2414 2390 2442 2390 2390 2390 2390 2390 2390 2390 2651 2390 2390 2089 2390 2390 2089 2390 2390 2089 2089 2390 2390
2648 2027 2027 2625 2625 2625 2427 2427 2027 2415 2027 1516 2089 2089 2043 2043 2043 1905 2487 2487 2487 2443 2443 2443 2089 2027 2099 2099 2027 2027 2043 1905 2027 2099 2099 1905 2099 2621 2099 2043 2043 2027 2027 2427 2427 2427 2027 2027 2417 2089 2089 2089 2417 2417 2417 2089 2442 2415 2651 2419 2414 2390 2390 2442 2390 2390 2390 2390 2442 2390 2390 2651 2651 2651 2651 2651 2651 2390 2089 2651 2651 2390 2390 2390
2648 2027 2620 2027 2089 2027 2027 2415 2415 2415 2027 2082 2082 2043 2043 1905 2043 1905 2082 2082 2027 2089 2621 2621 2621 2621 2099 2621 2621 2621 2043 2089 1905 2099 2099 2099 2487 2621 2099 2099 2027 2099 2099 2099 2027 2027 2027 2027 2417 2417 2027 2417 2417 2417 2089 2417 2089 2441 2441 2442 2442 2442 2442 2442 2442 2390 2390 2390 2390 2390 2390 2651 2651 2651 2651 2651 2651 2390 2390 2390 2651 2651 2089 2089
2487 2620 2620 2620 2089 2620 2089 2027 2415 2027 2027 2487 2099 2082 2082 2487 2487 2082 1905 1905 2027 2027 2099 2099 2099 2099 1905 2621 1905 2027 2089 2027 2099 2027 1905 2487 2621 2621 2487 2099 2487 2099 2027 2027 2027 2027 2427 2427 2428 2027 2089 2089 2417 2089 2027 2027 2027 2441 2442 2390 2390 2390 2390 2390 2390 2442 2390 2390 2390 2442 2390 2651 2651 2651 2651 2651 2651 2390 2089 2089 2089 2305 2427 2427
2443 2620 2620 2082 2082 2620 2620 2027 2027 2027 2027 2027 2487 2487 2487 2487 1905 2043 2043 2043 2043 2099 2027 2027 2027 2027 2027 1905 2089 2089 2043 2043 2043 2043 2099 2099 2621 2099 2099 2099 2099 2099 2099 2099 2027 2427 2027 2427 2428 2089 2089 2027 2442 2027 2027 2027 2442 2390 2390 2390 2390 2390 2390 2442 2442 2390 2390 2442 2390 2651 2651 2651 2651 2651 2651 2651 2651 2089 2305 2305 2427 2427 2427 2427
2443 2089 2620 2620 2089 2089 2089 2043 2043 2043 2043 2043 2043 2043 2082 2082 2082 2043 1905 2043 2027 2027 2027 2027 2099 2099 2099 2099 2099 2027 2043 2043 2487 2487 2027 1898 2487 2621 2621 2621 2621 2099 2099 2027 2027 2027 2027 2027 2428 2428 2428 2027 2027 2442 2442 2442 2390 2390 2390 2442 2442 2390 2390 2390 2390 2390 2390 2089 2390 2390 2651 2651 2651 2651 2651 2390 2089 2089 2305 2305 2427 2427 2427 2427
2443 2443 2082 2620 2620 2027 2620 2620 2043 2027 2027 2043 2027 2027 2487 1905 2027 2043 2043 2027 1905 2027 2027 2027 2099 2027 2099 2027 2089 2089 2648 2027 2027 2099 1898 1898 1898 2487 2621 2487 2099 2027 2027 2027 2487 2487 2027 2027 2089 2027 2428 2428 2027 2027 2442 2390 2390 2390 2390 2390 2390 2390 2390 2390 2089 2390 2089 2390 2390 2390 2651 2651 2651 2651 2651 2651 2390 2089 2651 2305 2089 2089 2427 2427
2487 2443 1905 2082 2043 2027 2620 2027 2043 2043 2043 2043 2043 2089 2099 1905 2027 2027 2027 1905 1905 2027 2027 2027 2027 2089 2027 2027 2027 2487 2443 2648 2099 2089 2043 2043 2027 2487 2099 2099 2027 2027 2487 2099 2099 2099 2027 2027 2089 2089 2428 2428 2428 2428 2390 2414 2390 2390 1519 1519 2651 2651 2651 2390 2390 2414 2414 2414 2390 2390 2390 2390 2390 2390 2651 2651 2651 2390 2651 2651 2651 2427 2427 2427
2620 2648 2443 2082 2043 2043 2043 2027 2027 2027 2027 2043 2089 2089 2487 2099 2099 1905 1905 2089 2043 2099 2043 2043 2043 2089 2043 2089 2443 2443 2487 2635 2635 2487 2487 2487 2487 2487 2487 2487 2099 2099 2099 2628 2027 2099 2027 2027 2441 2427 2427 2427 2414 2428 2428 2428 2428 1519 1519 1519 1519 1519 1519 2390 2444 2390 2390 2390 2390 2414 2390 2414 2390 2390 2414 2390 2390 2651 2651 2651 2430 2427 2427 2427
2027 2089 2648 2620 1905 2089 2027 2027 2027 2043 2027 2418 2082 2082 2082 2027 2027 2099 2089 2043 2043 2043 2027 2027 2027 2443 2443 2487 2443 2635 2635 2635 2043 2043 2635 2443 2443 2443 2443 2624 2628 2628 2628 2628 2628 2628 2099 2487 2027 2027 2027 2027 2027 2027 2027 2089 2089 1519 1519 1519 1519 1519 2651 2651 2390 2390 2414 2414 2390 2390 2089 2390 2414 2390 2390 2390 2390 2089 2651 2651 2430 2430 2430 2305
2620 2089 2027 2648 2027 2620 2620 2027 2027 2027 2043 2418 2043 2082 2624 2487 2487 2027 2027 2089 2082 2082 1905 2082 2443 2648 2099 2487 2089 2089 2043 2043 2043 2043 2643 2643 2443 2643 2643 2643 2643 2099 2628 2628 2628 2427 2487 2027 2414 2414 2027 2414 2428 2428 2651 2428 2089 2651 2651 2651 1519 1519 1519 2651 2651 2390 2390 2089 2390 2390 2089 2430 2390 2390 2430 2414 2651 2651 2651 2651 2651 2651 2651 2651
2089 2043 2043 2620 2620 2027 1516 2089 2027 2027 2027 2043 2043 2082 2624 2624 2624 2643 2487 2487 2487 2487 2443 2648 2648 2099 2099 2089 2043 2043 2043 2390 2390 2390 2624 2643 2643 2643 2027 2027 2624 2624 2643 2643 2643 2629 2390 2390 2305 2305 2089 2027 2027 2651 2651 2428 2651 2651 2651 2651 2651 2651 2651 2651 2651 2390 2390 2089 2089 2089 2430 2430 2430 2430 2430 2430 2430 2651 2651 2651 2651 2651 2651 2089
2628 2043 2027 2027 2027 2027 2082 2623 2623 2623 2089 2089 2624 2624 2624 2624 2643 2089 2089 2643 2643 2089 2390 2027 2027 2027 2027 2390 2089 2043 2043 2390 2390 2624 2624 2643 2487 2027 2027 2624 2643 2621 2643 2643 2629 2089 2089 2089 2390 2487 2089 2305 2027 2651 2651 2651 2651 2651 2651 2651 2651 2651 2651 2651 2651 2651 2651 2651 2089 2430 2651 2430 2430 2430 2430 2651 2651 2089 2390 2390 2390 2089 2651 2089
2043 2043 2043 2027 2099 2082 2390 2390 2623 2623 2623 2043 2043 2643 2643 2643 2089 2643 2643 2643 2643 2089 1905 2390 1905 2099 2027 2027 2635 2089 2089 2635 2624 2635 2635 2635 2635 2027 2027 2487 2621 2621 2621 2621 2629 2629 2390 2414 2414 2414 2487 2487 2651 2651 2651 2651 2651 2651 2651 2651 2651 2651 2651 2390 2651 2651 2651 2651 2651 2651 2651 2651 2651 2651 2651 2651 2437 2089 2305 2305 2427 2414 2427 2427
2043 2099 1905 2648 2648 2648 1898 2390 2623 2623 2043 2043 2043 2043 2643 2643 2624 2624 2624 2643 2624 2089 2027 2027 2027 1905 2099 2027 2635 2635 2635 2624 2635 2635 2621 2621 2621 2621 2487 2621 2621 2027 2487 2027 2629 2089 2390 2390 2390 2390 2651 2651 2651 2651 2651 2651 2651 2089 2651 2651 2651 2651 2390 2390 2390 2089 2413 2651 2651 2651 2651 2651 2651 2651 2651 2651 2437 2305 2089 2089 2427 2427 2427 2414
2099 2064 2443 2099 2648 2648 2648 2390 2621 2621 2643 2421 2643 2043 2043 2624 2043 2043 2624 2043 2624 2624 2089 1905 1905 2099 2099 2027 2027 2027 2027 2635 2635 2099 2099 2099 2621 2621 2487 2027 2027 2487 2099 2027 2629 2629 2089 2089 2443 2443 2651 2651 2390 2651 2651 2651 2089 2390 2390 2390 2390 2651 2651 2651 2089 2413 2413 2390 2414 2390 2437 2437 2651 2437 2437 2651 2089 2437 2437 2437 2437 2089 2651 2427
2621 2621 2099 2099 2064 2648 2621 2635 2635 2643 2421 2643 2043 2043 2624 2624 2043 2043 2043 2624 2043 2624 2390 1905 2099 2043 2043 2043 2027 2027 2027 2635 2635 2624 2089 2099 2278 2487 2487 2099 2099 2487 2487 2487 2099 2443 2443 2443 2443 2443 2443 2390 2414 2390 2651 2414 2390 2414 2414 2414 2414 2390 2651 2651 2089 2437 2437 2437 2437 2414 2437 2437 2651 2437 2427 2414 2414 2089 2414 2414 2390 2390 2651 2414
2496 2496 2496 2621 2635 2064 2635 2099 2099 2421 2421 2624 2624 2043 2043 2043 2624 1898 1898 2443 2043 2390 1898 1905 1905 1905 2043 2043 2027 2027 2027 2027 2089 2089 2099 2621 2278 2099 2099 2099 2099 2099 2487 2027 2027 2027 2089 2089 2390 2414 2414 2390 2414 2390 2390 2390 2390 2414 2390 2390 2414 2390 2390 2651 2089 2437 2437 2437 2427 2390 2390 2390 2089 2089 2089 2437 2437 2390 2390 2390 2390 2390 2390 2390
2027 2089 2082 2082 2443 2635 2635 2635 2643 2421 2624 2421 2624 2043 2624 2624 2624 2043 2043 1898 2043 2390 1898 2099 2099 2043 2043 2043 2043 2390 2390 2027 1905 2089 2099 2099 2443 2443 2099 2624 2624 2624 2487 2027 2027 2027 2390 2089 2390 2390 2390 2427 2427 2414 2427 2427 2414 2427 2414 2390 2390 2390 2390 2651 2651 2390 2427 2427 2390 2414 2414 2390 2027 2437 2437 2437 2414 2414 2390 2390 2390 2390 2390 2390
2027 2089 2027 2027 1898 2443 2443 2635 2390 2487 2487 2643 2643 2643 2624 2043 2043 2043 2390 2390 2390 2390 2390 2099 2099 2624 2624 2624 1905 1905 1905 1905 2089 2089 2099 2089 2278 2443 2443 2624 2624 2624 2643 2643 2487 2643 2390 2390 2390 2427 2427 2427 2427 2390 2427 2427 2414 2390 2390 2390 2414 2427 2427 2427 2651 2089 2390 2427 2390 2390 2390 2390 2027 2651 2437 2437 2414 2437 2437 2437 2390 2089 2390 2390
2027 2027 2620 2443 2443 2443 2443 2443 2443 2443 2487 2487 2643 2648 2043 2390 2043 2390 2390 2390 2114 2099 2099 2099 2099 2443 2043 2390 2390 2043 2043 2043 2027 2027 2099 2278 2443 2027 2027 2027 2027 2027 2624 2624 2643 2390 2390 2390 2390 2390 2427 2427 2390 2414 2414 2390 2390 2390 2390 2427 2427 2414 2414 2390 2390 2390 2089 2305 2390 2390 2390 2390 2414 2027 2437 2414 2390 2390 2414 2437 2390 2390 2442 2390
2443 2443 2620 2443 2443 2443 2443 2443 2443 2487 2487 2114 2487 2390 2390 2390 2390 2114 2390 2390 2390 2390 2390 2648 2648 2418 1898 1898 1898 1905 2043 2418 2043 2043 2443 2443 2027 2027 2089 2027 2027 2624 2027 2643 2643 2643 2390 2390 2390 2390 2390 2390 2390 2390 2390 2414 2305 2414 2390 2427 2427 2390 2427 2427 2390 2442 2390 2390 2089 2390 2089 2089 2089 2027 2027 2414 2390 2390 2390 2442 2442 2442 2442 2390
2496 2443 2443 2443 2443 2443 2443 2443 2443 2443 2114 2099 2099 2390 2390 2390 2390 2390 2390 2390 2099 2114 2043 2043 2624 1898 1898 1898 1905 2043 2418 2418 2418 2027 2443 2278 2099 2089 2027 2624 2624 2624 2624 2624 2487 2390 2643 2390 2390 2390 2390 2390 2390 2390 2390 2414 2305 2305 2390 2089 2390 2390 2390 2442 2442 2442 2390 2390 2390 2390 2390 2390 2027 2027 2390 2390 2390 2390 2390 2390 2390 2390 2442 2442
2620 2620 2082 2027 2443 2443 2648 2443 2443 2443 2114 2443 2443 2443 2390 2027 2114 2099 2114 2390 2390 2043 2390 2114 2624 2043 2043 2487 2043 2043 2418 2418 2027 2027 1905 2278 2099 2089 2089 2027 2027 2624 2027 2487 2390 2390 2487 2390 2390 2390 2390 2427 2390 2390 2390 2305 2390 2390 2390 2390 2390 2651 2442 2390 2390 2390 2390 2442 2390 2390 2390 2390 2390 2390 2390 2442 2390 2390 2390 2390 2390 2390 2390 2390
2027 2082 2082 2027 2648 2648 2648 2648 2648 2443 2114 2648 2443 2099 2099 2099 2064 2027 2620 2620 2027 2278 2278 2624 2624 2089 2624 2624 2043 2043 2487 2099 2027 1905 2278 2278 2027 2027 2624 2624 2027 2027 2624 2624 2624 2390 2487 2390 2390 2390 2390 2390 2390 2089 2390 2390 2390 2390 2390 2089 2390 2651 2442 2390 2390 2390 2390 2390 2390 2427 2427 2390 2390 2390 2390 2442 2390 2390 2390 2390 2390 2390 2442 2442
2027 2082 2278 2648 2648 2443 2443 2443 2443 2443 2648 2648 2099 2099 2099 2099 2099 2027 2082 2620 2278 2043 2624 2043 2043 2043 2089 2089 1905 1905 2027 2099 2278 2099 2099 2027 2027 2027 2027 2027 2624 2027 2027 1519 1519 1519 2390 2390 2442 2441 2441 2442 2442 2442 2442 2442 2442 2442 2442 2442 2442 2390 2390 2390 2390 2390 2442 2442 2427 2427 2651 2390 2390 2390 2390 2442 2390 2390 2390 2390 2390 2027 2442 2390
2099 2099 2099 2278 2099 2443 2443 2443 2443 2443 2648 2099 2027 2082 2082 2082 2082 2082 2082 2082 2620 2620 1905 2278 2099 2099 2624 2648 2278 2278 2278 2099 1905 2099 2099 2278 934 1514 1514 1514 1514 1514 1519 934 2628 934 2487 2390 2442 2089 2390 2390 2390 2089 2089 2442 2442 2442 2442 2390 2390 2651 2651 2651 2390 2390 2442 2390 2442 2390 2390 2390 2390 2390 2390 2442 2390 2390 2390 2390 2027 2027 2027 2390
2278 2278 2443 2443 2443 2443 2443 2443 2443 2443 2648 2089 2027 2027 1905 2082 2082 2082 2082 2082 2027 1905 2082 2278 2620 2043 2620 2443 2443 2443 2443 2027 1905 2027 2629 2629 2635 2629 2635 2635 2629 2635 2635 2635 2628 2628 2628 2390 2442 2089 2390 2390 2390 2089 2089 2442 2390 2390 2442 2442 2442 2442 2442 2442 2442 2442 2390 2390 2390 2390 2390 2442 2442 2442 2442 2390 2442 2442 2390 2390 2027 2027 2428 2428
2648 2443 2443 2443 2443 2443 2443 2064 2064 2443 2443 2648 2648 2099 2027 2099 2099 2099 2027 2027 2082 2620 2620 2082 2278 2278 2443 2443 2089 2089 2089 2089 2027 2624 2629 2629 2629 2635 2415 2635 2415 2415 2628 2628 2390 2628 2390 2390 2089 2089 2390 2390 2390 2390 2390 2442 2390 2390 2442 2442 2442 2442 2442 2390 2390 2442 2442 2390 2442 2442 2442 2390 2390 2390 2390 2390 2442 2442 2442 2390 2390 2428 2428 2428
