code/mhm/set_up/Wesenitz2_0p0625/mhm_setup/morph/soil_class.asc
ncols                240
nrows                104
xllcorner            13.90625
yllcorner            50.984375
cellsize             0.001953125
nodata_value         -9999
[rows 0 to 37 of 104, columns 84 to 167 of 240]
2417 2417 2417 2442 2417 2442 2390 2442 2442 2416 2416 2416 2416 2414 2416 2416 2416 2302 2316 2316 2316 2302 2302 2302 2302 2315 2427 2427 2651 2419 2419 2400 2400 2400 2400 2400 2429 2429 2426 2027 2027 2027 2027 2089 2027 2027 2027 2027 2089 2089 2089 2089 2428 2428 2027 2027 2027 2411 2411 2411 2411 2411 2411 2414 2414 2065 2400 2400 2428 2065 2428 2428 2428 2428 2027 2411 2411 2411 2411 2411 2411 2411 2411 2411
2417 2417 2417 2417 2442 2417 2390 2442 2442 2442 2416 2416 2416 2416 2416 2414 2416 2416 2302 2316 2422 2316 2316 2302 2302 2444 2444 2427 2427 2089 2400 2651 2651 2400 2400 2400 2089 2429 2429 2429 2027 2027 2027 2027 2027 2027 2089 2089 2089 2089 2428 2428 2027 2027 2414 2414 2414 2414 2414 2414 2414 2414 2089 2089 2651 2400 2400 2089 2400 2400 2065 2428 2428 2411 2411 2411 2411 2411 2423 2411 2411 2411 2411 2411
2417 2417 2417 2442 2414 2417 2417 2417 2390 2390 2027 2027 2416 2416 2416 2414 2416 2416 2416 2302 2316 2422 2422 2316 2302 2315 2315 2315 2315 2315 2089 2414 2400 2400 2400 2089 2027 2027 2027 2027 2414 2027 2027 2027 2027 2027 2027 2027 2428 2651 2651 2651 2027 2027 2027 2027 2027 2027 2027 2412 2412 2412 2651 2065 2065 2400 2400 2400 2428 2428 2428 2065 2065 2428 2428 2411 2411 2411 2423 2411 2411 2411 2411 2411
2442 2442 2417 2417 2417 2414 2027 2027 2027 2027 2027 2027 2027 2416 2416 2416 2089 2416 2416 2416 2302 2302 2316 2316 2316 2316 2302 2315 2315 2315 2315 2400 2400 2400 2400 2089 2027 2027 2027 2027 2027 2027 2027 2027 2414 2414 2027 2027 2027 2428 2651 2390 2390 2390 2390 2651 2414 2089 2414 2428 2651 2651 2651 2651 2089 2400 2089 2089 2414 2428 2428 2428 2089 2065 2651 2651 2411 2411 2411 2411 2089 2089 2411 2089
2414 2414 2417 2414 2027 2027 2027 2027 2089 2027 2089 2027 2027 2027 2027 2027 2089 2416 2416 2416 2416 2416 2302 2302 2316 2316 2316 2302 2315 2315 2315 2089 2400 2400 2400 2400 2089 2027 2027 2429 2027 2027 2027 2027 2027 2027 2428 2428 2428 2428 2428 2428 2414 2390 2651 2651 2651 2414 2651 2651 2651 2400 2089 2651 2651 2400 2089 2400 2428 2428 2414 2428 2428 2065 2651 2414 2412 2412 2411 2411 2089 2411 2411 2411
2417 2417 2414 2027 2027 2027 2027 2027 2027 2027 2089 2089 2651 2027 2027 2089 2416 2416 2416 2416 2416 2416 2416 2416 2302 2302 2316 2316 2302 2315 2315 2315 2400 2400 2414 2400 1515 1515 2027 2429 2429 2429 2027 2429 2429 2429 2428 2414 2428 2651 2651 2089 2651 2651 2651 2651 2651 2651 2651 2651 2400 2414 2400 2400 2400 2089 2400 2400 2400 2400 2027 2027 2027 2414 2412 2412 2412 2411 2411 2411 2411 2411 2411 2411
2089 2417 2417 2089 2027 2390 2390 2390 2027 2027 2027 2089 2065 2065 2442 2442 2442 2089 2089 2089 2414 2414 2414 2416 2416 2416 2416 2027 2027 2027 2027 2429 2429 2429 2027 2027 2428 2428 2429 2429 2429 2429 2027 2651 2651 2651 2651 2651 2651 2651 2651 2651 2651 2651 2089 2651 2651 2089 2651 2651 2400 2400 2400 2428 2428 2428 2428 2400 2400 2089 2400 2027 2027 2414 2412 2412 2089 2412 2412 2412 2089 2411 2316 2316
2390 2390 2390 2089 2390 2390 2390 2390 2027 2065 2065 2651 2390 2651 2390 2089 2390 2390 2390 2442 2390 2442 2442 2442 2412 2412 2027 2027 2027 2414 2027 2429 2429 2429 2429 2027 2027 2651 2428 2651 2651 2651 2651 2651 2651 2390 2390 2414 2430 2430 2430 2651 2089 2089 2089 2651 2651 2027 2089 2400 2400 2428 2428 2428 2428 2316 2428 2428 2428 2428 2089 2427 2427 2427 2412 2412 2089 2412 2427 2427 2427 2427 2427 2427
2390 2390 2390 2089 2442 2390 2442 2430 2089 2390 2390 2390 2390 2390 2390 2089 2427 2427 2427 2390 2442 2442 2442 2442 2442 2442 2412 2027 2412 2027 2027 2027 2429 2429 2429 2429 2027 2390 2651 2390 2390 2390 2390 2390 2390 2390 2390 2414 2430 2430 2430 2430 2430 2089 2089 2027 2651 2027 2027 2089 2414 2428 2428 2316 2316 2316 2428 2428 2428 2089 2427 2427 2427 2427 2427 2427 2427 2427 2427 2423 2423 2427 2427 2427
2390 2089 2089 2442 2442 2430 2430 2430 2430 2430 2427 2427 2427 2390 2390 2390 2390 2390 2390 2390 2390 2442 2390 2390 2442 2442 2651 2412 2414 2027 2651 2027 2429 2429 2429 2429 2027 2390 2390 2414 2390 2390 2390 2390 2390 2390 2390 2390 2390 2430 2430 2430 2430 2089 2089 2027 2414 2027 2027 2027 2089 2428 2428 2316 2316 2428 2428 2428 2089 2089 2427 2427 2427 2316 2316 2316 2427 2427 2414 2427 2427 2427 2414 2651
2651 2651 2089 2442 2430 2089 2089 2414 2414 2414 2427 2427 2427 2427 2390 2390 2390 2390 2390 2390 2390 2390 2089 2027 2027 2027 2027 2089 2412 2027 2027 2429 2429 2414 2429 2429 2429 2390 2390 2390 2390 2390 2426 2426 2426 2390 2390 2414 2390 2390 2430 2089 2089 2027 2027 2027 2414 2027 2027 2027 2027 2089 2427 2427 2427 2427 2427 2427 2427 2427 2089 2427 2427 2316 2316 2316 2427 2427 2427 2414 2427 2651 2065 2651
2427 2651 2089 2390 2390 2390 2390 2430 2430 2430 2430 2427 2427 2414 2427 2427 2427 2390 2390 2390 2427 2427 2427 2427 2427 2427 2027 2089 2412 2412 2027 2429 2429 2027 2414 2412 2390 2414 2414 2390 2390 2390 2426 2426 2426 2426 2426 2390 2414 2390 2390 2305 2305 2027 2428 2428 2427 2427 2027 2027 2027 2027 2427 2427 2427 2427 2427 2427 2427 2427 2428 2428 2089 2427 2316 2316 2651 2651 2651 2651 2651 2651 2427 2651
2427 2390 2414 2390 2390 2427 2427 2427 2427 2430 2430 2430 2651 2651 2427 2427 2427 2427 2427 2427 2427 2427 2427 2414 2427 2027 2027 2027 2089 2412 2027 2429 2027 2027 2412 2089 2390 2390 2390 2390 2390 2390 2390 2390 2390 2426 2426 2414 2390 2390 2305 2305 2414 2414 2414 2027 2427 2427 2027 2027 2414 2027 2027 2089 2089 2089 2414 2427 2414 2428 2428 2414 2414 2427 2316 2651 2316 2316 2316 2316 2427 2427 2427 2428
2427 2390 2414 2414 2390 2390 2390 2427 2427 2390 2414 2651 2651 2427 2651 2427 2427 2427 2427 2427 2427 2427 2427 2427 2414 2027 2027 2027 2089 2651 2089 2412 2412 2089 2089 2390 2390 2390 2390 2390 2390 2390 2390 2390 2414 2390 2390 2427 2427 2427 2427 2427 2305 2428 2414 2414 2027 2027 2027 2027 2027 2027 2027 2027 2027 2427 2428 2428 2428 2414 2651 2651 2427 2427 2427 2427 2427 2427 2427 2427 2427 2428 2428 2065
2427 2414 2390 2414 2390 2390 2390 2390 2427 2390 2390 2651 2651 2427 2427 2427 2427 2427 2427 2651 2089 2427 2427 2089 2651 2089 2390 2390 2390 2651 2651 2651 2089 2089 2390 2390 2390 2390 2089 2390 2390 2390 2390 2390 2390 2390 2390 2390 2427 2316 2316 2316 2316 2316 2316 2316 2316 2316 2316 2427 2427 2427 2427 2427 2427 2427 2428 2428 2428 2651 2651 2427 2427 2427 2427 2414 2427 2414 2427 2427 2428 2428 2428 2065
2427 2427 2390 2390 2390 2414 2390 2390 2390 2390 2390 2651 2427 2427 2427 2427 2414 2414 2427 2427 2427 2089 2427 2427 2427 2427 2089 2089 2089 2089 2089 2651 2651 2089 2390 2390 2089 2390 2390 2390 2089 2390 2390 2390 2089 2089 2390 2089 2390 2390 2390 2316 2316 2316 2316 2316 2316 2316 2316 2316 2316 2427 2427 2414 2414 2414 2428 2651 2651 2651 2427 2427 2427 2428 2428 2414 2027 2027 2027 2027 2027 2027 2065 2065
2427 2427 2427 2390 2414 2414 2414 2390 2390 2390 2651 2651 2414 2414 2414 2414 2414 2427 2427 2414 2414 2414 2427 2427 2427 2427 2390 2390 2390 2390 2390 2651 2651 2651 2651 2089 2390 2390 2390 2089 2390 2390 2390 2390 2390 2089 2089 2089 2390 2089 2414 2414 2414 2427 2427 2316 2316 2316 2316 2316 2316 2414 2427 2427 2427 2427 2427 2651 2651 2428 2428 2428 2428 2427 2427 2428 2428 2428 2428 2414 2414 2414 2400 2065
2651 2427 2390 2305 2305 2390 2390 2414 2651 2651 2651 2651 2651 2651 2430 2430 2427 2427 2427 2427 2427 2427 2027 2027 2414 2414 2651 2089 2089 2089 2089 2651 2651 2651 2651 2651 2065 2651 2089 2651 2651 2651 2390 2390 2390 2390 2089 2390 2390 2427 2427 2414 2427 2316 2316 2316 2316 2316 2427 2316 2316 2316 2316 2316 2427 2427 2651 2651 2412 2412 2414 2428 2412 2412 2427 2427 2427 2414 2428 2428 2428 2428 2400 2400
2651 2651 2305 2305 2651 2651 2651 2651 2427 2430 2430 2430 2430 2414 2414 2027 2027 2427 2427 2427 2027 2027 2027 2414 2027 2390 2390 2651 2414 2430 2651 2651 2027 2651 2651 2651 2065 2065 2065 2065 2651 2390 2390 2390 2089 2390 2390 2089 2390 2390 2427 2427 2427 2316 2316 2089 2089 2427 2427 2414 2427 2427 2427 2427 2427 2427 2427 2427 2414 2412 2412 2412 2414 2414 2414 2412 2412 2414 2412 2400 2651 2400 2400 2065
2651 2651 2651 2414 2390 2390 2427 2414 2414 2427 2427 2427 2427 2427 2427 2427 2414 2414 2027 2027 2027 2027 2027 2414 2027 2027 2651 2430 2414 2430 2430 2027 2027 2651 2428 2651 2651 2065 2065 2390 2390 2390 2390 2065 2089 2390 2390 2390 2390 2427 2427 2427 2427 2427 2427 2427 2089 2089 2027 2027 2027 2414 2414 2414 2427 2427 2427 2427 2089 2089 2412 2412 2651 2440 2440 2440 2440 2440 2412 2412 2065 2065 2065 2089
2430 2430 2427 2427 2414 2427 2427 2414 2427 2414 2427 2427 2427 2427 2427 2427 2427 2427 2390 2390 2390 2089 2027 2027 2414 2027 2027 2414 2430 2027 2027 2027 2027 2428 2428 2651 2651 2651 2651 2390 2390 2390 2065 2089 2089 2390 2390 2414 2414 2414 2414 2414 2414 2414 2414 2414 2027 2027 2027 2427 2427 2316 2316 2027 2027 2414 2414 2412 2412 2412 2412 2414 2414 2414 2412 2440 2440 2412 2412 2412 2065 2430 2430 2430
2427 2427 2427 2427 2427 2427 2427 2427 2427 2427 2427 2414 2390 2414 2427 2427 2414 2427 2414 2414 2390 2390 2390 2089 2414 2027 2414 2027 2027 2027 2027 2428 2428 2428 2428 2651 2651 2390 2390 2065 2065 2065 2065 2400 2400 2428 2428 2651 2651 2427 2427 2427 2427 2427 2414 2440 2027 2027 2027 2427 2427 2316 2414 2414 2428 2414 2414 2414 2428 2428 2414 2428 2412 2089 2412 2440 2430 2430 2065 2651 2651 2430 2430 2430
2414 2427 2427 2427 2427 2427 2427 2414 2427 2427 2427 2390 2414 2390 2427 2427 2427 2390 2390 2414 2427 2427 2428 2428 2428 2027 2027 2027 2027 2027 2414 2428 2414 2400 2400 2651 2651 2428 2428 2390 2065 2065 2414 2414 2428 2428 2027 2651 2651 2089 2651 2651 2651 2427 2427 2440 2651 2651 2651 2027 2427 2427 2428 2428 2651 2651 2428 2428 2428 2414 2428 2428 2412 2089 2651 2430 2430 2430 2089 2089 2430 2427 2427 2430
2427 2427 2414 2427 2390 2390 2390 2089 2089 2427 2390 2390 2390 2089 2390 2390 2390 2390 2427 2414 2414 2427 2428 2428 2428 2428 2089 2027 2027 2089 2027 2089 2400 2400 2400 2428 2390 2390 2390 2065 2400 2400 2400 2428 2428 2428 2027 2027 2027 2027 2089 2089 2400 2400 2400 2651 2651 2651 2651 2027 2027 2027 2414 2414 2651 2651 2427 2428 2428 2428 2428 2089 2089 2430 2430 2430 2430 2430 2430 2089 2427 2316 2316 2430
2427 2427 2427 2390 2089 2089 2390 2089 2390 2390 2390 2089 2390 2390 2089 2089 2089 2427 2427 2427 2427 2427 2427 2427 2428 2414 2089 2428 2089 2065 2065 2089 2089 2089 2089 2065 2065 2065 2400 2065 2442 2400 2428 2428 2414 2414 2027 2027 2027 2027 2027 2089 2400 2400 2440 2400 2400 2400 2412 2412 2427 2412 2412 2412 2651 2651 2651 2427 2427 2427 2089 2089 2089 2430 2430 2089 2430 2089 2089 2430 2427 2316 2316 2316
2390 2390 2390 2390 2089 2390 2390 2442 2413 2390 2390 2390 2089 2651 2651 2089 2390 2651 2414 2414 2427 2427 2428 2428 2428 2428 2428 2428 2428 2400 2400 2065 2400 2400 2400 2427 2427 2427 2400 2400 2442 2442 2442 2414 2390 2390 2027 2089 2089 2089 2089 2089 2089 2440 2440 2651 2400 2651 2651 2651 2651 2651 2651 2651 2651 2427 2427 2089 2089 2430 2430 2430 2089 2089 2089 2089 2430 2430 2430 2427 2089 2316 2316 2316
2390 2390 2390 2089 2089 2390 2390 2442 2413 2414 2390 2390 2390 2651 2651 2651 2651 2305 2305 2427 2414 2427 2390 2427 2427 2428 2428 2428 2400 2400 2651 2400 2400 2427 2427 2427 2427 2427 2427 2427 2089 2427 2089 2390 2390 2390 2390 2390 2390 2390 2390 2390 2390 2440 2440 2651 2651 2651 2651 2651 2651 2651 2651 2651 2427 2089 2089 2430 2089 2430 2430 2089 2430 2430 2430 2427 2414 2414 2316 2316 2316 2316 2427 2427
2390 2390 2390 2390 2390 2089 2089 2390 2390 2390 2390 2390 2390 2390 2390 2390 2651 2651 2305 2305 2427 2427 2414 2390 2427 2428 2428 2428 2414 2651 2651 2065 2065 2427 2427 2427 2427 2427 2427 2427 2427 2427 2427 2414 2390 2390 2390 2390 2089 2089 2089 2089 2089 2651 2651 2651 2651 2651 2651 2651 2651 2651 2651 2651 2651 2651 2651 2651 2089 2430 2089 2427 2316 2316 2316 2427 2427 2427 2427 2430 2430 2430 2430 2651
2089 2442 2390 2442 2390 2390 2390 2390 2441 2390 2390 2390 2390 2390 2089 2089 2089 2089 2651 2305 2305 2305 2089 2390 2390 2390 2400 2651 2065 2065 2400 2400 2065 2065 2427 2427 2089 2414 2414 2427 2427 2427 2427 2390 2390 2089 2089 2390 2390 2390 2390 2390 2651 2651 2651 2651 2651 2651 2651 2651 2651 2651 2651 2651 2651 2651 2651 2651 2651 2651 2427 2427 2427 2316 2316 2427 2427 2427 2427 2427 2430 2089 2089 2302
2390 2390 2442 2442 2442 2390 2390 2390 2390 2390 2441 2441 2390 2390 2390 2390 2390 2390 2651 2651 2651 2651 2651 2651 2400 2400 2400 2089 2065 2427 2427 2427 2427 2400 2400 2089 2089 2427 2414 2414 2427 2427 2427 2427 2427 2427 2427 2427 2390 2390 2089 2651 2651 2651 2651 2651 2651 2651 2651 2438 2438 2438 2438 2438 270 270 2439 2439 2439 2439 2412 2412 2412 2412 2427 2427 2316 2316 2427 2302 2302 2430 2089 2089
2390 2390 2442 2305 2305 2390 2390 2390 2390 2390 2390 2441 2390 2390 2390 2390 2390 2089 2390 2400 2400 2400 2400 2651 2651 2651 2065 2065 2065 2427 2427 2427 2427 2427 2427 2427 2427 2427 2427 2427 2427 2427 2427 2427 2427 2427 2444 2427 2089 2427 2444 2444 2651 2651 2651 2651 2651 2651 2651 2651 2651 2651 270 2438 2438 2438 2438 2439 2439 2439 2439 2439 2439 2439 2427 2427 2427 2316 2316 2444 2302 2414 2651 2430
2390 2390 2305 2427 2427 2390 2390 2442 2390 2089 2305 2305 2390 2390 2390 2414 2390 2428 2400 2400 2400 2414 2400 2400 2400 2065 2065 2065 2065 2089 2089 2427 2427 2427 2427 2427 2427 2651 2651 2414 2414 2427 2427 2427 2427 2427 2427 2427 2427 2427 2427 2651 2651 2651 2651 2651 2651 2651 2651 1516 1516 1516 1516 1516 2439 2439 2438 2439 2439 2430 2442 2427 2427 2439 2439 2439 2412 2412 2412 2412 2444 2651 2651 2651
2442 2442 2305 2427 2305 2390 2390 2390 2390 2390 2305 2390 2428 2428 2428 2651 2428 2414 2428 2428 2430 2430 2414 2414 2089 2065 2065 2089 2089 2089 2390 2414 2427 2427 2427 2427 2651 2651 2427 2400 2400 2400 2400 2089 2089 2427 2427 2427 2427 2427 2427 2427 2651 2651 2438 2651 2651 1516 1516 1516 2651 2651 1516 2651 2651 2651 2438 2438 2430 2430 2442 2430 2427 2427 2442 2439 2439 2439 2412 2430 2430 2430 2651 2651
2442 2442 2305 2305 2442 2390 2390 2390 2442 2089 2390 2390 2390 2390 2390 2390 2390 2390 2414 2414 2089 2089 2065 2065 2065 2390 2390 2390 2414 2390 2089 2390 2427 2427 2427 2427 2414 2651 2427 2427 2414 2414 2414 2427 2427 2400 2089 2438 2089 2427 2089 2438 270 2651 1516 1516 1516 2651 2651 2651 2651 2651 2651 2651 2651 2651 2651 2651 2651 2430 2430 2430 2427 2427 2427 2651 2651 2439 2089 2430 2430 2651 2651 2651
2390 2390 2442 2442 2390 2390 2390 2442 2305 2305 2418 2418 2414 2414 2390 2430 2414 2390 2089 2089 2390 2065 2065 2390 2390 2390 2390 2390 2390 2390 2390 2390 2427 2427 2427 2427 2651 2427 2427 2427 2427 2427 2414 2427 2427 2427 2438 2438 2438 2438 2438 270 270 1516 1516 2651 2651 2651 2651 2651 2651 2651 2651 2651 2651 2343 2343 2651 2651 2316 2316 2427 2427 2427 2427 2651 2651 2651 2089 2089 2651 2651 2651 2651
2390 2390 2442 2442 2442 2442 2390 2442 2414 2414 2418 2418 2418 2418 2414 2414 2414 2390 2390 2390 2065 2065 2390 2390 2390 2390 2390 2390 2390 2390 2390 2414 2427 2427 2427 2427 2651 2651 2427 2427 2427 2427 2427 2089 2438 2438 2438 2400 2400 1516 1516 1516 1516 1516 2428 2428 2651 2651 2651 2651 2651 2651 2651 2651 2343 2316 2316 2427 2414 2316 2316 2316 2427 2089 2651 2089 2430 2430 2430 2430 2651 2651 2651 2316
2428 2428 2442 2442 2442 2442 2442 2089 2418 2418 2418 2418 2414 2414 2428 2428 2428 2651 2651 2651 2390 2390 2089 2390 2390 2390 2390 2390 2390 2414 2427 2427 2427 2427 2427 2651 2427 2651 2427 2427 2427 2089 2438 2438 2438 2400 2400 2400 2400 2427 2400 2414 2428 2428 2428 2428 2428 2651 2651 2390 2390 2651 2651 2651 2343 2414 2414 2414 2427 2427 2427 2427 2305 2089 2430 2430 2430 2430 2651 2651 2651 2651 2316 2065
2428 2428 2428 2428 2428 2442 2442 2089 2428 2428 2428 2428 2428 2428 2428 2414 2428 2651 2651 2390 2390 2390 2390 2390 2390 2390 2390 2390 2390 2414 2390 2427 2427 2427 2427 2427 2089 2438 2438 2400 2400 2400 2400 2400 2438 2438 2414 2428 2414 2414 2427 2427 2428 2414 2428 2428 2428 2651 2651 2651 2390 2390 2651 2343 2316 2316 2427 2427 2427 2427 2427 2089 2089 2305 2305 2427 2316 2316 2316 2089 2089 2414 2316 2316
