code/mhm/set_up/Wesenitz2_0p0625/mhm_setup/morph/soil_class.asc
ncols                240
nrows                104
xllcorner            13.90625
yllcorner            50.984375
cellsize             0.001953125
nodata_value         -9999
[rows 38 to 75 of 104, columns 0 to 83 of 240]
2648 2443 2443 2443 2443 2443 2443 2443 2443 1840 2648 2089 2043 1905 1905 2027 2027 2099 1905 1905 2027 2648 1905 2648 2027 2027 2027 2027 2443 2027 2624 2624 2624 2624 2624 2624 2628 2628 2415 2628 2628 2628 2628 2628 2628 2390 2390 2390 2390 2414 2390 2390 2390 2390 2441 2441 2390 2390 2390 2390 2390 2390 2390 2390 2390 2390 2390 2390 2390 2390 2390 2390 2390 2390 2390 2390 2390 2390 2390 2442 2442 2442 2442 2428
2443 2443 2443 2443 2443 2443 2443 2443 2443 2648 2064 2443 2043 2043 2043 2043 1905 1905 2089 2043 2043 2043 2027 2027 2027 2027 2027 2027 2027 2027 1905 1905 1905 2624 2624 2624 2624 2635 2635 2635 2635 2635 2390 2390 2628 2390 2390 2390 2390 2414 2415 2415 2390 2390 2390 2390 2390 2390 2390 2390 2413 2413 2390 2390 2390 2390 2390 2390 2390 2390 2390 2390 2390 2390 2390 2390 2390 2390 2390 2390 2442 2442 2442 2442
2648 2648 2648 2443 2443 2443 2443 2443 2443 2443 2648 2648 2064 2443 2043 2043 1905 2089 2043 2620 2620 1905 1905 2027 2043 2089 2043 2027 2027 2624 2635 2635 1905 1905 1905 2624 2624 2635 2635 2635 2635 2635 2635 2390 2390 2390 2415 2415 2415 2415 2415 2390 2390 2390 2390 2390 2390 2390 2390 2089 2413 2390 2390 2390 2390 2390 2390 2390 2390 2390 2414 2413 2413 2390 2390 2390 2390 2390 2390 2390 2390 2390 2390 2390
2648 2648 2114 2443 2443 2443 2443 2648 2648 2443 2443 2443 2443 2648 2064 2417 1840 2064 2064 2620 2043 2043 1905 2043 2043 2089 2089 2027 2027 2635 2624 2624 2624 2635 2635 2629 2629 2629 2629 2629 2629 2390 2027 2027 2027 2415 2415 2426 2426 2415 2415 2390 2390 2390 2390 2390 2390 2089 2089 2413 2390 2390 2390 2089 2429 2429 2429 2390 2414 2390 2413 2437 2437 2390 2390 2390 2390 2390 2390 2390 2390 2390 2390 2390
2443 2443 2443 2114 2114 2443 2443 2443 2648 2443 2443 1840 2421 2418 1840 1840 2417 1840 1840 2064 2496 2415 2064 2043 2089 2089 2043 2089 2635 2635 2635 2635 2635 2629 2629 2629 2443 2623 2623 2623 2623 2027 2027 2390 2390 1905 2390 2415 2426 2426 2415 2390 2390 2390 2390 2442 2390 2390 2089 2413 2390 2390 2390 2305 2305 2429 2429 2390 2390 2414 2089 2437 2437 2390 2390 2390 2390 2089 2390 2089 2089 2305 2428 2390
2443 2443 2443 2443 2443 2648 2427 2427 2648 2443 2443 2415 2415 2641 2418 1840 1840 1840 2427 2427 2496 2496 2620 2415 2415 2278 2043 2043 2027 2027 2027 2635 2635 2635 2635 2629 2629 2629 2629 2629 2623 2623 2623 2027 1905 2443 2390 2390 2390 2390 2390 2390 2390 2441 2441 2442 2390 2442 2442 2390 2390 2651 2651 2651 2651 2651 2651 2413 2413 2089 2437 2437 2437 2437 2437 2390 2089 2390 2089 2089 2390 2390 2390 2390
2443 2443 2443 2443 1840 2421 2114 2421 2473 2421 2495 2473 2495 2415 2641 1840 1840 1905 2415 2089 2089 2496 2620 2629 2629 2620 2620 2620 2620 2620 2628 2628 2635 2635 2635 2635 2648 2629 2043 2043 2027 2623 2623 1905 1905 2443 2443 2443 2390 2390 2413 2413 2390 2441 2442 2390 2305 2442 2442 2305 2390 2390 2089 2305 2305 2305 2651 2651 2651 2651 2651 2437 2437 2089 2437 2437 2437 2089 2442 2442 2442 2390 2442 2442
2474 2648 2648 1840 1840 2418 2114 2495 2473 2473 2473 2473 2495 1840 2495 1840 1905 1905 2415 2415 2027 2620 2027 2443 2443 2278 2443 2625 2625 2625 2089 2089 2089 2114 2635 2027 2043 2443 2443 2443 2027 2623 2443 2443 2443 2443 2027 2089 2089 2089 2390 2390 2390 2390 2390 2390 2305 2390 2305 2390 2390 2390 2089 2305 2305 2390 2089 2089 2089 2089 2651 2651 2651 2651 2437 2442 2442 2442 2651 2442 2442 2089 2089 2089
1840 2648 2648 1840 2421 2421 2421 2495 1840 1840 2495 2495 1840 1840 2641 1840 2473 2496 2496 2496 2027 2443 2648 2027 2461 2427 2427 2278 2443 2625 2089 2089 2114 1898 2064 2064 2064 2064 2648 2648 2443 2443 2443 2443 2443 2443 2027 2027 2027 2027 2390 2390 2390 2390 2390 2390 2390 2390 2442 2390 2089 2065 2089 2089 2089 2089 2390 2390 2390 2390 2390 2390 2089 2089 2089 2651 2651 2390 2089 2089 2428 2428 2428 2089
2457 2457 2461 2648 2473 2473 2114 1840 1840 1840 1840 2495 2473 2473 2473 2495 2495 2473 2496 2027 2443 2443 2648 2496 2461 2461 2629 2629 2278 2625 2625 2114 2114 2420 2420 1898 1898 2443 2443 2064 2443 2443 2443 2443 2443 2443 2443 2443 2390 2390 2390 2390 2390 2390 2443 2089 2089 2089 2065 2065 2065 2390 2390 2305 2390 2390 2390 2390 2390 2390 2390 2390 2390 2390 2414 2390 2390 2089 2089 2089 2428 2428 2414 2428
2473 2473 2652 2652 2648 2648 2114 2443 1840 2495 2641 1840 1840 1840 2495 1840 2495 2495 2473 2418 2443 2496 2475 2496 2496 2629 2629 2629 2629 2278 2278 2461 2461 2648 2648 2443 2443 2443 1898 2443 2443 2443 2443 2648 2648 2648 2443 2443 2443 2443 2443 2443 2443 2443 2089 2114 2114 2065 2390 2390 2065 2390 2390 2305 2305 2390 2390 2390 2390 2414 2414 2390 2390 2390 2414 2651 2390 2089 2390 2089 2428 2428 2428 2428
2457 1840 2648 2648 2652 2652 2652 2443 2495 2495 1840 2495 2495 1840 2638 2638 2495 2495 2473 2495 2496 2496 2496 2114 2496 2461 2629 2629 2114 2420 2278 2278 2278 2278 2443 2443 2421 2443 2648 2648 2648 2278 2648 2648 2648 2114 2114 2114 2114 2114 2443 2443 2114 2114 2390 2390 2390 2390 2390 2390 2390 2390 2065 2065 2065 2390 2089 2089 2390 2390 2390 2414 2390 2420 2420 2390 2420 2420 2420 2420 2420 2420 2420 2420
1840 1840 1840 2473 2473 2473 2114 2443 2443 1840 1840 2495 2638 2495 2638 2638 2638 1840 1840 2495 2461 2461 2461 2460 2460 2460 2420 2420 2114 2421 2629 2421 2421 2421 2278 2278 2418 2421 2278 2443 2421 2420 2420 2420 2420 2636 2114 2442 2442 2442 2114 2114 2114 2651 2651 2390 2651 2651 2651 2420 2420 2390 2390 2390 2390 2065 2065 2390 2089 2390 2089 2420 2420 2420 2420 2420 2420 2420 2420 2420 2414 2414 2420 2420
1840 2495 1840 1840 1840 2421 1840 1840 2473 2114 2443 2475 2475 2638 2638 1840 2638 2638 1840 2495 2461 2421 2421 2496 2420 2420 2418 2418 2420 2421 2420 2421 2421 2420 2632 2114 2421 2420 2421 2420 2421 2420 2421 2631 2636 2636 2114 2420 2420 2420 2390 2390 2390 2390 2651 2651 2651 2651 2420 2420 2420 2420 2420 2420 2420 2390 2390 2065 2065 2420 2420 2420 2420 2420 2420 2089 2420 2420 2420 2420 2651 2420 2651 2651
1840 2421 2421 2421 1840 1840 1840 1840 2473 1840 2473 2443 2457 2457 1840 1840 1840 2457 2421 2421 2421 2421 2418 2418 2496 2496 2418 2420 2418 2420 2421 2420 2460 2460 2632 2114 2632 2421 2421 2420 1840 1840 1840 2420 2420 2420 2420 2420 2420 2420 2420 2390 2390 2390 2390 2390 2651 2651 2651 2418 2418 2418 2420 2420 2420 2420 2420 2390 2089 2065 2065 2065 2442 2442 2420 2420 2420 2089 2414 2414 2420 2420 2420 2420
1840 1840 2495 2495 2495 1840 1840 2473 2473 2473 2461 2473 2641 2641 1840 1840 2457 2457 2495 2495 2421 2473 2473 2421 2418 2496 2421 2421 2421 2630 2420 2460 2420 2420 2114 2642 2632 2460 2420 2420 2421 2421 2421 2421 2635 2635 2420 2420 2420 2420 2420 2420 2420 2418 2418 2418 2390 2651 2651 2420 2420 2420 2420 2420 2420 2420 2420 2390 2390 2089 2390 2089 2420 2420 2442 2420 2390 2390 2390 2390 2420 2414 2420 2414
1840 2495 2495 1840 2495 2473 2495 1840 1840 2457 1840 2641 2641 2495 2641 2457 2457 2495 2495 2421 2495 2495 2421 2421 2418 2421 2420 2636 2636 2630 2630 2632 2632 2114 2114 2642 2420 2460 2460 2421 2420 2461 2461 2635 2420 2635 2635 2420 2420 2420 2420 2420 2418 2418 2390 2390 2413 2421 2651 2651 2420 2420 2420 2420 2420 2390 2390 2420 2420 2089 2420 2420 2420 2420 2420 2390 2442 2390 2390 2390 2390 2414 2418 2418
2475 2495 2495 2495 2495 2495 2495 2457 2638 2638 2638 1840 2457 1840 2457 1840 2495 2495 2495 2495 2495 2473 1840 2495 2631 2631 2475 2418 2418 2418 2630 2632 2632 2632 2114 2642 2642 2420 2420 1840 1840 2421 1840 1840 1840 1840 2635 2420 2420 2415 2415 2420 2420 2420 2413 2413 2089 2390 2651 2651 2089 2420 2420 2420 2420 2390 2390 2415 2415 2415 2415 2415 2415 2415 2390 2390 2390 2390 2420 2420 2420 2420 2414 2420
1840 2475 2475 2475 2495 2473 2457 2457 1840 2652 2652 2457 2652 2652 2473 2473 2495 2460 2460 2460 2495 2495 1840 1840 2461 2475 2475 2475 2495 2630 2418 2632 2632 2114 2461 2461 2114 2474 2420 1840 1840 2473 1840 2421 1840 2420 2635 2420 2420 2415 2418 2415 2415 2420 2089 2089 2651 2390 2089 2089 2651 2089 2390 2390 2390 2390 2390 2415 2415 2417 2417 2417 2417 2418 2418 2390 2089 2420 2089 2420 2420 2089 2089 2427
2473 1840 1840 1840 2473 2473 1840 1840 1840 2475 1840 1840 2652 2652 1840 1840 1840 1840 2460 1840 1840 2460 2460 2495 2495 2461 2461 2114 2114 2114 2114 2114 2421 2629 2461 2114 2474 2420 2420 2420 2473 2473 2473 1840 1840 2421 2420 2420 2415 2418 2651 2418 2415 2415 2420 2420 2651 2420 2651 2089 2421 2089 2421 2441 2441 2390 2420 2420 2415 2415 2417 2417 2651 2417 2414 2418 2418 2417 2089 2089 2420 2089 2427 2427
1840 1840 1840 2473 2473 2473 2495 2495 1840 2475 1840 1840 2473 2418 2418 2460 2460 2460 2460 2460 2460 2114 2626 2626 2461 2461 2421 2626 2421 2421 2630 2629 2629 2629 2421 2114 2114 2474 2473 2496 2496 2636 2496 2496 2636 2420 2420 2415 2415 2418 2651 2415 2415 2415 2420 2420 2420 2420 2420 2420 2390 2421 2089 2390 2390 2441 2441 2418 2418 2418 2418 2414 2414 2414 2417 2417 2417 2417 2417 2417 2089 2427 2427 2427
1840 1840 1840 2473 2473 2495 2495 2475 2475 2475 1840 2473 1840 1840 1840 1840 2473 2460 2473 2473 2473 2630 2473 2626 2626 2421 2460 2460 2626 2626 2630 2630 2629 2421 2421 2629 2629 2114 1840 1840 2473 1840 1840 2496 2496 2625 2415 2415 2415 2415 2415 2420 2420 2420 2089 2420 2420 2420 2420 2420 2390 2390 2442 2390 2390 2390 2420 2420 2418 2418 2651 2414 2414 2420 2420 2420 2420 2420 2420 2420 2420 2427 2427 2316
2495 2114 2114 2473 2114 2475 2475 2495 2495 2418 2461 2473 2473 2473 1840 1840 2474 2473 1840 2069 2069 2069 2630 2630 2421 2630 2460 2630 2638 2421 2421 2630 2421 2421 2421 2418 2418 2638 2114 2473 2114 2114 2114 2114 2625 2625 2421 2417 2417 2417 2089 2390 2390 2390 2390 2420 2420 2420 2418 2414 2390 2414 2390 2390 2442 2442 2420 2420 2420 2420 2442 2414 2420 2420 2420 2420 2420 2089 2089 2420 2443 2443 2316 2316
2421 2631 2631 2114 2418 2418 2418 2418 2418 2418 2418 1840 2473 1840 2473 2638 2418 2473 2473 2630 2630 2638 2638 2638 2630 2630 2630 2638 2630 2421 2421 2418 2418 2421 2638 2638 2418 2638 2638 2628 2421 2421 2629 2628 2421 2421 2421 2442 2442 2417 2417 2390 2089 2089 2390 2390 2089 2089 2418 2418 2390 2414 2390 2390 2390 2390 2420 2420 2420 2420 2420 2420 2414 2420 2420 2420 2420 2420 2420 2420 2089 2302 2302 2316
2421 2421 2631 2631 2421 2421 2114 2418 2421 2421 2421 1840 1840 1840 2473 2638 2418 2652 2652 2630 2417 2630 2638 2638 2417 2417 2630 2417 2638 2421 2421 2421 2630 2638 2630 2417 2418 2418 2418 2628 2415 2415 2415 2628 2417 2417 2421 2417 2417 2417 2418 2390 2390 2390 2390 2089 2390 2390 2418 2418 2390 2390 2390 2420 2420 2420 2416 2416 2420 2420 2414 2414 2420 2420 2420 2420 2420 2420 2420 2420 2430 2443 2302 2302
2427 2427 2621 2495 2421 2495 2460 2460 2114 2421 1840 1840 1840 1840 2473 2421 2418 2421 2421 2638 2638 2630 2630 2652 2652 2630 2638 2638 2638 2417 2417 2630 2630 2630 2630 2630 2417 2630 2630 2027 2027 2415 2027 2415 2417 2418 2417 2417 2417 2418 2418 2418 2390 2390 2390 2443 2443 2443 2443 2418 2416 2416 2416 2420 2420 2390 2390 2390 2390 2390 2414 2420 2420 2390 2390 2414 2420 2430 2414 2430 2430 2089 2443 2302
2417 2626 2417 2417 2621 2621 2621 2631 2631 2089 1840 1840 1840 1840 1840 1517 2421 2421 2421 2114 2638 2633 2652 2652 2652 2630 2417 2638 2630 2417 2418 2417 2630 2630 2417 2417 2633 2630 2027 2027 2027 2089 2089 2089 2027 2418 2418 2418 2418 2443 2418 2418 2390 2390 2443 2443 2443 2443 2427 2427 2416 2420 2420 2420 2390 2390 2089 2416 2416 2416 2416 2390 2390 2390 2416 2416 2416 2414 2428 2428 2428 2443 2089 2443
1905 2627 2621 2621 2621 2626 2631 2460 2631 2089 1905 1905 1905 2427 2427 2415 2415 2628 2628 2652 2421 2652 2633 2652 2652 2652 2630 2417 2027 2027 2418 2418 2418 2475 2633 2633 2633 2630 2628 2089 2027 2027 2089 2027 2628 2089 2418 2418 2418 2418 2443 2443 2443 2443 2443 2390 2390 2427 2427 2427 2427 2427 2427 2427 2390 2390 2089 2390 2390 2390 2390 2089 2416 2416 2416 2416 2416 2443 2443 2443 2443 2343 2343 2443
2620 1905 2620 2620 2626 2627 2627 2628 2628 1840 1840 1840 2427 2427 2427 2415 2027 2027 2027 2652 2652 2630 2630 2630 2460 2460 2630 2027 2415 2415 2089 2415 2415 2475 2475 2630 2415 2415 2089 2415 2415 2628 2415 2027 2628 2089 2089 2418 2418 2443 2443 2443 2428 2428 2390 2390 2427 2427 2427 2427 2427 2427 2427 2427 2390 2089 2390 2390 2390 2390 2390 2089 2089 2420 2420 2089 2416 2416 2416 2343 2343 2343 2343 2343
2620 2620 2089 2620 2620 2620 2627 2628 2628 1840 1840 2627 2627 2427 2415 2027 2027 2630 2630 2652 2628 2628 2460 2460 2628 2027 2460 1517 2460 2460 2628 2089 2629 2629 2629 2475 2089 2628 2628 2628 2089 2089 2628 1905 1905 1905 2089 2089 2443 2428 2428 2428 2428 2414 2390 2390 2427 2427 2390 2390 2390 2427 2390 2390 2390 2390 2390 2390 2420 2420 2420 2420 2420 2420 2420 2420 2414 2089 2089 2343 2343 2343 2343 2343
2089 2089 2620 2417 2417 2089 2417 2628 2628 2627 2627 1840 1840 1840 2415 2628 1898 1898 2630 2630 2630 2628 2628 2628 2460 2460 2628 1514 2460 2460 2418 2418 2418 2089 2089 2089 2624 2628 2628 2089 2461 2461 2461 2628 2628 2628 2415 2089 2443 2428 2414 2390 2390 2390 2390 2427 2427 2390 2390 2390 2390 2390 2390 2390 2414 2390 2390 2390 2420 2420 2420 2420 2420 2420 2420 2427 2427 2414 2065 2065 2065 2302 2302 2302
2089 2622 2622 2622 2622 2622 2622 2622 2627 2627 2627 1840 2628 2628 1840 2628 2633 2633 2628 2630 2628 2630 2630 2628 2460 2460 2460 2460 2418 2418 2418 2628 2628 2089 2089 2089 2624 2624 2624 2624 2624 2089 2415 1905 2415 1905 2487 2443 2414 2428 2428 2390 2423 2089 2089 2390 2390 2390 2390 2390 2390 2390 2390 2390 2437 2437 2414 2390 2420 2420 2420 2420 2414 2427 2427 2302 2414 2302 2302 2302 2302 2302 2302 2302
2089 2099 1841 1841 1841 2623 2623 2623 2623 2623 2089 2089 2415 1840 1840 2415 2633 2633 2415 2633 2630 2630 2089 2630 2628 2460 2027 2027 2114 2628 2628 2089 2628 2415 2415 2114 2624 2390 2390 2390 2390 2390 2415 2415 2415 2415 2043 2043 2414 2428 2428 2423 2089 2427 2427 2427 2390 2089 2414 2390 2390 2390 2390 2437 2437 2437 2437 2414 2305 2427 2427 2427 2414 2414 2427 2427 2427 2302 2302 2302 2302 2302 2302 2427
2443 2417 1905 2623 2623 1905 2089 2027 2623 2089 2027 2089 2628 2089 2628 2415 2633 2633 2633 2089 2089 2089 2628 2027 2630 2630 2628 2628 2628 2114 2114 2415 2628 2628 2628 2043 2099 2390 2043 2390 2043 2043 2114 2027 2415 2415 2099 2414 2428 2428 2428 2423 2413 2427 2427 2427 2089 2427 2427 2414 2414 2427 2414 2427 2427 2427 2427 2427 2414 2427 2427 2414 2427 2414 2414 2427 2427 2414 2302 2065 2302 2302 2302 2089
2417 2099 2099 2621 2621 2621 2390 2089 2089 2390 2089 2089 2628 2628 2415 1898 2089 2415 2089 2630 2630 2628 2628 2089 2089 2027 2027 2027 2390 2390 2390 2114 2648 2648 2043 2089 2043 2099 2043 2043 2390 1905 2114 2043 2027 2415 2487 2427 2423 2423 2413 2089 2089 2315 2427 2089 2427 2427 2427 2427 2427 2651 2427 2427 2427 2427 2427 2089 2305 2305 2305 2414 2442 2442 2421 2414 2302 2302 2302 2414 2065 2443 2443 2443
2390 2390 2390 2621 2621 2390 2390 2648 2443 2390 2390 2390 2390 2487 2089 2089 2089 2628 2628 2089 2630 2628 2628 2628 2089 2043 2043 2043 2390 2628 2114 2628 2648 2114 2648 2043 2043 2043 1905 2043 2390 2114 2043 2027 2043 2427 2427 2487 2487 2089 2487 2487 2487 2487 2315 2427 2427 2427 2427 2427 2427 2427 2302 2302 2302 2427 2427 2302 2302 2302 2302 2065 2065 2421 2421 2421 2421 2421 2302 2443 2443 2443 2443 2302
2043 2390 2390 2082 2082 2082 2089 2619 2619 2487 2089 2089 2621 2089 2648 2099 1840 1905 1905 1905 2027 2027 2089 2089 2089 2027 2027 2027 2390 2390 2628 2027 2027 1905 1905 2648 2648 2648 2114 2114 2043 2043 2043 2043 2043 2043 2427 2427 2487 2427 2427 2427 2414 2315 2487 2487 2315 2487 2487 2487 2315 2315 2315 2302 2302 2302 2302 2414 2302 2414 2343 2343 2421 2421 2421 2343 2343 2443 2443 2443 2089 2089 2443 2443
2099 2619 2619 2487 2487 2443 2487 2443 2443 2443 2443 2443 2621 2089 2648 2648 2099 1840 2099 2099 2099 2027 2390 2390 2390 2089 2089 2027 2390 2420 2420 1898 1898 2027 2027 2043 2043 2043 2043 2114 2027 2027 2027 2043 2043 2621 2427 2487 2427 2427 2427 2427 2427 2427 2414 2427 2302 2302 2302 2315 2487 2651 2651 2651 2651 2651 2651 2651 2651 2343 2343 2651 2305 2305 2443 2443 2089 2089 2414 2302 2302 2414 2302 2305
