code/mhm/set_up/Wesenitz2_0p0625/mhm_setup/morph/soil_class.asc
ncols                240
nrows                104
xllcorner            13.90625
yllcorner            50.984375
cellsize             0.001953125
nodata_value         -9999
[rows 38 to 75 of 104, columns 84 to 167 of 240]
2428 2428 2428 2428 2428 2442 2442 2089 2089 2428 2428 2414 2414 2651 2651 2428 2651 2390 2390 2390 2390 2390 2390 2414 2390 2390 2390 2390 2390 2390 2390 2390 2400 2400 2400 2089 2438 2400 2400 2400 2400 2400 2443 2400 2428 2428 2427 2427 2427 2427 2427 2427 2428 2428 2414 2390 2651 2651 2651 2651 2089 2089 2651 2343 2316 2316 2316 2427 2427 2089 2089 2427 2427 2427 2427 2316 2316 2316 2316 2427 2316 2444 2444 2316
2442 2442 2442 2442 2442 2442 2442 2428 2428 2418 2414 2390 2390 2390 2390 2089 2651 2651 2390 2651 2390 2390 2390 2390 2390 2390 2316 2316 2316 2316 2390 2390 2390 2390 2390 2438 2065 2065 2065 2065 2443 2065 2065 2065 2443 2428 2427 2427 2427 2427 2414 2428 2428 2428 2428 2414 2390 2651 2651 2390 2390 2390 2651 2343 2316 2316 2316 2316 2427 2427 2089 2427 2427 2427 2414 2427 2427 2427 2427 2427 2427 2316 2316 2316
2390 2390 2442 2442 2442 2442 2089 2414 2414 2418 2418 2390 2390 2390 2390 2089 2651 2651 2651 2651 2651 2089 2438 2390 2390 2390 2390 2390 2390 2390 2390 2651 2390 2390 2089 2438 2065 2065 2065 2443 2443 2065 2414 2443 2443 2443 2427 2427 2427 2427 2427 2089 2089 2089 2089 2089 2414 2414 2390 2390 2390 2414 2651 2651 2343 2343 2343 2343 2343 2427 2427 2427 2427 2427 2400 2400 2400 2089 2427 2427 2427 2427 2316 2316
2390 2089 2390 2390 2442 2442 2442 2089 2428 2428 2428 2390 2089 2390 2390 2651 2089 2651 2438 2438 2438 2438 2438 2438 2438 2089 2089 2438 2438 2438 2438 2438 2438 2438 2065 2065 2065 2065 2065 2443 2428 2065 2428 2428 2428 2428 2443 2427 2427 2427 2427 2428 2428 2428 2089 2089 2089 2089 2390 2414 2390 2390 2390 2390 2414 2651 2390 2089 2089 2651 2651 2343 2343 2651 2400 2400 2400 2651 2089 2089 2089 2089 2427 2427
2390 2390 2442 2442 2442 2442 2442 2651 2651 2651 2390 2390 2651 2651 2089 2089 2438 2438 2651 2651 2651 2390 2438 2438 2438 2065 2089 2427 2427 2428 2089 2428 2089 2089 2065 2089 2089 2089 2651 2428 2428 2443 2443 2089 2414 2428 2443 2443 2427 2427 2089 2428 2428 2428 2430 2430 2089 2089 2089 2390 2089 2390 2390 2390 2390 2390 2390 2390 2390 2414 2390 2414 2651 2651 2651 2651 2651 2343 2651 2316 2316 2316 2427 2427
2390 2442 2442 2442 2442 2442 2089 2651 2651 2651 2651 2651 2651 2651 2651 2651 2438 2390 2390 2390 2390 2390 2390 2390 2390 2065 2065 2427 2427 2428 2089 2428 2089 1516 1516 1516 2428 2428 2428 2428 2428 2413 2413 2089 2089 2428 2428 2428 2089 2089 2089 2651 2430 2430 2430 2430 2428 2428 2089 2089 2390 2390 2089 2390 2390 2390 2390 2390 2414 2390 2390 2414 2390 2651 2390 2390 2390 2651 2651 2651 2651 2316 2651 2089
2442 2442 2442 2089 2390 2390 2390 2651 2651 2413 2413 2089 2089 2438 2438 2438 2438 2089 2305 2305 2305 2305 2305 2305 2305 2390 2065 2065 2065 2065 2065 2428 2428 2428 2428 2428 2414 2428 2027 2027 2027 2027 2413 2413 2443 2089 2428 2428 2428 2428 2428 2428 2089 2089 2089 2089 2089 2428 2428 2428 2089 2430 2430 2089 2390 2390 2390 2390 2414 2414 2414 2390 2390 2390 2651 2414 2390 2089 2651 2651 2651 2651 2651 2651
2089 2089 2089 2089 2089 2390 2651 2390 2413 2413 2089 2089 2438 2305 2305 2305 2305 2316 2414 2316 2316 2316 2316 2400 2400 2400 2089 2089 2400 2065 2400 2400 2400 2065 2065 2414 2414 2414 2027 2027 2027 2027 2027 2414 2443 2443 2428 2428 2428 2428 2428 2428 2089 2430 2430 2430 2430 2428 2428 2428 2430 2430 2430 2430 2089 2390 2390 2390 2390 2414 2651 2390 2390 2651 2414 2414 2414 2089 2400 2400 2400 2089 2089 2651
2428 2428 2428 2428 2390 2651 2651 2427 2427 2414 2089 2089 2438 2438 2438 2305 2316 2316 2316 2316 2316 2316 2316 2316 2400 2414 2400 2414 2400 2065 2400 2428 2428 2428 2089 2089 2428 2428 2428 2428 2027 2027 2414 2414 2443 2443 2414 2414 2414 2428 2428 2089 2400 2089 2089 2089 2089 2428 2428 2428 2089 2305 2305 2089 2305 2089 2089 2089 2089 2390 2089 2089 2428 2428 2428 2428 2400 2414 2400 2414 2414 2089 2651 2651
2428 2428 2316 2316 2316 2427 2427 2414 2414 2428 2428 2428 2428 2428 2438 2316 2316 2316 2316 2316 2316 2316 2316 2316 2400 2400 2400 2400 2400 2400 2065 2089 2400 2428 2428 2089 2428 2414 2428 2428 2027 2027 2027 2443 2443 2428 2428 2428 2428 2428 2089 2400 2400 2089 2305 2305 2428 2428 2428 2428 2089 2305 2305 2305 2305 2305 2390 2390 2651 2390 2089 2428 2428 2428 2428 2651 2400 2414 2414 2414 2414 2089 2089 2089
2428 2427 2316 2316 2316 2316 2427 2427 2427 2427 2427 2305 2065 2438 2438 2316 2316 2316 2316 2316 2316 2316 2316 2414 2400 2400 2400 2400 2400 2400 2089 2400 2400 2400 2089 2428 2428 2428 2414 2428 2428 2414 2316 2443 2443 2443 2428 2428 2414 2428 2089 2400 2400 2089 2305 2305 2089 2305 2305 2305 2436 2436 2436 2436 2305 2089 2305 2089 2651 2390 2089 2428 2428 2428 2428 2414 2316 2316 2316 2400 2400 2089 2065 2065
2420 2427 2427 2316 2316 2414 2316 2427 2427 2414 2414 2305 2443 2443 2443 2443 2316 2316 2316 2316 2089 2089 2089 2414 2414 2089 2089 2427 2427 2089 2089 2400 2400 2305 2428 2428 2428 2414 2316 2316 2316 2316 2414 2316 2443 2316 2316 2316 2428 2428 2089 2400 2305 2305 2316 2316 2316 2305 2436 2316 2436 2316 2316 2316 2316 2305 2305 2305 2089 2305 2428 2414 2428 2428 2414 2316 2316 2316 2400 2400 2089 2089 2065 2443
2651 2420 2427 2414 2427 2427 2427 2316 2316 2316 2065 2315 2443 2414 2400 2400 2443 2443 2443 2089 2316 2316 2316 2414 2427 2427 2427 2427 2316 2316 2316 2316 2316 2089 2305 2089 2428 2428 2316 2316 2316 2316 2316 2443 2443 2316 2316 2316 2316 2316 2400 2400 2427 2089 2305 2305 2316 2316 2316 2316 2316 2316 2316 2316 2316 2316 2316 2316 2316 2316 2305 2305 2414 2414 2400 2400 2400 2400 2400 2089 2065 2065 2089 2089
2651 2651 2414 2390 2414 2414 2414 2305 2305 2305 2065 2400 2400 2400 2400 2400 2400 2443 2443 2443 2316 2316 2316 2316 2316 2316 2089 2316 2316 2316 2316 2316 2316 2305 2305 2305 2316 2316 2316 2316 2316 2316 2443 2443 2316 2316 2316 2316 2316 2316 2089 2427 2427 2427 2427 2089 2089 2089 2089 2305 2316 2316 2316 2316 2316 2089 2089 2316 2089 2316 2316 2316 2316 2651 2400 2089 2089 2065 2304 2442 2442 2065 2316 2316
2420 2651 2651 2651 2390 2414 2305 2305 2305 2065 2065 2400 2089 2400 2400 2400 2400 2089 2443 2443 2316 2089 2089 2316 2316 2316 2089 2316 2316 2316 2316 2316 2414 2316 2316 2305 2316 2316 2316 2316 2316 2316 2443 2443 2316 2316 2316 2316 2089 2089 2428 2089 2427 2427 2427 2427 2427 2089 2305 2305 2316 2316 2316 2316 2414 2316 2316 2423 2089 2305 2305 2316 2316 2305 2089 2305 2305 2304 2305 2304 2305 2305 2316 2316
2414 2420 2420 2420 2651 2651 2316 2065 2315 2400 2400 2400 2400 2400 2400 2400 2089 2316 2316 2443 2443 2316 2316 2316 2316 2316 2316 2316 2414 2414 2414 2316 2316 2316 2316 2305 2427 2427 2427 2316 2414 2414 2414 2443 2089 2089 2428 2428 2428 2089 2428 2428 2089 2427 2089 2089 2089 2316 2316 2316 2316 2414 2414 2316 2316 2316 2316 2423 2423 2423 2089 2089 2305 2305 2305 2305 2305 2305 2305 2305 2304 2305 2442 2442
2420 2420 2420 2420 2420 2089 2065 2065 2315 2400 2400 2400 2089 2400 2400 2089 2316 2316 2316 2443 2089 2443 2089 2316 2316 2316 2316 2427 2316 2316 2316 2316 2316 2316 2316 2427 2089 2427 2427 2427 2427 2443 2443 2443 2427 2427 2316 2316 2428 2428 2428 2428 2089 2427 2089 2427 2427 2316 2316 2316 2427 2427 2427 2316 2316 2316 2316 2414 2414 2423 2423 2089 2089 2305 2316 2316 2316 2316 2305 2305 2305 2305 2442 2305
2414 2414 2414 2305 2414 2089 2089 2065 2065 2315 2089 2089 2089 2089 2400 2400 2316 2316 2316 2316 2316 2089 2316 2316 2316 2427 2427 2427 2427 2427 2427 2427 2414 2427 2427 2089 2427 2427 2089 2089 2089 2427 2427 2089 2427 2427 2316 2316 2316 2428 2428 2428 2089 2089 2427 2427 2316 2316 2316 2316 2427 2089 2427 2427 2427 2414 2316 2316 2316 2423 2423 2423 2423 2423 2089 2444 2444 2444 2444 2444 2444 2316 2316 2316
2427 2316 2305 2414 2316 2316 2302 2315 2065 2089 2316 2316 2316 2316 2400 2400 2414 2316 2316 2427 2427 2089 2427 2089 2089 2427 2427 2089 2089 2427 2427 2427 2427 2427 2427 2089 2427 2427 2427 2427 2427 2427 2427 2089 2089 2427 2427 2427 2316 2316 2316 2316 2428 2427 2427 2427 2427 2427 2427 2427 2316 2316 2316 2316 2443 2427 2427 2316 2316 2316 2316 2414 2423 2444 2444 2444 2444 2444 2444 2444 2444 2316 2316 2316
2427 2316 2316 2414 2414 2414 2315 2315 2315 2315 2089 2316 2316 2316 2316 2316 2089 2427 2427 2427 2427 2427 2427 2427 2089 2427 2427 2427 2427 2427 2414 2316 2316 2089 2089 2427 2427 2427 2427 2414 2414 2428 2089 2428 2428 2428 2428 2428 2414 2428 2414 2428 2428 2427 2414 2089 2427 2427 2427 2427 2316 2316 2316 2414 2414 2443 2443 2427 2427 2316 2316 2305 2305 2305 2305 2316 2444 2444 2444 2316 2316 2316 2316 2316
2427 2414 2316 2316 2315 2065 2414 2315 2400 2414 2414 2089 2089 2089 2089 2089 2089 2427 2427 2427 2427 2427 2089 2427 2427 2089 2427 2427 2427 2427 2302 2414 2316 2316 2316 2427 2427 2427 2427 2427 2435 2414 2414 2414 2414 2414 2414 2428 2428 2428 2428 2414 2414 2427 2089 2089 2414 2427 2427 2414 2427 2427 2427 2427 2427 2427 2427 2443 2443 2443 2316 2316 2316 2414 2316 2316 2316 2414 2414 2316 2316 2316 2316 2316
2316 2316 2316 2089 2065 2315 2400 2414 2414 2400 2414 2428 2427 2427 2427 2427 2443 2443 2443 2443 2427 2427 2427 2427 2427 2089 2427 2427 2302 2302 2302 2414 2414 2302 2089 2027 2089 2089 2089 2427 2435 2435 2435 2435 2435 2435 2027 2414 2414 2428 2027 2027 2089 2427 2427 2427 2427 2427 2427 2427 2427 2414 2414 2427 2427 2427 2427 2427 2443 2443 2316 2316 2316 2316 2316 2316 2414 2414 2089 2414 2414 2316 2316 2316
2316 2316 2316 2315 2065 2400 2400 2089 2428 2428 2428 2428 2428 2427 2427 2427 2427 2414 2414 2427 2443 2443 2427 2427 2427 2427 2427 2302 2302 2302 2302 2089 2302 2302 2027 2027 2027 2027 2427 2089 2427 2414 2027 2027 2089 2027 2027 2027 2027 2414 2027 2027 2089 2427 2427 2316 2316 2316 2316 2316 2427 2427 2414 2427 2427 2089 2089 2089 2443 2443 2316 2316 2316 2316 2316 2316 2316 2316 2316 2316 2316 2316 2316 2316
2316 2414 2316 2302 2315 2315 2315 2089 2089 2428 2089 2428 2089 2428 2428 2427 2427 2427 2414 2427 2427 2414 2443 2443 2443 2427 2302 2443 2443 2443 2443 2443 2443 2443 2089 2027 2414 2414 2427 2427 2427 2414 2414 2414 2414 2089 2089 2027 2414 2414 2027 2027 2427 2427 2427 2427 2427 2316 2316 2316 2316 2316 2316 2316 2427 2427 2089 2443 2443 2443 2443 2443 2443 2316 2316 2089 2316 2316 2316 2316 2316 2316 2414 2316
2302 2302 2302 2302 2315 2315 2315 2089 2428 2428 2089 2089 2089 2302 2302 2089 2427 2427 2427 2414 2427 2414 2443 2443 2443 2443 2443 2443 2427 2316 2316 2316 2414 2302 2302 2089 2427 2427 2414 2414 2427 2427 2027 2027 2027 2027 2027 2089 2089 2027 2089 2027 2089 2427 2089 2305 2305 2316 2316 2316 2316 2316 2316 2316 2316 2427 2443 2427 2427 2427 2414 2414 2443 2443 2443 2443 2302 2302 2414 2414 2316 2302 2302 2316
2414 2315 2315 2315 2065 2302 2302 2302 2302 2428 2428 2428 2428 2302 2302 2302 2414 2414 2414 2427 2428 2428 2427 2427 2427 2427 2427 2427 2316 2316 2316 2316 2316 2414 2427 2427 2427 2414 2414 2427 2427 2427 2427 2414 2414 2414 2414 2414 2027 2089 2089 2089 2089 2427 2427 2427 2414 2305 2305 2316 2316 2316 2316 2316 2427 2427 2443 2427 2414 2427 2427 2427 2427 2427 2427 2443 2443 2414 2302 2302 2302 2302 2414 2316
2443 2443 2065 2315 2315 2315 2302 2414 2428 2428 2428 2414 2428 2428 2302 2302 2302 2427 2427 2428 2428 2428 2427 2427 2414 2089 2089 2414 2316 2316 2423 2423 2423 2423 2423 2427 2305 2414 2305 2427 2414 2427 2427 2428 2428 2428 2428 2027 2027 2027 2027 2443 2427 2427 2316 2316 2316 2305 2305 2316 2427 2414 2427 2427 2427 2427 2414 2414 2414 2427 2427 2427 2427 2427 2414 2427 2414 2443 2443 2302 2302 2302 2414 2316
2443 2343 2089 2428 2428 2089 2089 2089 2428 2089 2428 2428 2428 2428 2428 2428 2414 2302 2302 2414 2414 2305 2305 2414 2089 2427 2427 2427 2427 2427 2414 2414 2305 2305 2305 2414 2414 2305 2414 2414 2414 2427 2427 2427 2414 2027 2027 2412 2089 2027 2027 2443 2443 2414 2427 2427 2427 2427 2427 2427 2427 2427 2414 2427 2305 2305 2427 2427 2427 2089 2427 2427 2089 2427 2414 2427 2427 2427 2427 2443 2443 2302 2302 2414
2343 2343 2343 2089 2089 2428 2428 2427 2427 2427 2427 2089 2089 2428 2428 2428 2302 2302 2089 2302 2089 2089 2089 2302 2302 2302 2302 2414 2427 2427 2427 2305 2305 2305 2305 2305 2427 2427 2427 2427 2089 2089 2089 2089 2427 2441 2441 2412 2440 2089 2027 2089 2443 2427 2414 2427 2427 2427 2414 2427 2427 2427 2414 2305 2305 2305 2305 2414 2414 2414 2089 2427 2089 2427 2414 2414 2427 2427 2427 2089 2443 2443 2302 2442
2428 2428 2428 2428 2089 2428 2089 2427 2427 2427 2427 2427 2427 2427 2414 2428 2089 2089 2089 2316 2316 2316 2316 2316 2302 2302 2302 2302 2414 2414 2305 2414 2414 2305 2305 2089 2089 2427 2427 2427 2414 2414 2427 2427 2427 2427 2027 2027 2027 2440 2027 2089 2443 2443 2427 2089 2427 2089 2089 2089 2089 2089 2427 2414 2305 2427 2427 2427 2427 2427 2427 2427 2427 2427 2414 2427 2427 2427 2427 2427 2089 2443 2443 2305
2302 2089 2089 2428 2443 2443 2443 2414 2414 2427 2427 2427 2427 2427 2427 2089 2089 2316 2316 2089 2089 2316 2316 2316 2316 2316 2089 2316 2316 2316 2427 2427 2305 2305 2089 2427 2427 2427 2414 2414 2427 2427 2427 2427 2414 2027 2027 2414 2414 2427 2414 2414 2443 2089 2089 2427 2427 2427 2414 2427 2427 2427 2427 2427 2427 2316 2316 2316 2316 2316 2316 2316 2089 2414 2305 2316 2414 2427 2427 2427 2443 2305 2304 2305
2427 2443 2302 2302 2443 2443 2443 2443 2443 2427 2414 2414 2427 2427 2089 2302 2316 2316 2316 2316 2316 2089 2316 2316 2316 2316 2316 2414 2316 2316 2316 2427 2305 2305 2089 2427 2427 2089 2427 2427 2302 2302 2427 2414 2427 2027 2027 2027 2440 2427 2427 2443 2443 2316 2316 2427 2427 2427 2414 2427 2316 2316 2316 2316 2316 2316 2316 2305 2305 2305 2414 2414 2089 2305 2316 2316 2427 2427 2427 2443 2443 2443 2304 2305
2414 2443 2443 2443 1514 1514 1514 1514 2443 2427 2427 2414 2089 2302 2302 2302 2316 2316 2316 2414 2316 2316 2316 2316 2316 2316 2316 2316 2302 2427 2427 2427 2427 2305 2305 2089 2443 2443 2427 2427 2427 2302 2302 2414 2027 2027 2440 2427 2427 2302 2302 2443 2443 2316 2316 2414 2316 2316 2316 2316 2316 2316 2316 2089 2089 2089 2305 2305 2089 2089 2305 2305 2089 2305 2443 2443 2427 2443 2443 2443 2304 2304 2316 2316
2443 2443 2443 2443 2443 2443 2432 2432 2432 2427 2427 2427 2427 2427 2427 2414 2302 2302 2302 2302 2302 2302 2316 2316 2302 2316 2302 2302 2302 2414 2414 2427 2427 2305 2305 2443 2443 2305 2414 2414 2414 2302 2302 2302 2414 2027 2440 2302 2302 2302 2302 2305 2305 2316 2316 2316 2316 2414 2316 2414 2316 2316 2316 2316 2089 2089 2423 2423 2423 2427 2427 2427 2089 2089 2089 2089 2443 2443 2304 2304 2316 2316 2316 2316
2302 2443 2302 2443 2443 2443 2427 2427 2427 2427 2427 2089 2427 2427 2443 2443 2443 2089 2089 2302 2302 2302 2089 2302 2302 2414 2302 2302 2089 2302 2302 2302 2302 2414 2305 2443 2305 2305 2305 2305 2305 2302 2414 2414 2414 2027 2440 2302 2302 2302 2089 2305 2414 2414 2414 2305 2316 2414 2316 2414 2316 2316 2316 2316 2316 2089 2423 2423 2423 2427 2427 2427 2427 2427 2443 2443 2443 2443 2443 2304 2304 2316 2316 2316
2302 2302 2302 2414 2302 2302 2302 2443 2089 2089 2427 2427 2427 2427 2443 2443 2443 2443 2302 2302 2302 2089 2302 2302 2302 2089 2089 2089 2302 2302 2302 2302 2302 2443 2443 2305 2305 2414 2302 2302 2302 2302 2302 2302 2440 2440 2440 2440 2316 2305 2305 2305 2305 2414 2305 2316 2414 2414 2316 2316 2414 2316 2316 2316 2316 2089 2423 2423 2427 2414 2414 2089 2089 2427 2427 2089 2065 2443 2443 2316 2316 2316 2316 2316
2065 2065 2065 2089 2089 1514 1514 1514 1515 2427 2427 2427 2443 2443 2443 2443 2443 2443 2443 2443 2443 2443 2443 2443 2443 2443 2302 2414 2302 2302 2302 2414 2443 2443 2305 2427 2427 2302 2302 2302 2302 2302 2302 2302 2423 2305 2440 2316 2316 2316 2316 2316 2316 2316 2316 2316 2316 2414 2414 2316 2414 2423 2423 2414 2423 2089 2427 2427 2427 2427 2427 2427 2414 2427 2089 2065 2443 2316 2316 2316 2316 2316 2316 2316
2089 2305 2305 2305 2089 2089 2089 2089 2443 2089 2089 2089 2443 2443 2427 2089 2305 2305 2305 2305 2414 2305 2305 2305 2305 2089 2443 2443 2443 2443 2443 2443 2443 2414 2305 2427 2427 2427 2414 2427 2302 2302 2302 2414 2414 2414 2440 2316 2316 2316 2316 2316 2414 2316 2316 2316 2316 2316 2316 2414 2414 2423 2414 2423 2423 2089 2414 2427 2427 2414 2414 2427 2427 2427 2427 2065 2443 2436 2316 2316 2304 2305 2316 2316
