code/mhm/set_up/Wyhra_0p0625/mhm_setup/morph/soil_class.asc
ncols                128
nrows                112
xllcorner            12.484375
yllcorner            50.84375
cellsize             0.001953125
nodata_value         -9999
[rows 0 to 39 of 112, columns 0 to 89 of 128]
1542 1542 1542 1542 1542 1542 1542 1542 1542 1542 2646 1916 1916 1916 1916 1916 1916 1937 1918 1918 1918 1918 1918 1918 1918 1918 1918 1918 1723 1723 1723 1723 1723 1723 1723 1726 1726 1726 1726 1950 1950 1726 1726 1726 1916 1931 1918 1918 1918 1918 1918 1918 1726 1726 1918 1918 1726 1726 1726 1725 1725 1725 1725 1916 1916 1916 1916 2646 2646 1902 1902 1902 1902 1937 1937 1902 1902 1902 1902 1902 2646 1904 1693 1902 1902 1902 1902 1902 1902 1904
1542 1542 1542 1542 1542 1542 1542 1542 1542 1542 1542 1916 1916 1916 1916 1916 1916 1918 1918 1918 1916 1916 1916 1916 1918 1918 1918 1918 1723 1723 1723 1723 1723 1723 1723 1726 1726 1726 1726 1726 1950 1726 1726 1726 1931 1726 1726 1726 1726 1726 1726 1726 1726 1726 1726 1726 1726 1693 1693 1904 1693 1693 1693 1693 1695 1695 1695 1902 1902 1902 1902 1902 1902 1937 1902 1902 1902 1902 1902 2646 2646 1693 1902 1902 1902 1902 1902 1931 1902 1902
1542 1542 1542 1542 1542 1542 1542 1542 1542 1542 1542 1916 1916 1916 1916 1916 1916 1937 1918 1918 1916 1916 1916 1916 1916 1916 1916 1916 1916 1723 1723 1723 1723 1726 1726 1726 1726 1726 1726 1726 1726 1726 1726 1726 1726 1693 1693 1726 1726 1726 1726 1726 1726 1726 1726 1726 1726 1726 1693 1693 1904 1904 1693 1693 1693 1904 1693 1693 1902 1902 1902 1902 1902 1902 1902 1902 1904 1902 2646 1902 1902 2646 2646 1693 1693 1931 1693 1693 1693 1693
1542 1542 1542 1542 1542 1542 1542 1542 1542 1542 1542 2646 1916 1916 1916 1916 1916 1916 1916 1916 1937 1916 1916 1916 1916 1916 1916 1916 1726 1726 1726 1726 1726 1726 1726 1726 1726 1726 1951 1726 1726 1726 1951 1951 1693 1902 1902 1902 1693 1726 1726 1726 1726 1931 1931 1693 1693 1693 1693 1693 1693 1693 1693 1693 1693 1693 1693 1693 1693 1902 1902 1902 1902 1902 1902 1902 1902 1902 1937 1902 1902 2646 1902 2646 2646 2646 2646 2646 2646 2646
720 720 720 720 720 720 1542 1542 1542 1542 1542 1542 1916 1916 1916 1916 1916 1916 1916 1916 1916 1937 1916 1916 1916 1916 1916 1916 1726 1726 1916 1916 1916 1726 1726 1726 1726 1726 1951 1726 1726 1951 1951 1951 1693 1904 1904 1902 1902 1902 1693 1726 1904 1904 1902 1902 1902 1931 1693 1693 1693 1693 1693 1693 1902 1902 1902 1902 1902 1902 1902 1902 1902 1904 1904 1902 1902 1937 1902 1902 1902 1902 1902 1902 1937 1902 2646 1902 1902 1725
720 720 720 720 720 720 1542 1542 1542 1542 2646 2646 1916 1916 1916 1916 1916 1916 1916 1916 1916 1916 1916 1916 1918 1918 1918 1916 1916 1916 1916 1916 1916 1916 1726 1726 1726 1726 1726 1726 1726 1726 1951 1951 1951 1693 1902 1902 1902 1902 1902 1902 1902 1902 1902 1902 1902 1902 1902 1931 1931 1693 1693 1693 1902 1902 1902 1902 1902 1902 1902 1902 1902 1904 1902 1902 1902 1902 1902 1902 1902 1902 1937 1902 1902 1902 1902 1902 1902 1902
719 719 719 719 719 1542 1542 1542 1542 1542 2646 1916 1916 1916 1943 1943 1943 1943 1943 1918 1916 1916 1916 1916 1916 1918 1918 1918 1916 1916 1916 1916 1916 1916 1916 1916 1726 1726 1726 1726 1726 1943 1951 1951 1951 1904 1904 1902 1902 1902 1902 1902 1902 1902 1902 1902 1902 1902 1902 1902 1902 1931 1931 1693 1902 1902 2646 2646 2646 2646 2646 1902 1902 1902 1902 1902 1902 1696 1696 1696 1696 1696 1937 1902 1902 1902 1902 1902 1902 1902
719 719 719 719 719 1542 1542 1542 1542 1542 2646 1916 1916 1916 1943 1943 1904 1904 1904 1918 1918 1918 1918 1918 1918 2646 1918 1918 1918 721 1514 1514 1514 721 1916 1943 1943 1726 1726 1943 1943 1943 1951 1951 1951 1693 2646 1902 1904 1904 1902 1902 1902 1902 1902 1902 1902 1902 1902 1902 1902 1902 1902 2646 2646 2646 2646 2646 2646 2646 1902 1902 1902 1902 1902 1902 1696 1696 1696 1696 1696 1696 1696 1902 1904 1902 1902 1902 1693 1693
719 719 719 719 719 719 719 719 1542 1542 719 2646 1943 1943 1943 2646 1943 1943 1918 1918 1918 1918 1918 1918 2646 2646 2646 1918 1953 721 1514 1943 1943 1943 1943 1943 1943 1943 1916 1916 1916 1916 1943 1951 1951 1951 2646 1902 1902 1902 1902 1902 1902 1902 1902 1902 1902 1902 1902 1902 1902 1902 1902 2646 2646 1902 1902 2646 1902 1902 1902 1902 1902 1709 1709 1709 1709 1709 1709 1904 1696 1696 1696 1904 1902 1693 1693 1693 1693 1693
719 719 719 719 719 719 719 719 719 719 2646 1943 1943 1943 1943 2646 2646 2646 1918 1918 1514 1514 1514 1514 1514 1514 2646 721 721 1943 1943 1943 1943 1943 1943 1916 1916 1916 1916 1916 1916 1904 1943 1943 1951 1951 1951 2646 1931 1710 1931 1931 1902 1902 1931 1931 1931 1902 1904 1904 1904 1902 1902 1902 1902 1902 1902 1902 1902 1902 1902 1902 1709 1709 1709 1709 1709 1709 1904 1709 1902 1902 1904 1902 1902 1902 1902 1902 1902 1902
719 719 719 719 719 719 719 719 719 719 1943 1943 1943 1943 1943 1943 1943 2646 721 721 1514 1514 1514 1514 1514 1514 1514 721 1943 1943 1943 1918 1916 1916 1916 1916 2646 1916 1916 1916 1904 1916 1916 2646 2646 1951 1951 2646 2646 1710 1710 1710 1710 1710 1710 1931 1902 1902 1904 1902 1902 1904 1902 1902 1902 1902 1902 1902 1696 1696 1696 1696 1902 1709 1709 1937 1937 1709 1904 1902 1902 2646 1904 2646 1902 1725 1725 1693 1696 1696
719 719 719 719 719 719 719 719 719 719 1723 1723 1723 1723 1723 1723 2646 2646 2646 1916 1916 1916 1916 1916 1916 1916 1916 1931 1943 1943 1918 1916 1916 1916 1916 1916 1916 1916 1916 1904 1916 1916 1943 1943 2646 2646 2646 1723 1950 1710 1710 1710 1710 1710 1710 1710 1902 1902 1902 1904 1902 1902 1902 1902 1902 1902 1902 1696 1696 1696 1696 1696 1902 1902 1902 1902 1902 1937 1904 1902 2646 2646 2646 2646 1693 1693 1696 1696 1696 1696
719 719 719 719 719 719 719 719 719 719 1725 1916 1916 1916 1916 1916 2646 2646 2646 2646 1916 1916 1918 1918 1918 1918 1931 1943 1943 1918 1918 1918 1918 1918 1918 1916 1916 1916 1916 1916 1916 1943 1943 1931 1931 2646 1723 1723 1950 1710 1710 1710 1710 1710 1710 1902 1902 1902 1902 1902 1902 1902 1902 1902 1902 1902 1696 1696 1696 1902 1902 1902 1902 1902 2646 2646 2646 2646 2646 1902 1902 1902 2646 2646 1725 1693 1693 1693 1696 1696
719 719 719 719 719 719 719 719 719 719 1916 1916 1916 1916 1916 2646 2646 2646 2646 2646 2646 1918 1918 1918 1918 1918 1931 1931 1943 1918 1918 1918 1918 1918 1918 1918 1918 1916 1916 1916 1916 719 1916 1931 1916 1723 1723 1723 1950 1950 1710 1710 1710 1710 1710 1902 1902 1902 1902 1696 1696 1696 1696 1696 1696 1696 1696 1902 1902 1902 1904 1902 1902 1902 1723 1902 1902 1902 1902 1902 1902 1902 1904 1904 1902 1902 1902 1725 1725 1693
719 719 719 719 719 719 719 719 719 719 1916 1916 1916 1916 1916 1916 1916 2646 2646 1918 1918 1918 1918 1918 1918 1918 1918 1918 1937 1937 1918 1918 1918 1918 1918 1918 1918 1916 1916 1916 1931 1916 1931 1916 1950 1950 1950 1723 1723 1723 1723 1723 1950 1710 1710 1710 1902 1902 1902 1902 1902 1902 1902 1902 1902 1902 1902 1902 1902 1902 1695 1723 1723 1904 1904 1904 1904 1904 1902 1902 1902 1902 1902 1902 1902 1902 1902 1902 2646 1725
719 719 719 719 719 719 719 719 719 719 719 1916 1916 1916 1916 1916 1916 1916 2646 2646 2646 1918 1918 1918 1918 1916 1931 1918 1931 1918 1918 1918 1918 1918 1918 1918 1916 1916 1916 1931 1916 1916 1931 1916 1916 1916 1950 1950 1950 1950 1950 1723 1950 1710 1710 1710 1710 1902 1902 1902 1902 1902 1902 1902 1902 1902 1902 1695 1695 1723 1723 1904 1696 1696 1696 1696 1696 1904 1902 1902 1904 1902 1697 1697 1697 1697 2646 1902 2646 2646
719 719 719 719 719 719 719 719 719 719 719 1916 1916 1916 1916 1916 1916 1916 1916 1918 1918 1918 1918 1918 1916 1916 720 1918 1918 1931 1918 1918 1918 1918 1918 1918 1916 1916 1916 1931 1916 1916 1916 1916 1916 1916 1950 1950 1918 1918 1950 1723 1723 1950 1950 1710 1710 1902 1902 1902 1902 1902 1902 1902 1902 1902 1950 1950 1723 1723 1696 1696 1904 1696 1696 1696 1696 1904 1902 1902 1902 1904 1697 1697 1697 1902 1902 1902 2646 2646
719 719 719 719 719 719 719 719 719 719 719 719 1916 1916 1916 1916 1916 1916 1916 1918 1918 1918 1918 1918 1918 1916 1916 1918 1918 1918 1931 1953 1953 1953 1918 1918 1918 1916 1916 1916 1931 1916 1916 1916 1916 1916 1950 1918 1918 1950 1950 1950 1950 1723 1723 1950 1723 1723 1950 1950 1950 1950 1723 1723 1723 1723 1904 1919 1696 1904 1904 1696 1696 1904 1696 1696 1696 1902 1696 1696 1696 1902 1902 1902 1902 1902 1902 1902 1904 1902
719 719 719 719 719 719 719 719 719 719 719 719 719 719 1916 1916 720 1916 1916 1916 1916 1918 1918 1918 1916 1916 1916 1931 1918 1918 1918 1918 1918 1918 1918 1918 1918 1918 1918 1916 1931 1931 1918 1918 1918 1918 1918 1918 1918 1950 1950 1723 1695 1695 1695 1695 1904 1723 1723 1950 1950 1950 1693 1693 1693 1696 1693 1693 1696 1696 1696 1696 1696 1696 1696 1697 1696 1902 1904 1904 1904 1696 1902 1902 1902 1902 1902 1902 1902 1902
719 719 719 719 719 719 719 719 719 719 719 719 719 1916 1916 1916 720 720 1916 1916 1916 1916 1916 720 720 1916 1916 1916 1916 1931 1918 1918 1918 1918 1918 1918 1918 1918 1918 1918 1916 1918 1946 1946 1946 1946 1946 1946 1918 1950 1950 1723 1695 1693 1693 1950 1931 1950 1950 1950 2646 2646 1696 1696 1696 1696 1696 1696 1696 1696 1696 1696 1696 1696 1696 1696 1696 1697 1697 1697 1902 1902 1902 1902 1902 1902 1902 1902 1902 1902
719 719 719 719 719 719 719 719 719 719 720 720 1916 1916 1916 1916 720 720 1916 720 720 720 720 720 720 720 720 720 1916 1916 1918 1918 1918 1918 1918 1918 1918 1918 1918 1918 1918 1918 1918 1918 1918 1944 1944 1950 1950 1723 1723 1723 1950 1693 1693 1950 1950 1695 1695 2646 1950 1693 1693 1696 1696 1696 1696 1696 1696 2646 2646 1696 1696 1723 1723 1723 1902 1902 1902 1902 1902 1902 1697 1697 1697 1697 1902 1902 1902 1902
1479 719 719 719 719 719 719 719 719 719 720 720 1916 1916 1916 1916 720 719 719 719 719 719 719 719 720 720 720 720 1916 1916 1916 1916 1918 1918 1918 1918 1918 1918 1916 1916 1916 1944 1944 1944 1937 1944 2646 2646 1723 1950 1693 1693 1693 1693 1904 1693 1693 1695 1695 2646 1950 2646 2646 1696 1696 1950 1950 1950 2646 2646 1693 1693 1693 1693 1693 1693 1723 1902 1902 1697 1697 1697 1697 1697 1902 1902 1902 1902 1902 1902
719 719 719 719 719 719 719 719 719 719 719 719 1916 1916 1916 1916 719 719 719 719 719 719 719 719 719 719 1916 1916 1916 1916 1916 1916 1916 1916 1916 1918 1918 1918 1918 1916 1693 1693 1693 1693 1693 2646 1723 1950 1695 1693 1693 1693 1693 1693 1693 1693 1693 1695 1931 2646 2646 2646 2646 1950 1950 1723 2646 2646 1693 1696 1696 1696 1696 1696 1693 1693 1723 1902 1902 1902 1697 1697 1902 1902 1902 1902 1902 1902 1902 2646
452 719 719 719 719 719 719 719 719 719 719 719 719 719 719 1931 719 719 719 719 719 719 719 719 719 719 1916 1916 1942 1942 1942 1916 1916 1916 1916 1918 1918 1918 1916 1916 1916 1916 1937 1937 2646 2646 2646 2646 2646 2646 1695 1695 1693 1693 1697 1693 1693 1693 2646 2646 2646 2646 2646 2646 2646 2646 2646 2646 1904 1696 1696 1696 1696 1696 1693 1693 1693 2646 2646 1902 1902 1902 2646 2646 1902 2646 2646 2646 1931 1902
1479 719 719 719 719 719 719 719 719 719 719 719 719 719 719 719 719 719 719 719 719 719 719 719 719 720 1937 1937 1937 1937 1937 1942 1916 1916 1916 1918 1918 1916 1916 1916 1916 1916 1693 1693 1693 1695 1723 1723 1950 1695 1693 1693 1697 1697 1693 1904 1693 2646 2646 2646 2646 2646 2646 2646 2646 2646 2646 1693 1693 1693 1696 1696 1696 1696 1693 1693 1904 1904 2646 1902 1723 1723 2646 1902 1904 1902 1902 1902 1904 1902
452 1479 452 719 719 719 719 719 719 719 719 719 719 719 719 719 719 719 719 719 719 719 719 719 720 720 720 1942 1942 1942 1710 1710 1916 1916 1916 1916 2646 2646 2646 1916 1916 1693 1693 1693 1693 1695 1723 1723 1950 1695 1693 1693 1693 1937 1937 1695 1695 1937 1937 1725 1950 1693 1693 2646 2646 2646 2646 1695 1904 1693 1904 1696 1696 2646 2646 1904 1902 1902 1902 1902 1902 1931 1695 1902 1902 1902 1902 1902 1904 1902
452 452 452 720 720 720 720 719 719 719 719 719 719 719 719 719 719 1514 719 719 719 719 719 719 719 719 720 720 1710 1710 1710 1710 1710 1916 1916 1916 2646 2646 2646 2646 2646 1693 1693 1693 1695 1695 1723 1723 1695 1695 1695 1693 1693 1693 1937 1937 1693 1693 1693 1693 1725 1950 1693 1693 2646 2646 1693 1693 1904 1696 1696 1696 1696 1693 1693 1902 1902 1902 1904 1904 1904 1695 1695 1902 1902 1902 1902 1902 1902 1902
452 452 452 720 720 720 720 719 719 719 719 719 719 719 719 719 719 719 719 719 719 719 719 719 719 719 720 720 1710 1710 1710 1710 1710 1710 1916 1916 1916 1916 2646 1695 1695 1904 1904 1695 1723 1723 1695 2646 2646 1695 1695 1695 1693 1904 1904 2646 2646 1693 2646 2646 1725 1950 1693 1693 1693 1693 1693 1693 1693 1696 1696 1693 1693 1697 1904 1902 1902 1902 1902 1904 1902 1931 1695 1902 1902 1902 1696 1696 1696 1902
452 452 452 720 720 720 720 720 720 720 719 719 719 719 719 719 719 719 719 719 719 719 719 719 720 720 720 720 1710 1710 1710 1710 1710 1710 1710 1710 1710 1904 1904 1904 1695 1695 1695 1723 1723 1695 1695 1693 1693 1693 1693 1693 1693 1693 1693 1693 1693 1693 2646 2646 2646 1725 1950 1950 1693 1693 1902 1904 1693 1904 1693 1695 1695 1693 1902 1902 1902 1902 1902 1902 1931 1902 1902 1931 1695 1902 1902 1696 1696 1904
452 452 452 452 720 720 720 720 720 720 720 720 720 720 720 720 720 720 720 720 720 720 720 720 941 720 720 720 1710 1710 1710 1710 1710 1710 1710 1710 1710 1710 1710 1710 1710 1710 1723 1904 1695 1695 1937 1693 1693 1693 1693 1693 2646 2646 1693 1693 1693 1693 1937 1693 1693 1695 1695 1725 1950 1693 1693 1902 1904 1904 1695 1695 1931 1937 1937 1902 1902 1902 1902 1931 1902 1902 1902 1902 1931 1695 1902 1696 1696 1696
452 452 452 452 907 907 907 907 907 907 907 907 720 720 720 720 720 720 720 720 720 720 720 941 1709 1709 1709 1709 1709 1709 1710 1710 1710 1710 1710 1710 1904 1904 1710 1710 1723 1723 1695 1695 1904 1695 1695 1937 1937 1937 1937 1693 1693 1693 1697 1697 1697 1693 1693 1697 1693 1693 1695 940 940 1725 1693 1693 1931 1695 1902 1902 1902 1902 1902 1937 1937 1902 1902 1902 1902 1902 1904 1902 1902 1931 1902 1902 1902 1902
452 452 452 452 907 907 907 907 907 907 907 907 720 720 720 720 720 720 720 720 720 720 1709 1709 1709 1709 1709 1709 1709 1709 1709 1709 1709 1710 1710 1710 1710 1710 1710 1710 1723 1695 1695 1696 1696 1696 1696 1696 1696 1696 1693 1693 1693 1697 1697 1697 1697 1697 1693 1693 1904 2646 1693 1693 1693 1693 1693 1725 1695 1902 1902 1902 1902 1902 1902 1902 1902 1902 1902 1902 1902 1902 1904 1902 1902 1902 1902 1902 1902 1902
452 452 452 452 907 907 907 907 907 907 907 907 907 720 720 720 720 720 941 941 941 941 1709 1709 1709 1709 1709 1709 1709 1709 1709 1709 1709 1709 1709 1709 1709 1937 1709 1710 1710 1695 1695 1696 1696 1696 1696 1696 1696 1696 1696 1693 1697 1697 1697 1697 1693 1904 1904 1693 1693 1693 2646 1693 1693 1693 1693 1693 1725 2646 2646 1695 1695 1902 1902 1902 1902 1695 1695 1695 1695 1695 1902 1902 1902 1904 1904 1902 1902 1902
452 452 452 452 907 907 907 907 907 907 907 907 941 941 941 941 941 941 941 941 941 941 941 941 941 1709 1598 1598 1598 1598 941 1598 1598 720 720 720 1598 1598 1709 1600 1710 1710 1723 1695 1695 1694 1694 1694 1696 1696 1693 1701 1701 1701 1697 1697 1697 1697 1697 1697 1697 1697 1697 1602 1697 1697 1697 1697 2646 2646 1725 2646 2646 1708 1708 1708 1902 1708 1902 1902 1902 2646 1902 1902 1902 1902 1902 1902 1902 1902
452 452 452 452 907 907 907 907 907 907 907 907 907 941 941 941 941 941 941 941 941 941 941 941 941 941 941 941 941 941 941 941 941 720 720 720 720 720 1598 1600 1600 1723 1723 1695 1694 1694 1694 1694 1705 1705 1699 1699 1697 1697 1697 1697 1697 1697 1727 1697 940 940 940 1602 1697 1697 1697 1601 1697 1697 1699 1699 2646 1725 1664 1725 1696 1601 2646 2646 2646 2646 2646 2646 1902 1902 1902 1902 1902 1902
452 452 452 452 907 907 907 907 907 907 907 907 907 907 907 941 941 941 941 941 941 941 941 941 941 941 941 941 941 941 941 941 941 720 720 720 720 720 720 720 720 720 1723 1727 1727 1727 1727 1705 1705 1699 1699 1699 1699 1601 1699 1699 1601 1701 1697 1697 940 940 940 1697 1697 1697 1697 1697 1697 1697 1702 1699 1699 1696 1696 1696 1696 1696 1601 1697 1697 1697 1697 1697 2646 2646 2646 1697 1902 1902
452 452 452 452 907 907 907 907 907 907 907 907 907 907 907 907 907 907 941 941 941 941 941 941 941 941 941 941 941 941 941 941 941 941 941 941 941 941 941 941 720 720 720 720 1723 1723 1723 1708 1708 1699 1699 1601 1601 1601 1601 1701 940 940 940 940 940 940 940 1697 1601 1601 1601 1697 1697 1699 1699 1601 1601 1697 1697 1697 1697 1697 1697 1697 1697 1601 1601 1697 1697 1697 2646 1600 1600 1600
452 452 452 907 907 907 907 907 907 907 907 907 907 907 907 907 907 907 907 907 907 941 941 941 941 941 941 941 941 941 941 941 941 941 941 941 941 941 941 941 941 720 720 720 720 1723 1723 1723 1723 1723 1723 938 938 938 940 940 940 940 940 940 940 938 938 1705 1697 1697 1697 1697 1604 1699 1697 1727 1727 1697 1697 1697 1697 1697 1697 1697 1697 1697 1697 1697 1697 1697 1600 1600 1601 1601
452 452 907 907 907 907 907 907 907 907 907 907 907 907 907 907 907 907 907 907 907 941 941 941 941 941 941 941 941 941 941 941 941 941 941 941 941 941 941 941 941 941 720 720 720 1519 1723 1723 1723 1543 938 938 938 938 938 938 938 938 940 940 938 938 938 938 1601 1601 1697 1697 1664 1699 1697 1727 1727 1727 1727 1697 1697 1697 1697 1697 1697 1697 1697 1697 1697 1697 1600 1600 1600 1600
452 1479 907 907 907 907 907 907 907 907 907 907 907 907 907 907 907 907 907 907 907 941 941 941 941 941 941 941 941 941 941 941 941 941 941 941 941 941 941 941 941 941 941 941 941 941 1519 1723 1723 1543 909 938 938 938 938 938 938 938 940 940 940 938 938 938 938 938 938 1697 1604 1664 1697 1697 1697 1601 1697 1601 1697 1697 1697 1697 1697 1697 1697 1697 1601 1601 1601 1601 1600 1600
