code/mhm/set_up/GrosseRoeder3_0p0625/mhm_setup/morph/facc.asc
ncols                328
nrows                160
xllcorner            13.46875
yllcorner            51.046875
cellsize             0.001953125
nodata_value         -9999
[rows 72 to 143 of 160, columns 192 to 287 of 328]
16 17 26 0 0 588 6 0 0 0 16 12 0 0 1 0 0 5 10 1 4 35 2 1 0 0 0 1 1 1 0 32 3 1 0 0 0 0 1 0 0 0 0 0 51 47 0 0 0 0 0 0 0 2 1 0 1 3 1 0 1 4 8 0 7 0 0 0 0 0 2 15 20 22 0 5 990 986 983 11 0 1 2 2 2 0 0 0 2 0 1 0 0 0 1 1
0 0 0 27 30 591 0 5 0 0 0 0 10 6 0 0 4 2 0 0 1 16 14 0 0 0 0 0 0 0 0 12 13 0 6 5 0 5 0 0 0 0 1 53 0 1 0 0 0 0 0 1 4 2 0 1 2 6 1 0 0 0 15 0 8 1 0 2 0 0 0 0 2 0 0 2 2 0 101 863 2 0 10 3 0 1 0 0 1 0 0 0 0 0 0 0
0 0 0 1 624 0 0 0 2 1 0 0 0 0 4 0 2 0 1 0 0 13 0 12 10 8 3 0 0 0 9 11 12 10 0 0 0 0 6 3 0 1 2 61 5 2 1 0 1 1 1 7 3 0 1 2 3 7 3 1 0 0 17 20 31 36 37 0 4 56 63 0 0 0 1 0 0 100 1 6 851 21 9 8 6 3 1 0 0 0 0 3 0 2 0 63
0 1 1 634 5 0 0 0 0 0 0 0 0 0 1 0 0 0 0 0 2 5 3 0 0 0 0 1 2 4 2 0 0 0 0 0 0 0 7 4 0 2 69 3 2 1 0 1 2 2 10 4 1 2 0 3 4 8 4 2 1 0 0 0 0 1 0 47 49 5 1 66 82 83 85 94 99 0 1 1 827 0 0 0 0 0 1 0 0 0 2 3 8 17 61 2
0 2 7 637 0 3 1 0 31 29 27 25 23 16 0 0 8 7 3 0 0 3 0 0 0 0 0 0 0 0 0 0 0 4 3 2 1 4 13 5 1 3 73 2 1 0 0 0 5 14 0 7 3 1 4 0 5 9 5 3 6 3 0 0 0 1 4 2 0 4 0 2 11 0 4 2 3 0 0 1 7 817 1 1 1 2 1 1 0 0 1 2 7 36 2 1
0 0 647 0 0 0 0 41 7 6 4 0 2 0 14 13 2 1 0 2 0 1 0 0 5 3 0 0 0 2 0 0 13 6 4 2 0 0 2 24 2 4 74 1 0 0 1 7 0 15 1 12 2 5 1 0 6 10 10 13 5 4 3 1 0 0 1 1 2 0 1 1 8 1 1 1 1 0 0 0 3 813 24 20 14 10 7 3 0 0 2 3 33 1 1 0
657 654 3 0 0 2 48 1 0 0 0 1 0 1 0 0 0 0 0 0 0 0 0 14 4 3 2 0 5 0 0 16 0 0 0 0 0 0 0 0 28 5 75 2 5 4 0 60 50 49 32 16 12 5 4 1 140 43 20 5 4 3 2 1 0 0 0 0 0 0 0 0 6 0 0 0 0 0 1 2 0 787 0 0 2 1 0 0 0 0 0 1 29 0 0 0
0 0 0 0 0 0 50 0 0 0 3 2 0 0 0 0 0 1 0 0 0 0 0 21 4 3 1 0 6 0 0 17 0 0 0 0 0 0 0 0 29 0 377 294 0 0 61 1 0 188 184 2 1 0 0 141 0 88 7 6 5 4 3 2 1 0 0 1 2 0 0 2 5 1 3 4 8 9 10 14 0 784 9 5 4 3 2 1 0 0 0 4 28 18 12 11
0 0 0 0 0 55 1 0 1 5 0 0 0 0 5 0 4 0 0 1 1 1 0 23 0 0 0 0 470 460 458 455 436 434 431 429 427 425 422 419 416 384 3 0 283 281 199 194 193 0 2 180 177 171 145 2 0 79 59 56 3 2 1 0 0 0 0 1 2 4 0 0 0 0 0 0 1 1 2 0 125 647 0 2 1 0 0 0 0 0 1 0 1 1 4 0
1619 1617 1614 1611 58 0 0 0 2 9 1 0 0 0 1 14 0 0 0 1 7 2 1 25 0 0 0 0 473 0 0 0 0 0 0 0 0 0 0 0 0 0 0 0 0 2 14 1 1 0 1 1 1 2 23 1 0 17 0 1 51 6 4 2 0 0 1 0 6 3 5 0 0 0 0 0 0 0 1 103 107 645 0 0 0 1 0 1 1 1 1 0 0 0 0 1
0 0 0 0 1549 2 0 0 14 4 3 1 0 0 0 0 15 15 13 11 0 0 0 28 0 2 0 0 475 0 0 1 885 883 881 877 874 0 0 0 0 0 0 1 0 0 0 13 0 0 0 0 0 1 10 9 0 16 0 0 5 37 0 0 0 0 3 5 0 9 38 48 72 74 76 77 93 96 100 1 0 643 0 1 1 112 109 103 102 98 91 6 5 1 0 0
11 10 0 0 0 1543 1540 17 0 5 0 0 1 1 2 16 16 0 0 0 0 1 1 0 1416 1385 1381 1378 899 897 895 892 0 0 1 0 0 870 863 860 856 5 2 1 0 1 0 0 11 6 1 0 0 2 6 6 0 14 2 0 2 1 36 23 0 2 0 0 0 23 2 0 20 0 11 14 1 1 0 0 19 0 620 617 114 0 0 0 0 0 0 83 80 2 1 0
10 6 8 7 0 0 0 1520 1514 1511 1502 1497 1494 1490 1486 1481 1462 1443 1440 1437 1434 1431 1427 1423 3 0 0 0 0 0 0 0 1 0 0 0 1 3 0 1 0 847 3 0 3 0 0 1 0 3 3 2 1 2 2 2 2 8 1 0 1 0 8 2 20 0 1 2 22 0 0 0 18 0 8 1 0 0 12 17 0 0 0 408 88 1 0 13 2 1 0 0 0 79 74 71
2 2 5 0 6 0 2 1 1 1 2 0 0 0 0 0 0 0 0 0 0 0 0 0 0 0 0 0 0 1 0 0 1 0 0 2 0 0 2 0 1 0 839 835 0 11 8 4 2 0 2 1 0 1 1 1 1 4 2 0 0 4 2 1 2 12 0 0 13 2 0 0 16 1 5 0 7 11 1 0 0 0 0 407 0 85 15 0 9 8 6 2 1 1 1 0
1 1 1 1 3 0 1 0 0 0 0 0 0 0 0 0 0 0 0 0 0 0 144 143 142 141 137 136 132 127 122 3 0 12 11 6 5 3 1 1 0 1 0 2 826 0 0 0 0 0 0 0 0 0 0 0 0 0 2 1 1 1 1 0 1 7 3 1 10 0 0 8 5 0 4 6 2 0 1 3 5 6 10 404 1 0 68 67 0 0 0 1 0 0 0 0
0 0 0 0 0 1 0 0 0 0 0 0 1 0 1 2 1 1 1 2 1 145 0 0 0 0 0 0 1 1 1 116 107 21 20 19 0 0 0 0 0 0 0 0 812 3 1 0 0 0 0 0 1 0 1 0 0 0 0 0 0 0 0 0 4 1 2 0 6 2 2 3 4 3 0 4 1 0 0 0 0 1 0 390 0 0 2 0 65 63 44 41 1 0 0 0
0 0 0 0 0 0 0 0 1 0 2 580 578 573 569 564 554 452 448 444 439 432 284 3 0 0 0 0 0 0 0 1 5 71 1 0 17 16 13 9 5 4 0 0 807 0 0 0 2 0 15 12 9 7 4 2 0 0 0 0 0 0 0 0 2 0 1 3 1 1 1 2 3 2 1 1 0 0 0 0 1 2 48 54 332 3 0 0 0 16 0 1 38 34 31 27
721 718 715 0 1 0 599 596 594 590 587 0 1 1 1 5 98 0 0 0 3 0 0 277 274 1 263 1 0 0 0 1 2 1 66 1 0 1 0 1 2 1 0 0 804 0 2 0 31 23 4 1 0 0 0 0 0 0 2 1 1 2 0 0 0 0 1 0 0 0 0 1 2 1 0 0 0 1 3 5 38 44 0 4 3 322 3 1 0 15 0 0 0 1 0 1
0 0 6 704 701 697 94 0 0 0 0 0 0 0 0 1 2 97 0 0 2 1 0 0 2 267 0 259 1 0 0 0 1 0 60 2 1 0 0 0 1 0 0 0 801 43 42 37 0 2 1 1 0 0 0 1 1 1 3 11 8 2 0 0 0 0 0 0 0 0 0 0 0 0 0 0 0 1 26 31 3 0 1 0 2 316 0 0 0 13 9 5 3 1 0 0
0 4 0 1 0 0 58 33 32 30 25 0 0 0 0 0 0 0 94 3 1 0 0 0 0 0 0 1 254 6 1 0 0 35 10 12 11 9 6 1 0 0 0 744 11 2 0 1 1 0 0 0 0 1 1 2 2 2 16 0 0 0 0 1 1 1 0 1 1 1 0 0 0 0 0 1 20 23 3 1 0 0 0 1 0 314 5 4 0 2 1 0 0 0 0 0
0 0 2 0 1 25 31 28 0 1 1 23 2 0 0 0 3 5 89 1 0 0 0 0 0 0 0 0 9 234 2 0 0 33 1 7 1 0 1 3 0 0 720 20 0 7 1 0 0 0 0 0 1 2 2 3 3 20 1 1 1 1 0 2 2 2 1 9 4 1 0 0 5 6 12 16 1 1 0 0 0 0 0 0 0 306 0 0 0 0 0 0 0 0 4 2
1 0 0 0 0 22 0 0 27 0 0 2 15 13 0 1 0 2 1 75 73 51 1 0 1 1 4 6 1 231 1 0 0 31 0 0 3 0 0 0 1 0 716 0 17 0 6 1 0 0 0 2 3 3 43 39 29 28 2 0 2 2 31 29 21 17 15 0 0 1 0 0 0 1 1 1 0 0 0 4 6 9 14 15 300 3 1 0 0 0 0 0 15 13 1 0
1 0 0 1 19 0 0 1 0 26 0 0 0 0 10 0 0 0 0 0 19 0 46 3 0 0 0 0 0 229 0 0 3 23 2 1 0 2 1 0 0 0 714 0 13 1 0 3 2 0 0 1 5 60 1 0 0 0 0 43 41 34 1 0 0 0 0 0 8 6 2 1 0 0 0 0 0 1 2 0 0 0 0 0 281 0 0 0 2 22 19 17 0 3 0 0
5 0 0 0 16 1 0 3 0 24 14 9 8 2 1 9 6 3 0 2 18 2 40 1 0 0 2 0 0 228 0 0 2 22 18 1 0 0 0 0 0 0 711 0 12 5 4 2 0 0 0 1 0 63 1 0 0 0 0 50 5 3 2 1 0 0 0 0 9 0 0 0 0 0 0 0 1 2 3 9 10 11 12 13 263 0 0 0 32 5 4 3 0 2 0 0
1 3 2 0 0 11 7 2 0 8 2 0 2 1 0 1 1 2 0 1 12 1 4 29 18 17 1 0 2 221 0 0 0 0 1 15 12 10 3 1 0 0 708 0 5 3 0 0 0 1 0 0 2 65 0 0 1 1 54 1 0 0 0 0 0 1 1 1 10 2 8 6 4 3 0 0 0 2 4 1 2 3 7 45 1 214 43 40 6 5 0 0 0 0 0 0
0 0 0 0 0 0 2 1 0 5 1 1 0 0 0 0 0 1 0 0 10 0 3 8 0 9 0 0 1 0 219 3 1 0 0 0 0 0 3 2 0 0 705 0 0 0 1 0 0 2 0 1 4 146 79 76 74 70 6 5 3 2 0 1 1 2 2 0 13 15 2 1 0 2 1 0 0 0 0 0 1 2 19 16 0 0 168 1 0 3 0 0 0 0 0 3
0 0 4363 4360 3 0 0 1 0 4 1 0 0 0 0 0 0 0 0 3 2 2 2 1 5 2 5 0 0 0 1 212 0 0 1 0 0 0 0 0 0 0 3 698 0 2 1 0 0 4 1 166 158 7 0 0 0 3 1 0 0 0 0 4 3 0 3 1 30 0 0 0 0 3 0 1 0 0 0 0 1 18 1 15 1 1 0 162 0 0 0 3 0 0 1 0
4373 4370 4 0 4354 5 4 0 0 0 0 0 0 1 2 1 0 0 0 0 1 1 1 0 4 1 2 0 0 0 1 210 4 2 0 1 0 2 1 1 0 0 0 9 685 0 0 0 0 181 174 1 0 1 5 2 0 1 0 0 0 1 1 9 1 0 0 6 32 3 1 1 0 0 8 0 0 1 7 9 14 0 0 10 0 0 1 2 155 151 6 5 0 125 123 119
1 0 1 0 0 4346 1 0 0 0 0 0 60 58 54 49 43 3 2 0 0 0 0 0 2 0 1 3 5 0 0 200 1 0 26 24 20 13 6 3 0 0 5 2 5 674 3 0 183 1 0 2 0 0 0 0 0 0 0 3 1 2 12 2 0 1 1 65 57 19 17 14 12 11 0 0 0 2 0 0 3 2 8 0 0 0 0 0 2 1 141 136 132 1 0 1
510 3 1 0 0 3 4338 4329 0 69 66 64 2 0 0 0 0 37 0 0 0 0 0 0 0 0 1 0 0 23 24 198 169 29 1 0 0 1 3 0 0 4 1 0 3 0 668 192 7 3 1 0 1 0 0 0 0 0 0 0 5 18 3 0 0 3 71 2 1 0 0 0 0 0 0 0 1 0 0 0 0 1 2 0 0 0 0 0 0 0 3 1 0 3 0 0
505 1 0 0 2 0 0 5 4326 0 0 0 0 0 0 0 0 0 35 32 0 1 2 0 0 0 1 5 12 1 1 0 1 136 7 6 4 1 0 1 0 2 0 0 1 0 474 1 0 0 0 0 0 1 4 2 0 1 0 0 0 25 5 0 1 77 0 0 0 0 1 1 0 1 1 1 2 2 0 0 0 0 0 0 0 1 2 1 0 0 0 0 0 0 1 0
7 0 0 0 0 0 0 0 2 4254 1 0 0 0 0 2 2 0 0 1 29 28 6 2 0 0 2 2 2 0 0 0 125 0 0 0 0 0 0 0 0 1 0 0 0 2 470 1 0 0 0 1 3 7 1 0 0 3 0 0 1 3 120 82 81 0 0 2 1 2 2 0 1 2 4 0 3 5 0 1 0 0 0 0 1 1 10 0 0 0 0 0 0 0 0 0
1 5 3 2 0 0 0 0 0 7 4242 4239 4236 4231 4227 4224 4219 4214 0 0 0 0 17 12 0 1 0 0 1 1 4 16 0 107 1 0 0 0 1 1 0 0 0 0 0 0 464 0 25 24 22 16 11 2 1 0 1 0 5 1 0 0 122 0 0 0 1 3 11 8 1 0 26 23 19 13 7 0 0 2 1 1 1 0 1 2 0 11 1 1 1 1 1 2 1 0
0 0 0 0 4 2 0 1 3 2 1 0 2 1 0 0 0 1 4208 0 0 0 2 9 0 0 0 0 0 1 1 6 0 104 0 1 0 1 2 16 12 11 2 0 0 2 5 455 0 0 0 0 0 0 0 0 2 0 1 8 1 227 102 99 98 95 92 88 32 31 30 28 0 0 2 0 0 0 1 3 2 2 0 2 6 0 4 13 2 2 2 2 2 5 1 0
0 0 0 9 2 1 0 0 0 0 0 0 0 0 0 0 0 0 3 4201 0 0 0 0 8 7 4 0 0 0 5 0 15 102 82 78 74 69 34 15 0 5 1 0 0 0 0 6 420 0 0 1 0 1 1 1 3 1 2 9 231 0 0 0 0 0 0 37 0 0 11 10 9 8 0 0 1 3 0 6 6 1 0 0 0 8 9 15 36 41 45 3 9 2 1 0
465 463 17 1 0 0 0 0 0 0 0 0 12 11 10 0 0 0 0 1 4196 0 0 0 0 1 0 0 2 4 0 2 10 2 2 0 2 21 6 0 13 2 1 0 0 1 4 0 2 414 0 2 1 2 2 6 311 310 299 297 233 0 1 0 0 1 0 0 35 16 2 1 0 0 1 0 0 0 6 14 2 0 1 1 0 0 0 1 0 0 0 46 17 2 1 1
0 442 0 4 3 1 1 0 1 2 1 21 7 4 1 7 4 0 0 0 4 4188 1 2 0 0 0 0 0 0 0 1 7 1 0 0 1 9 10 5 0 12 5 1 0 0 0 0 0 17 393 385 374 373 334 314 0 4 0 2 49 2 0 0 4 0 0 2 13 0 5 0 0 0 0 0 0 2 3 26 4 0 4 1 0 1 0 0 0 0 0 874 825 806 0 2
326 113 111 110 107 105 104 100 36 35 24 1 0 1 1 0 1 1 0 1 0 18 4165 0 0 1 0 0 0 0 0 1 2 1 0 0 5 2 9 1 1 3 1 2 0 0 1 13 15 0 6 2 1 29 1 11 0 2 0 1 0 44 22 19 12 0 0 0 1 10 0 3 0 1 2 0 0 0 1 3 31 38 7 0 1 2 1 0 2 0 880 2 0 1 797 795
324 0 0 0 0 0 0 0 58 0 3 2 1 0 0 0 0 0 0 1 16 0 75 4084 4078 4076 3 0 4 1 0 0 0 0 0 4 0 0 8 0 0 1 0 0 0 0 1 8 0 5 0 0 0 23 4 0 10 0 0 0 0 0 18 0 0 10 1 0 0 0 1 0 0 0 8 1 2 0 0 0 1 2 47 1 2 3 2 0 894 889 6 0 0 0 0 0
35 22 20 18 16 1 0 0 1 55 31 1 0 1 0 1 3 4 5 6 13 0 73 0 3 0 4068 6 0 0 0 4 3 0 0 3 0 1 7 1 0 0 0 0 0 0 1 7 2 4 1 0 5 22 0 3 0 9 0 0 6 9 16 0 1 6 1 0 0 0 0 0 0 0 9 0 3 0 0 0 0 0 1008 956 953 947 941 935 26 3 0 3 2 0 0 1
3 11 0 0 0 13 11 0 0 21 0 28 3 0 0 0 0 0 2 4 0 0 72 0 1 0 3 4056 4054 2 5 0 0 1 0 1 0 0 1 0 0 0 0 3 2 0 0 0 1 1 0 3 0 2 10 0 0 6 0 2 1 1 1 2 0 0 0 0 0 2 2 1 0 0 12 0 0 5 1 0 1027 1024 13 7 1 0 1 11 0 20 2 1 0 0 0 2
0 2 10 1 0 0 1 6 0 19 0 0 22 19 0 0 0 0 0 0 1 5 64 0 0 0 0 0 0 4050 10 2 0 0 0 0 0 1 3 2 0 1 0 7 0 0 0 0 0 0 0 1 0 0 7 1 0 4 0 1 0 0 0 0 0 0 0 0 1 1110 1105 1101 1093 1091 1078 1064 1062 1060 1050 1044 8 0 1 2 6 0 0 6 3 19 11 8 1 0 0 0
0 1 1 5 2 0 0 2 1 18 7 2 1 1 16 0 1 0 0 1 2 59 1 0 0 0 1 2 25 2 4008 1 0 0 0 2 5 8 1 0 0 2 1 9 0 2 1 0 0 0 0 0 0 0 1 3 0 3 0 0 0 0 0 1 0 2 0 0 3 1113 0 0 3 0 9 6 0 2 2 5 0 5 0 1 2 2 1 3 2 2 3 1 5 0 0 5
0 0 0 0 0 0 0 0 0 9 2 0 0 0 0 12 4 0 0 0 5 51 0 0 1 0 0 1 19 1 4005 0 1 0 0 0 3 19 1 0 1 3 2 11 0 5 6 4 2 0 1 0 1 0 0 0 0 0 0 0 2 1 0 0 4 3 0 3 1121 0 0 0 0 0 1 3 0 1 1 2 1 1 2 0 1 1 0 2 1 1 2 0 1 1 1 1
0 0 0 0 0 0 0 0 0 2 5 1 0 0 3 0 0 0 0 3 15 32 1 0 10 11 13 18 0 0 4003 2 4 2 0 0 0 2 26 0 2 0 8 30 17 9 1 0 0 0 2 1 2 1 9 8 7 6 0 0 2 8 12 15 16 9 0 1128 1 1 0 0 0 0 0 0 0 0 0 1 0 0 0 0 0 0 0 0 0 0 0 0 0 0 0 0
113 111 109 20 17 15 13 9 0 0 0 4 2 0 0 0 1 7 0 14 1 29 0 2 3 0 3 0 0 3990 7 6 0 0 0 0 0 0 0 27 4 0 0 43 1 0 0 1 0 0 6 0 25 18 5 2 0 2 1 0 1 0 0 0 1 19 31 1130 0 0 1 1 0 0 0 0 0 1 0 0 0 0 0 0 0 0 0 0 0 0 0 0 0 1 3 0
85 0 0 85 76 70 0 1 6 5 1 0 0 0 0 0 0 4 13 0 27 0 0 0 2 0 0 0 71 3917 0 12 11 7 1 0 0 0 0 0 33 1 0 44 3 2 0 2 2 7 1 26 0 0 1 1 0 1 0 0 0 0 0 1 2 3 1168 0 0 0 2 4 1 1 1 1 3 0 0 0 1 4 1 0 0 1 2 1 1 1 2 0 0 0 15 10
83 0 0 1 4 4 68 0 0 0 1 0 8 2 0 0 2 1 4 20 5 0 0 0 1 0 0 0 67 1 3913 0 1 1 3 1 0 0 2 7 42 2 1 54 4 2 0 15 8 2 27 1 4 3 2 0 0 0 0 0 0 2 4 5 6 7 1177 18 17 14 6 0 0 2 0 8 0 2 0 10 6 0 1 0 0 1 5 5 0 5 0 1 1 17 0 0
5 73 1 0 0 2 3 66 56 55 23 11 0 4 0 0 0 0 0 19 3 1 0 1 0 0 58 64 0 0 3890 7 0 0 0 0 1 0 0 0 0 47 58 0 0 0 0 0 19 29 0 10 2 1 0 1 0 0 0 1 1 0 0 0 0 0 1203 5 4 1 3 2 0 3 4 15 17 17 12 0 0 0 2 4 1 2 96 0 0 6 1 2 23 2 0 2
4 69 0 0 0 0 2 3 4 27 2 10 0 0 1 1 3 4 13 18 0 0 0 2 50 55 2 0 0 0 3889 3 1 0 0 0 4 0 0 0 0 0 107 0 0 0 0 1653 1650 0 11 0 0 0 0 0 0 0 2 0 2 2 1 2 0 1208 1 0 0 0 0 0 0 0 0 0 0 36 0 0 2 0 0 0 5 103 0 82 74 73 63 24 0 9 8 4
2 0 67 3 0 0 0 2 3 26 0 0 9 3 0 0 0 0 6 3 1 0 0 0 42 3 0 0 0 2 3887 0 0 0 0 1 1 7 0 0 2 1 0 1773 1663 1661 1658 1 1 1596 1594 1580 4 1 0 1 1 1 0 4 0 6 0 1491 1485 274 1 0 0 0 0 1 1 1 1 0 229 226 183 182 179 125 123 119 118 6 4 0 5 1 0 32 26 0 0 0
0 32 2 26 1 0 0 0 2 1 23 1 1 2 2 0 0 5 2 0 2 9 33 35 5 2 0 0 0 3881 0 0 0 1 1 2 2 9 0 0 4 0 1780 2 0 0 0 0 0 0 0 0 1572 1569 6 2 0 2 1 0 5 1507 1498 4 0 0 270 266 264 256 254 252 247 243 239 235 2 0 2 0 49 0 0 0 0 0 0 1 0 4 1 2 0 14 1 1
28 1 0 0 25 1 0 0 0 0 11 8 0 0 1 0 0 3 1 1 0 1 21 0 4 0 0 0 61 0 3816 3811 3802 3797 3574 3569 3564 3559 0 0 1793 1786 3 0 0 0 7 6 3 1 0 0 0 0 1560 2 0 3 0 1529 1525 10 0 0 1 1 0 0 0 4 0 1 0 0 0 0 0 0 0 0 0 46 0 24 0 0 0 0 0 1 0 0 1 0 10 9
22 0 0 2 12 6 3 2 1 9 0 2 4 0 0 0 0 0 0 0 0 0 20 0 2 0 2 57 0 1 1 6 2 219 1 0 0 6 3539 3537 1 0 0 0 15 13 3 0 0 0 0 0 0 0 0 1554 1548 1542 1536 3 0 2 5 3 0 0 0 0 0 0 0 0 0 0 0 0 0 4 3 1 0 14 27 0 22 20 0 7 4 3 0 0 0 3 0 0
0 19 0 0 0 11 1 0 0 0 7 0 0 2 0 0 1 2 0 1 2 3 14 0 0 0 53 0 0 0 5 0 0 217 0 0 4 0 0 0 1738 1 0 18 1 0 0 2 1 0 3 0 0 2 3 0 4 0 0 0 0 0 0 0 1 0 0 2 0 2 1 0 1 1 1 11 6 0 0 0 2 9 0 0 0 2 13 1 0 0 0 0 8 0 1 0
0 17 13 2 0 10 8 4 2 2 6 0 0 0 0 0 0 3 0 0 0 1 13 0 0 0 50 0 0 1 4 0 3 216 2 0 3 1 0 2 0 1731 20 0 0 0 0 0 0 0 5 0 0 0 1 2 3 0 1 0 0 0 0 0 0 0 0 3 1 3 0 0 2 2 0 12 2 1 0 1 2 8 2 0 0 1 2 1 0 0 0 0 9 0 0 0
0 0 8 0 0 0 2 0 1 1 1 0 4 7 2 0 6 0 0 2 5 8 1 0 20 21 24 0 0 0 0 1 1 205 0 0 0 0 0 0 6 0 1701 1696 1694 1687 2 0 1 7 0 1 0 0 0 0 0 0 6 2 0 0 1 3 0 1 1 0 6 4 51 43 41 37 25 10 2 1 0 0 1 1 0 0 0 1 0 0 0 1 0 1 13 1 1 1
3 2 0 7 5 0 0 0 0 0 0 0 0 0 8 20 0 0 0 0 0 0 0 0 15 1 0 20 6 0 0 0 0 36 166 0 0 0 0 1 2 1 1 0 4 0 1681 1653 1649 1645 2 0 0 2 3 0 1 8 0 0 0 0 1 2 5 5 2 71 62 55 1 5 2 6 1 0 3 2 1 0 0 0 0 2 3 0 0 1 1 3 0 0 16 2 2 47
2 0 0 0 0 2 1 0 0 0 0 0 0 0 0 21 0 2 1 0 1 2 0 13 0 0 10 1 1 1 0 1 33 1 1 162 3 0 0 0 0 0 0 2 0 23 2 1 0 6 1625 1623 1620 1617 1608 1605 1602 12 1 1 0 0 3 11 6 6 73 0 0 0 0 1 1 1 1 0 0 0 0 0 0 0 0 0 8 4 0 0 4 9 11 18 3 0 3 53
0 0 0 0 0 0 2 1 0 1 0 2 5 1 1 0 26 0 0 2 0 2 8 3 0 8 0 0 0 0 0 30 0 0 12 2 141 1 0 1 0 0 0 0 1 20 1 0 0 4 0 0 0 0 1 1 1 1584 5 2 0 0 0 1 19 82 0 0 0 0 0 0 0 0 0 0 2 1 1 1 1 1 0 1 14 0 0 1 0 0 0 37 0 1 0 63
0 1 0 0 7 3 0 2 0 2 0 0 0 8 0 3 0 28 4 0 0 0 0 0 0 0 6 0 0 0 0 28 6 11 0 0 5 132 17 14 13 12 6 2 0 17 1 0 0 2 0 1 0 0 0 0 0 0 1575 1 0 0 1 2 3 107 0 2 3 1 0 0 0 0 0 0 0 5 2 2 2 2 1 2 16 0 0 0 3 1 0 38 0 0 70 1
2 1 1 8 2 1 3 0 0 0 3 1 4 0 11 65 60 58 9 3 0 0 6 5 0 0 3 4 0 17 26 3 1 1 1 0 3 1 110 3 1 3 1 2 1 0 15 0 0 0 1 3 13 18 19 22 27 28 1572 0 0 0 0 0 0 0 120 6 0 1 0 1 1 2 0 0 1 21 13 4 3 3 23 17 0 0 2 1 4 2 1 40 0 0 72 0
5 2 9 3 0 0 4 1 1 1 4 0 5 0 80 1 0 0 17 15 13 8 0 1 1 2 0 2 9 3 7 2 0 0 0 2 0 104 0 0 0 0 0 0 0 0 7 6 1 0 0 1 4 2 1 0 2 0 3 1537 1 0 0 2 1 0 122 0 0 4 1 2 2 3 1 1 25 0 0 0 4 24 0 1 0 0 4 7 0 3 0 43 0 399 396 320
959 952 946 1 0 6 0 0 4 0 7 91 89 82 0 0 0 0 0 0 0 1 0 0 0 1 1 0 2 2 0 5 1 0 1 0 16 103 2 1 0 0 0 0 2 4 1 2 0 0 0 3 0 0 0 0 0 0 0 2 1530 0 1 132 126 124 0 0 0 5 3 0 3 4 4 26 0 0 0 0 32 1 2 0 1 0 1 13 0 601 595 593 547 139 0 1
23 18 1 929 927 919 910 7 0 9 92 0 0 0 0 3 1 29 0 0 0 0 0 0 0 0 0 0 0 1 3 0 0 1 10 14 5 8 67 8 7 6 3 1 1 0 0 0 0 0 2 0 0 0 0 0 0 0 0 0 154 1372 0 133 0 0 0 0 3 963 956 950 947 941 933 925 891 888 881 33 0 0 0 4 2 0 632 628 613 7 0 0 5 0 136 0
2 17 0 0 5 0 0 899 11 0 96 1 1 0 0 0 37 0 25 23 20 14 1 1 0 0 0 0 0 0 0 1 0 3 3 2 4 7 55 1 0 1 0 0 0 0 0 0 0 0 0 1 3 1 2 0 2 0 135 152 0 12 1355 137 1 0 1 0 969 0 0 0 0 1 1 5 0 0 3 844 841 838 6 0 642 638 3 0 1 1 3 0 4 0 0 133
0 15 0 0 0 2 1 0 883 880 0 0 3 1 0 38 0 0 0 0 3 0 8 4 0 2 1 0 1 1 0 0 2 0 1 1 3 6 2 51 0 2 0 0 0 1 1 4 0 0 0 0 1 6 117 121 131 132 6 8 9 1 0 1215 1212 1203 1198 1194 51 43 3 2 0 0 0 1 2 1 0 1 0 0 828 776 128 121 0 0 0 0 0 0 0 1 2 3
0 5 8 0 0 0 0 0 0 2 778 710 707 1 0 40 3 1 0 0 0 0 0 1 0 5 0 8 4 1 0 0 0 0 0 2 3 1 1 1 47 41 36 9 7 3 0 1 5 9 1 20 22 98 5 1 5 1 3 7 8 0 0 0 7 2 0 170 1 4 38 0 0 0 0 0 0 0 0 0 0 2 47 2 2 2 120 116 0 0 0 0 0 0 1 2
0 3 4 1 0 0 0 0 0 0 66 0 2 695 693 4 0 0 0 0 0 0 0 0 58 57 50 48 1 0 0 0 0 0 1 1 0 0 0 0 4 0 3 20 17 1 0 0 0 1 17 0 1 72 4 0 4 0 2 6 6 0 0 6 0 0 0 168 0 3 9 26 25 23 0 0 0 2 3 0 0 42 3 1 1 1 1 0 114 106 5 2 0 0 0 1
0 0 3 0 0 3 0 40 42 44 65 0 0 0 2 642 1 93 92 89 77 76 74 71 9 5 1 1 34 14 4 1 0 0 0 0 0 0 0 0 2 0 1 1 2 11 2 0 0 2 1 0 2 68 1 1 3 1 5 1 1 1 0 4 0 0 45 167 0 1 0 7 0 18 0 2 0 0 0 35 40 0 2 0 0 0 0 0 5 0 97 3 2 0 0 0
0 1 0 0 1 2 35 0 0 0 0 18 0 0 0 1 636 0 0 0 7 0 0 0 2 2 0 0 0 17 8 7 6 3 1 0 1 5 1 0 1 0 0 0 0 0 6 0 0 0 0 0 0 67 0 0 2 0 4 0 0 0 0 0 0 42 0 0 119 0 0 6 0 3 13 0 0 1 29 0 0 0 0 0 0 1 2 3 0 27 57 6 5 4 2 1
0 0 0 0 9 11 27 7 0 0 0 3 12 0 0 0 540 0 0 0 5 0 0 0 1 1 0 0 1 16 11 0 0 0 0 0 0 6 0 0 0 0 0 0 1 0 1 3 0 0 2 58 59 66 3 0 1 0 3 0 1 3 25 26 35 40 0 0 117 0 0 4 2 2 8 0 0 4 26 11 9 3 0 0 1 0 0 10 26 1 56 0 1 0 0 0
