code/mhm/set_up/GrosseRoeder3_0p0625/mhm_setup/morph/facc.asc
ncols                328
nrows                160
xllcorner            13.46875
yllcorner            51.046875
cellsize             0.001953125
nodata_value         -9999
[rows 0 to 71 of 160, columns 96 to 191 of 328]
11 11 24 3 0 0 0 1 3 222 0 0 0 0 0 0 0 0 5 4 2 0 1 1 1 7 1 1 0 0 1 2 1 1 0 1 1 1 1 3 6 7 1 0 0 0 18 30 34 0 0 0 43 321 0 1 1 1 1 4 0 0 1 4 6 1 6 0 37 4 0 0 1 2 0 0 0 0 25 0 0 0 2 0 2 668 44 0 8 6 3 0 8 1 0 0
2 10 1 17 15 0 0 0 2 220 0 0 0 0 0 1 2 0 0 0 0 0 2 4 0 8 4 0 1 1 2 3 2 0 2 1 2 4 0 0 0 0 0 1 5 7 10 1 0 0 0 1 316 0 2 0 0 0 0 0 2 0 2 0 5 0 0 4 0 30 25 20 19 13 7 0 0 1 30 0 0 2 637 643 663 2 0 41 0 0 0 0 3 1 0 0
1 9 0 0 5 6 3 0 1 1 217 17 15 13 11 9 3 1 1 1 0 1 3 7 0 14 0 1 2 2 3 7 0 0 1 3 2 8 1 2 2 1 1 2 0 0 0 0 0 0 308 314 0 0 0 0 2 1 0 0 0 0 0 0 0 2 1 1 0 2 0 1 2 1 1 1 0 0 0 33 605 630 9 3 14 0 1 0 39 32 26 0 0 1 0 0
0 4 2 1 2 0 0 0 0 0 23 174 4 3 2 1 0 2 2 0 1 6 8 0 0 15 1 2 3 3 13 8 1 3 0 3 7 20 10 4 0 0 0 0 0 0 0 0 0 301 2 0 0 0 0 3 0 0 0 0 0 0 0 0 0 0 0 0 0 0 0 0 0 0 0 0 0 0 0 569 0 1 11 8 2 13 0 0 4 4 3 20 17 4 1 0
1 1 1 0 0 0 0 0 0 17 4 0 167 138 135 131 127 120 116 110 98 87 75 74 55 53 36 33 29 19 1 0 0 0 4 21 46 68 0 0 0 0 0 0 1 2 0 193 297 0 0 0 0 2 0 4 1 1 2 0 0 1 2 1 0 0 0 0 0 0 0 0 1 2 547 548 554 557 562 4 0 0 10 1 5 1 12 0 2 3 2 1 11 0 0 0
0 0 0 0 1 5 7 12 15 2 0 2 24 1 2 2 2 2 1 3 3 2 1 1 14 10 6 0 0 1 0 0 3 5 15 10 0 0 74 1 0 1 0 2 5 187 191 0 0 99 90 67 56 32 27 26 9 8 0 1 1 2 3 0 3 1 209 0 0 1 4 0 536 539 3 1 0 0 2 1 0 1 7 0 4 0 7 3 1 2 1 0 0 9 0 0
0 0 0 0 0 2 0 1 1 1 1 1 21 0 1 1 1 1 0 2 2 1 0 0 2 2 0 3 0 0 0 1 0 7 0 8 0 2 36 112 122 125 134 143 177 0 0 0 0 6 21 9 5 15 13 0 7 2 0 5 14 16 31 101 102 204 0 212 215 216 235 535 0 1 2 0 0 0 0 0 0 0 6 0 2 3 2 2 0 1 0 0 6 0 0 0
3 0 1 3 0 0 0 0 0 0 0 0 19 0 0 0 0 0 0 0 0 0 0 0 0 0 0 0 0 0 0 1 5 1 2 4 0 9 32 7 3 2 3 7 31 0 0 2 5 18 1 8 4 0 11 0 6 1 0 5 0 5 0 67 60 0 32 1 0 17 0 289 0 0 0 0 0 0 0 0 0 0 4 1 1 2 1 0 0 0 0 1 0 0 55 56
61 60 57 37 35 34 17 14 13 11 1 5 0 11 7 3 1 0 0 0 0 0 0 0 0 0 0 0 0 2 0 2 0 1 3 5 8 18 2 2 2 1 2 6 29 1 0 0 1 17 0 7 1 1 6 3 5 0 3 0 3 0 66 53 3 1 31 0 13 2 0 5 282 271 268 259 253 1 1 0 0 1 0 0 0 0 0 0 0 0 1 2 3 54 0 0
1 1 12 1 0 15 7 1 0 8 0 2 1 2 2 0 0 2 6 9 11 1 5 3 1 1 2 0 0 4 0 0 0 0 2 1 1 17 1 1 1 0 1 5 12 13 0 0 1 14 2 3 0 0 5 2 4 0 1 2 0 65 49 2 2 0 0 29 12 1 1 1 9 1 7 3 5 242 240 7 5 1 0 0 0 0 0 2 4 5 10 0 46 0 0 0
0 0 7 1 0 4 1 6 0 5 1 1 0 1 0 0 0 0 0 0 0 47 25 24 23 21 13 12 8 1 0 0 0 0 1 0 0 16 0 0 0 0 1 2 11 3 7 1 0 13 1 1 0 4 1 1 1 0 1 2 63 7 40 1 1 0 25 2 11 0 0 0 8 0 6 2 4 0 62 166 158 8 6 4 2 0 0 0 2 3 0 44 0 0 0 1
0 0 2 2 0 3 0 3 1 3 0 0 0 0 0 1 2 0 0 0 48 0 0 0 0 0 0 0 0 0 0 0 7 2 0 0 0 0 13 2 0 0 1 3 6 2 2 1 0 12 0 0 2 0 0 0 0 0 0 0 59 6 39 0 0 5 17 0 0 10 0 1 5 5 0 0 3 2 58 6 147 0 0 0 0 0 0 0 0 0 3 24 0 0 0 0
3 2 1 1 1 0 1 2 0 0 1 0 0 0 0 0 0 3 2 0 1 51 1 0 0 0 0 0 0 0 2 10 0 0 0 0 0 2 6 1 0 0 2 3 1 1 1 0 3 7 3 1 0 0 0 0 1 0 0 58 2 2 0 37 0 4 15 0 3 3 0 0 4 0 3 1 0 1 57 0 4 146 0 5 3 1 3 0 0 1 0 23 0 2 5 12
0 0 0 0 0 0 0 0 0 1 0 0 0 1 1 2 0 1 7 0 3 60 5 3 0 1 3 6 1 1 14 0 0 0 0 2 0 1 2 0 0 0 0 2 0 0 0 2 1 0 2 0 0 26 29 30 43 53 57 1 1 0 31 1 1 2 0 14 2 1 0 0 2 0 1 0 0 0 56 1 1 0 143 95 86 8 0 0 0 1 13 7 0 0 1 2
8 5 3 2 1 0 0 1 0 3 0 0 3 6 7 10 15 16 27 1 70 2 1 0 0 0 0 1 9 34 4 3 0 10 8 6 1 0 0 1 0 0 2 0 1 0 0 0 0 0 0 0 1 20 0 0 8 8 0 0 0 0 28 0 0 0 0 13 0 0 0 0 1 0 0 1 2 3 50 0 0 39 0 7 0 75 2 0 0 9 0 5 0 0 0 0
4 0 0 0 0 0 0 2 5 0 0 0 0 0 0 0 0 0 28 0 71 2 1 0 0 0 0 0 0 35 0 1 0 21 0 2 1 0 0 0 0 0 3 0 0 0 0 0 1 3 5 7 12 19 4 0 7 7 0 2 4 12 27 2 0 1 4 12 4 1 1 2 16 17 22 23 24 47 49 0 36 38 1 6 2 74 72 0 5 1 0 4 0 38 40 44
1 0 2 0 1 1 1 10 0 3 0 0 3 0 1 2 1 0 30 80 6 2 1 0 1 0 1 3 5 37 27 23 22 0 8 3 2 1 1 0 1 0 8 1 4 2 0 0 0 0 0 1 1 0 3 4 0 2 2 1 0 6 1 8 0 0 1 1 1 0 0 0 12 3 0 3 5 15 0 10 23 0 0 0 1 0 2 67 4 0 1 0 36 0 0 1
0 0 0 4 2 2 14 0 4 0 0 0 0 4 3 3 2 1 112 0 0 0 0 2 0 1 0 0 0 82 9 0 1 0 0 0 0 0 2 1 2 1 16 6 0 0 0 1 0 0 0 0 0 0 1 1 1 1 1 0 2 2 0 0 6 0 0 0 0 1 4 6 10 2 1 0 12 1 4 4 0 21 13 10 0 0 0 66 3 0 0 1 35 0 0 0
0 0 1 6 6 15 0 5 0 1 1 1 1 5 0 5 22 28 143 0 2 0 1 3 1 2 1 0 85 1 0 7 4 2 0 40 39 35 33 28 21 20 0 0 0 1 1 2 1 3 0 0 0 0 0 0 0 0 0 0 0 0 0 0 0 2 1 0 0 0 0 0 2 1 0 2 8 0 3 3 1 4 1 8 0 0 65 0 1 0 2 20 10 0 2 6
0 1 12 7 16 0 8 0 1 2 2 2 2 0 6 8 1 0 0 146 3 1 2 4 2 3 2 87 3 0 0 0 0 0 42 0 0 0 0 0 0 0 0 1 3 2 0 3 6 0 0 1 1 1 0 0 0 0 0 0 0 0 0 0 0 0 0 0 1 3 0 0 0 0 1 2 1 2 2 2 0 3 0 7 0 24 63 0 0 0 5 10 6 1 1 2
1 3 43 17 1 10 0 0 2 3 3 3 3 1 0 0 0 0 2 3 154 171 8 0 3 4 103 11 4 3 1 1 0 44 0 0 0 0 0 0 1 1 1 2 7 0 1 4 8 1 0 0 4 2 1 1 1 1 1 1 0 2 3 1 4 1 1 0 0 0 6 1 0 0 0 0 0 1 1 1 1 0 6 20 22 1 24 11 0 4 0 8 5 0 0 1
0 0 45 2 11 0 1 0 3 0 32 22 9 6 3 1 0 0 0 2 0 0 172 129 122 121 7 3 1 0 0 0 3 45 1 3 0 0 2 1 2 20 17 14 10 0 2 5 15 3 1 0 0 8 27 24 18 15 2 1 0 0 0 5 6 17 2 2 0 8 0 0 3 2 1 0 0 0 0 0 0 5 19 0 0 20 0 4 4 3 2 2 1 4 0 0
1 0 46 3 13 2 1 0 43 38 2 0 3 1 0 0 0 0 0 0 0 0 305 0 0 3 0 1 2 0 0 2 4 55 6 1 0 0 5 8 35 10 9 8 6 4 0 22 0 0 0 42 40 38 0 1 0 0 6 1 1 0 0 0 0 0 18 18 14 3 1 4 0 0 0 0 0 0 0 1 3 17 0 4 14 4 1 1 3 2 1 1 0 1 1 0
2 48 4 0 17 0 49 46 0 0 0 0 0 0 0 0 0 2 0 0 1 313 4 1 0 1 0 0 0 0 0 4 62 0 0 0 0 0 0 48 2 1 0 0 0 0 0 26 0 2 44 0 0 0 0 0 0 0 0 0 2 1 1 1 0 2 38 0 1 0 0 5 1 2 0 1 1 1 0 0 12 3 3 5 2 3 0 0 2 1 0 0 0 0 0 0
3 148 98 91 89 51 0 1 0 0 0 0 0 0 0 1 1 4 0 2 320 2 0 1 0 0 0 0 0 0 2 5 63 6 5 2 0 1 51 0 0 0 0 0 0 0 0 80 52 46 0 0 0 3 1 0 0 0 0 0 6 0 3 2 0 43 5 3 0 1 0 6 2 3 3 2 0 0 5 11 2 2 2 1 1 1 0 0 0 0 0 0 0 0 0 1
159 2 1 0 1 15 12 0 0 2 0 1 1 1 1 0 2 2 6 326 0 0 0 0 0 1 0 0 1 4 3 6 64 7 71 3 2 0 52 0 1 1 1 1 1 1 82 0 0 0 0 1 8 6 0 1 1 1 10 7 0 0 0 4 48 6 0 0 2 0 1 7 3 4 10 2 0 0 0 4 1 1 1 0 0 0 0 0 0 0 0 1 2 0 1 1
1 4 1 0 0 0 0 8 7 5 0 4 0 0 3 8 9 16 335 0 0 0 0 1 1 2 1 1 0 7 4 7 65 81 0 66 65 64 7 6 0 4 0 2 2 0 85 1 0 1 1 11 0 0 1 4 0 13 0 0 1 1 1 188 182 130 1 0 3 1 2 8 4 16 3 2 1 0 0 2 0 0 0 0 1 0 0 1 2 1 1 0 2 3 3 2
0 0 0 0 0 0 0 0 0 0 0 6 0 0 0 0 0 20 337 0 0 1 1 2 2 8 2 0 0 0 15 8 66 83 0 8 0 0 0 0 0 5 0 7 0 0 1 88 19 17 12 1 1 0 2 6 0 14 1 1 201 198 193 0 0 0 119 0 6 3 0 9 41 35 12 9 6 2 0 1 1 0 0 0 0 2 2 0 5 2 2 0 10 17 23 24
11 8 4 3 1 0 0 2 1 1 1 7 1 2 0 0 0 0 359 2 0 4 0 24 17 16 4 2 0 0 0 25 67 96 11 0 6 1 0 0 0 0 6 9 1 0 1 112 0 0 2 0 2 1 11 7 22 20 4 202 0 1 0 0 0 0 116 115 102 94 87 85 0 0 0 0 1 1 0 0 1 2 1 1 0 2 6 11 18 49 0 4 0 0 0 0
1 1 0 0 0 0 2 0 5 2 2 8 2 3 1 1 0 0 361 42 35 29 27 1 0 1 0 0 0 0 0 27 168 2 0 0 2 0 0 0 2 0 2 20 0 3 2 113 0 4 0 304 299 297 281 279 208 207 206 2 0 0 0 0 5 3 1 1 9 0 1 20 10 9 1 0 0 0 0 0 0 4 10 0 2 19 21 23 26 0 50 0 0 0 0 0
0 0 0 1 4 0 5 7 14 3 0 25 11 7 2 2 1 0 407 0 2 1 0 3 2 1 0 5 2 0 0 200 1 0 0 0 0 0 1 8 0 0 1 2 25 0 123 0 0 315 306 0 0 0 0 0 45 17 16 15 14 13 10 9 1 0 0 0 6 0 0 18 0 0 5 4 2 1 0 0 0 0 1 13 15 0 0 0 1 0 2 55 1 1 2 4
0 0 0 1 7 0 0 0 15 4 0 33 6 5 0 1 7 0 411 2 1 0 0 5 0 0 0 6 0 0 0 203 1 0 0 1 0 0 0 9 0 0 0 0 26 0 125 0 0 362 0 0 0 0 0 0 0 25 22 15 11 10 7 6 4 1 0 0 5 0 0 17 12 11 9 6 0 0 0 1 0 0 0 0 1 2 3 4 18 19 21 22 81 0 0 183
0 1 0 0 0 10 1 1 16 5 1 35 0 1 1 0 0 10 688 1 0 0 7 1 0 1 0 9 0 1 206 0 1 0 0 0 3 1 0 11 1 1 2 0 0 155 0 370 369 2 44 40 0 2 4 3 1 1 5 1 0 0 0 0 0 0 0 0 0 0 0 0 0 0 0 0 4 2 0 0 3 0 1 1 0 9 10 11 0 0 0 0 0 83 0 180
1 2 1 1 0 0 13 0 19 8 40 3 0 0 0 0 0 701 0 273 271 269 11 0 0 0 237 233 221 212 3 2 0 0 1 1 0 5 2 15 0 0 5 1 535 377 376 3 1 1 0 0 37 23 13 0 0 0 0 3 0 0 0 0 0 0 1 0 0 0 0 0 0 0 0 0 0 0 0 0 1 6 1 4 7 22 24 28 32 33 34 68 72 73 179 0
5 0 2 2 0 1 1 15 72 51 0 0 0 0 0 0 708 3 0 0 0 1 253 250 244 243 0 0 3 0 0 0 1 3 2 0 0 0 6 3 574 556 545 542 3 1 0 2 0 0 0 2 9 0 0 11 6 5 0 2 0 1 16 13 10 9 5 1 0 0 2 1 1 4 1 1 0 1 1 1 0 1 15 18 21 0 2 1 0 0 18 11 1 20 0 0
0 4 0 3 0 3 2 89 0 0 0 0 0 0 715 711 0 0 0 0 0 0 1 1 1 2 0 0 0 0 0 2 0 9 0 0 3 600 598 589 8 2 2 1 1 0 0 0 0 0 0 0 7 0 0 0 1 3 0 0 0 23 2 1 0 0 0 1 0 0 4 5 0 5 0 2 1 8 3 0 0 3 1 1 1 1 0 0 1 16 9 0 0 0 17 0
3230 3227 3169 3166 3160 3157 3151 3146 3054 3 0 0 2 0 718 0 0 0 0 1 1 0 0 0 0 0 1 0 0 0 0 0 14 0 0 1 606 0 0 0 1 2 1 0 0 0 0 0 0 1 1 3 1 0 0 0 0 0 0 0 0 24 1 0 0 0 2 5 1 0 13 0 30 29 21 16 12 2 1 0 0 0 0 0 0 0 0 5 13 0 8 0 2 9 6 0
0 51 0 0 0 0 0 0 0 3047 3044 3042 3 0 2262 1542 1541 1538 1535 5 0 1 0 0 0 2 0 0 0 2 0 646 643 627 624 621 9 5 2 1 0 0 0 0 0 4 2 0 0 4 0 0 0 0 2 0 0 0 0 0 2 32 3 1 0 0 0 0 8 0 0 49 2 1 0 0 0 0 2 1 0 0 0 0 0 1 3 0 6 0 5 0 4 0 3 1
6 0 42 2 1 0 0 0 0 0 0 0 3035 2265 0 0 0 0 0 1526 1522 1520 1503 1500 1497 1494 1489 1482 1477 1474 1466 813 0 0 0 1 1 0 1 0 0 0 0 2 5 2 1 0 0 6 1 0 0 1 6 0 1 1 1 1 38 1 0 0 0 0 0 2 0 10 51 0 0 0 0 0 7 6 1 0 0 1 1 0 1 0 0 1 2 0 3 1 1 1 0 0
5 0 0 37 30 4 3 1 0 0 0 0 0 766 742 2 0 0 0 1 0 13 0 0 0 0 4 2 0 3 3 810 0 0 0 0 0 0 0 0 0 0 2 9 3 0 0 0 0 0 10 12 1 14 4 3 2 2 5 43 1 0 0 1 0 1 1 3 12 52 0 1 1 1 1 10 0 0 1 0 1 4 0 0 3 0 0 0 0 0 1 0 0 0 0 0
1 1 1 2 0 24 7 6 5 3 0 0 16 5 0 737 2 0 1 0 0 12 0 1 0 0 2 1 1 0 2 2 806 801 3 0 0 0 1 1 0 752 749 745 6 0 2 1 0 0 0 0 33 2 1 0 0 0 52 1 0 0 0 2 0 1 2 19 0 0 60 5 2 16 11 7 6 4 1 0 7 0 1 1 4 1 1 0 0 0 0 1 3 5 6 8
0 0 0 0 0 0 14 11 8 4 0 12 1 4 1 0 730 2 4 2 0 2 7 3 0 0 0 0 0 1 1 0 2 0 794 791 789 780 776 771 766 9 0 0 726 720 6 0 2 0 0 36 0 0 0 0 1 54 0 0 0 1 1 3 1 2 23 1 0 62 0 0 0 17 8 0 2 1 0 0 0 9 2 8 0 0 7 10 0 0 0 0 0 1 3 5
0 4 3 2 1 0 1 1 2 1 0 11 0 3 0 0 726 6 0 0 0 1 0 0 0 0 0 0 0 0 0 0 0 0 0 0 6 1 1 1 1 2 4 3 0 0 711 708 706 701 698 695 656 3 0 0 59 0 1 1 558 556 544 538 101 98 94 69 66 1 0 0 2 27 1 3 2 1 0 1 0 36 24 2 0 0 0 0 13 15 17 18 0 0 0 38
7 0 0 0 0 0 0 0 1 0 2 7 0 0 1 1 0 714 0 0 0 0 0 0 0 2 0 1 6 4 3 2 1 0 0 1 3 0 0 0 0 1 0 2 2 0 0 0 0 0 0 0 0 649 646 644 581 578 574 568 0 5 0 0 435 428 425 407 406 405 0 0 40 35 4 4 0 0 2 42 41 0 1 6 0 0 0 0 3 5 7 11 33 34 37 0
14156 14151 14146 14143 3 0 0 0 0 0 0 1 3 0 0 0 11 15 696 2 0 0 0 2 1 3 17 13 4 3 2 1 0 0 0 0 0 0 0 0 0 0 0 0 0 0 0 0 0 0 0 0 0 0 0 0 1 2 2 2 2 3 0 4 0 1 1 14 5 0 402 393 345 338 331 321 0 4 44 0 0 1 0 0 5 3 0 0 0 0 0 2 1 0 0 0
1 3 0 1 14135 14116 2 0 0 1 0 0 0 0 1 10 0 1 0 691 3 0 1 33 29 26 3 1 0 0 0 0 0 0 5 0 0 0 1 2 0 0 0 0 0 0 1 1 1 2 2 0 7 5 3 0 0 1 1 1 1 0 1 3 0 0 1 5 1 1 7 4 5 5 2 0 319 51 0 1 0 0 0 0 0 0 0 0 0 0 0 0 0 0 0 0
0 2 0 0 16 0 14111 14108 4 0 0 2 1 0 0 7 0 0 24 0 660 3 0 34 0 1 0 0 0 1 0 5 0 0 0 6 9 1 2 3 1 7 5 3 1 1 4 23 18 14 10 9 0 0 0 1 0 0 0 0 0 0 0 0 0 0 0 3 0 0 6 3 4 4 0 0 0 265 11 8 7 5 2 0 0 0 5 0 4 2 0 0 1 2 4 7
0 1 0 2 15 0 0 0 14100 5 3 2 1 0 0 5 0 10 12 0 0 653 649 646 3 0 0 0 0 2 0 6 0 0 0 0 10 2 3 4 2 9 0 0 0 0 5 24 0 0 0 0 11 10 8 5 3 2 0 0 0 0 0 0 0 0 0 2 0 3 5 2 3 3 0 7 11 252 237 1 0 0 0 1 0 0 6 5 0 0 0 0 0 0 0 11
1 0 0 0 2 7 0 3 0 14088 14083 0 0 0 0 1 0 9 0 10 0 1 1 0 605 541 538 535 531 527 520 515 504 498 481 475 472 8 0 5 3 10 0 1 1 7 0 46 20 17 15 13 0 0 0 0 0 0 0 0 1 2 1 5 3 0 0 0 0 0 0 1 2 2 2 2 2 1 3 230 194 193 191 178 1 1 13 0 1 2 1 0 0 1 5 9
0 0 0 1 0 1 2 2 2 0 2 14075 0 2 0 0 6 0 1 8 0 0 0 61 0 0 0 1 1 2 2 2 3 14 3 0 0 450 444 424 411 399 385 13 8 52 51 2 1 0 2 1 0 1 0 0 0 0 1 6 10 3 11 2 1 0 7 5 4 2 0 0 1 1 1 1 1 0 2 21 12 9 8 1 173 171 166 12 10 7 1 0 0 1 1 0
12 11 1 0 0 0 1 1 1 1 0 6 14065 5 0 0 0 3 1 0 7 5 0 0 59 1 0 0 0 1 1 1 2 2 10 2 1 2 18 5 6 1 0 368 61 7 6 5 4 3 4 3 2 0 1 1 0 0 1 0 0 47 18 16 14 12 2 1 0 0 0 0 0 0 0 0 0 1 18 1 1 8 7 0 0 1 1 136 132 128 125 118 117 97 94 0
277 2 6 5 1 0 0 0 0 0 2 1 0 14057 14051 0 0 0 0 0 0 3 0 0 32 23 0 0 0 0 0 0 1 1 9 1 0 1 17 4 5 0 3 0 300 0 219 218 217 216 209 206 201 2 2 1 0 0 0 0 49 0 0 0 0 0 0 0 0 0 2 0 6 5 1 0 0 16 0 0 0 0 6 6 0 0 1 0 2 1 1 2 17 0 0 93
4 273 1 0 2 1 0 0 0 0 0 0 3 0 3 14044 3 0 1 0 0 0 0 30 0 1 19 1 0 0 0 0 0 0 8 0 0 4 16 3 4 2 5 6 71 226 4 3 2 0 1 0 2 196 2 0 1 1 2 50 0 0 0 0 0 4 2 0 1 17 11 10 1 1 0 0 11 2 3 0 0 4 0 0 4 0 0 0 0 0 0 1 9 6 2 0
1 3 272 2 1 0 0 5 2 1 0 1 0 0 1 1 14037 14029 0 2 0 0 0 28 0 0 0 14 13 10 5 1 0 0 7 0 3 0 9 2 3 1 4 0 63 0 0 0 0 0 0 0 0 1 187 182 2 2 54 0 2 0 0 2 8 1 0 0 21 0 0 0 0 0 2 7 0 1 0 0 0 0 0 0 0 0 1 0 0 0 0 8 2 2 0 0
0 2 2 265 9 8 7 0 0 0 0 0 0 0 0 0 5 4 14020 5 0 2 0 0 24 22 17 0 0 0 0 1 0 0 0 3 1 8 0 0 2 0 3 0 6 54 2 0 0 0 0 0 0 0 2 2 174 172 167 105 3 1 16 11 0 0 0 23 0 0 1 0 0 0 0 0 0 0 0 0 0 0 1 0 0 3 0 0 1 4 7 0 0 0 0 2
0 0 1 12 241 0 4 3 0 1 3 0 0 0 1 4 0 2 14010 0 3 0 0 0 0 0 2 15 0 0 0 1 0 0 0 2 0 7 0 0 0 0 1 3 0 0 49 44 3 0 1 2 0 1 0 0 0 0 0 3 100 98 0 0 0 1 1 27 1 0 2 1 0 0 0 0 0 3 1 0 1 3 0 0 0 68 3 0 0 0 0 0 0 0 1 2
0 0 0 10 6 232 62 61 56 53 2 1 0 0 0 0 1 1 14008 0 0 2 1 0 0 0 0 0 12 7 4 1 0 2 0 0 0 5 0 0 0 0 0 0 0 0 2 0 37 31 30 0 1 0 0 0 0 0 0 1 0 76 0 0 58 56 47 16 14 10 8 2 0 1 1 7 4 0 0 0 7 0 1 2 69 0 59 57 0 0 0 7 6 1 0 1
30 0 8 0 5 146 16 3 1 31 11 1 1 0 0 0 0 0 2 14001 0 5 0 2 0 0 0 0 0 2 1 0 0 0 4 0 0 0 0 19 15 14 0 0 0 0 0 0 1 1 1 21 10 0 0 1 1 1 0 0 2 6 68 65 0 1 3 1 0 2 1 0 0 2 10 0 1 1 0 1 0 9 79 76 2 0 0 6 47 45 9 0 0 0 0 0
27 0 7 4 0 144 15 2 0 0 29 8 7 1 0 0 0 0 0 45 13952 13950 13942 132 127 126 121 5 3 2 1 0 1 6 0 0 0 0 21 0 0 1 10 8 5 1 0 0 0 0 3 3 2 5 1 3 6 2 0 0 0 1 1 2 0 0 0 0 0 0 0 173 172 170 151 149 146 145 142 139 135 131 38 0 0 0 3 1 0 0 31 18 9 8 0 0
25 0 6 3 142 0 14 0 0 5 10 11 0 0 0 9 14 15 42 0 0 0 6 13800 0 0 2 113 112 108 101 88 85 84 74 69 27 26 2 1 0 0 0 0 0 0 0 0 0 2 2 0 0 1 0 0 0 12 0 0 0 0 0 0 0 0 0 0 0 180 177 1 0 3 1 0 0 0 0 0 1 0 0 36 1 1 0 2 0 5 1 3 7 0 6 2
24 3 1 2 141 4 2 5 0 4 6 2 10 7 2 2 2 2 2 19 2 5 0 13795 2 0 0 0 2 2 2 11 1 1 0 0 39 2 1 0 0 0 0 0 0 0 4 1 0 0 0 0 0 0 0 0 0 0 13 2 1 0 0 0 0 0 1 356 353 170 167 158 0 0 0 0 2 0 2 1 0 0 0 0 30 0 0 0 1 4 0 2 2 2 2 1
2 0 1 140 1 1 1 1 1 3 5 1 1 6 1 1 1 1 1 18 1 1 0 0 13791 3 2 0 1 1 1 2 5 0 0 0 35 23 22 19 18 15 3 1 0 0 6 0 0 0 0 0 1 0 0 1 2 0 474 458 454 0 1 1 0 393 390 30 0 1 1 5 156 154 150 4 0 12 0 4 0 0 0 0 0 24 1 0 0 2 0 1 1 1 1 0
0 0 138 0 0 0 0 0 0 2 4 0 0 5 0 0 0 0 0 17 0 0 0 35 13750 1 0 0 0 0 0 0 0 4 0 9 0 0 0 0 0 1 6 2 0 0 2 15 3 0 1 0 4 1 0 1 2 482 2 0 4 444 442 436 430 28 0 0 27 0 0 4 0 0 0 144 15 0 6 0 2 1 2 0 0 0 18 1 0 1 0 0 0 0 0 0
0 121 15 12 9 7 5 2 1 1 3 0 2 4 1 3 5 11 14 16 0 1 2 33 13747 2 1 0 0 0 1 0 0 3 0 5 1 0 2 1 0 0 2 1 0 0 1 16 0 0 2 0 5 2 0 502 498 11 3 0 3 0 2 2 5 2 23 4 1 26 4 2 3 1 4 11 115 0 1 0 0 0 3 0 0 0 14 10 8 7 3 2 0 0 0 1
33 85 1 1 0 0 0 0 0 0 0 0 1 0 0 0 0 4 1 0 0 1 28 0 13743 0 0 0 2 2 0 0 0 0 0 0 0 0 3 0 0 0 0 0 0 0 0 19 554 552 549 543 539 531 526 3 0 2 3 2 2 0 0 1 4 1 17 1 0 20 0 1 2 0 1 5 113 88 87 81 80 70 68 35 0 0 0 0 0 0 1 0 0 0 1 0
15 3 80 0 0 0 0 0 0 0 2 1 0 0 0 2 3 0 0 7 11 12 25 0 13733 7 6 4 0 4 1 0 0 0 0 0 0 1 756 750 1 1 594 592 589 586 583 580 0 0 1 1 0 0 17 0 0 0 0 2 1 1 0 2 0 0 0 15 0 19 0 0 1 0 4 1 15 5 0 1 1 5 26 0 31 30 26 0 3 2 1 0 0 0 1 2
13 0 2 79 78 7 5 3 0 4 2 1 0 0 0 0 1 3 5 2 3 11 0 2 13731 0 0 797 796 793 786 782 779 776 773 770 767 764 760 0 746 744 0 0 0 0 0 0 2 1 0 0 0 0 1 13 0 0 0 0 0 0 0 0 0 0 5 5 2 15 1 0 0 2 0 0 14 0 3 0 0 4 1 23 0 0 0 24 16 15 2 1 0 1 5 0
2 4 0 0 6 62 58 54 50 46 30 0 0 3 0 0 0 0 1 2 0 5 0 2 33 13692 13690 0 0 0 0 0 0 0 0 0 0 0 0 0 0 0 144 139 138 136 0 0 0 2 1 0 0 0 0 0 10 8 0 0 0 1 0 0 2 3 1 2 1 0 13 1 0 0 0 10 0 1 1 0 2 0 0 2 18 1 0 1 0 2 8 3 0 0 2 11
1 2 0 0 4 2 2 2 2 5 0 28 25 14 0 0 0 0 0 0 1 2 1 1 27 0 1 12887 0 0 0 0 0 0 0 0 0 0 2 1 0 0 0 1 0 0 134 127 125 0 0 0 95 0 0 0 0 4 3 1 2 0 0 0 0 0 0 0 0 2 1 5 0 0 7 1 1 0 0 0 0 0 0 0 1 13 3 0 0 1 2 0 1 0 0 0
0 0 0 1 1 1 1 1 1 2 1 0 4 0 12 10 0 0 0 0 1 0 0 14 11 0 5 13 12871 1 1 12850 3 0 1 17 14 13 2 1 0 0 0 1 0 0 1 3 1 119 1 96 0 91 3 2 0 0 0 3 1 1 1 1 0 0 0 0 0 0 0 1 1 1 0 0 0 0 0 0 0 0 0 0 0 6 0 1 0 0 0 0 0 0 0 0
0 0 0 0 0 0 0 0 0 0 0 0 3 0 0 4 1 0 3 0 0 11 13 0 10 4 2 3 0 12867 12858 0 12843 24 21 2 1 0 5 4 3 2 7 3 2 0 0 0 0 2 112 2 0 0 84 83 11 10 8 2 0 8 3 0 0 1 2 1 0 2 1 0 0 0 0 0 58 57 55 52 0 2 0 0 0 0 4 3 2 1 0 0 0 1 4 1
5 3 0 0 0 0 14 13 9 7 3 0 0 0 1 1 0 0 3 8 9 0 0 2 5 3 1 2 6 0 3 0 0 12816 0 0 0 0 0 0 0 0 10 1 0 2 1 0 0 0 1 9 6 0 0 0 70 16 15 14 12 2 1 0 0 0 5 11 5 0 0 0 0 0 1 61 0 0 0 48 4 0 1 2 0 1 0 1 0 3 2 0 0 0 0 6
