code/mhm/set_up/GrosseRoeder3_0p0625/mhm_setup/morph/facc.asc
ncols                328
nrows                160
xllcorner            13.46875
yllcorner            51.046875
cellsize             0.001953125
nodata_value         -9999
[rows 72 to 143 of 160, columns 0 to 95 of 328]
2 0 0 0 0 111 92 91 88 83 1 0 0 22 19 5 2 0 0 1 3 5 8 12 23 24 26 0 0 0 0 1 2 3 336 22 0 0 3 1 0 62 1 1 0 0 0 0 1 2 3 5 3 1 0 0 4 1 2 0 33 1 0 21 4 4 49 32 1 0 1 0 0 0 2 5 1 634 5 2 2 0 2 1 1 0 2 4 2 5 0 0 71 53 51 49
0 0 0 2 115 1 0 0 0 1 6 3 0 1 1 5 1 0 0 0 0 1 1 0 7 0 0 1 2 3 0 0 0 0 308 9 20 1 0 2 0 17 43 0 0 0 0 0 0 1 2 4 1 0 0 0 2 0 1 2 29 0 1 18 3 3 6 8 29 3 0 0 1 0 1 0 1 1 623 576 573 567 563 5 0 4 5 0 3 0 7 74 0 0 0 1
0 0 2 121 1 0 0 0 0 0 0 0 0 0 0 0 3 0 0 0 0 0 0 1 3 0 2 3 4 0 4 281 284 290 5 0 8 17 3 1 1 15 0 42 36 28 3 1 0 0 1 2 0 0 0 0 0 0 1 22 5 0 7 9 2 2 5 4 2 24 22 1 2 0 0 0 0 0 44 1 1 1 0 552 549 547 274 252 246 245 233 20 2 1 0 0
1 1 125 0 0 0 1 2 0 0 0 0 0 0 0 0 0 0 0 5 6 0 0 1 2 0 0 1 2 9 278 2 0 4 0 2 7 12 0 0 0 0 13 4 0 3 22 15 0 0 0 0 0 0 1 0 0 0 15 5 4 4 1 8 1 1 4 3 1 0 21 0 12 16 26 30 33 38 4 0 0 0 0 0 0 266 1 12 0 9 127 0 16 3 2 0
235 232 225 2 0 0 7 3 1 1 37 32 28 3 1 0 0 0 0 0 1 7 1 2 0 0 0 1 2 38 220 0 0 2 0 1 3 2 11 7 0 9 2 1 1 2 4 0 13 1 0 0 1 0 2 9 12 14 3 0 3 3 0 7 0 0 3 2 0 18 1 0 4 1 7 2 1 3 2 0 0 0 0 0 265 0 3 0 5 8 2 123 11 1 0 1
0 1 1 94 81 79 66 65 64 60 0 2 0 22 19 0 3 0 0 0 0 2 11 0 5 0 1 0 32 0 0 219 3 0 0 0 2 1 0 1 5 8 1 0 0 1 2 0 9 2 0 0 3 0 0 1 0 0 0 1 0 1 2 5 0 1 0 1 10 6 0 0 2 0 6 1 0 2 0 0 0 5 250 253 0 8 1 0 4 7 1 122 1 6 1 0
0 0 0 11 0 0 1 0 0 17 0 0 0 0 0 16 3 2 0 0 1 3 4 17 24 25 27 30 0 1 214 1 0 2 1 0 0 0 0 0 4 6 0 0 0 0 0 0 3 0 0 0 5 2 0 0 0 2 1 0 0 0 1 3 0 0 0 8 0 0 4 0 0 4 0 0 0 0 0 1 2 223 17 0 0 0 6 0 3 6 0 121 0 0 2 1
37 36 1 0 10 8 6 2 1 16 13 1 0 0 0 7 3 0 0 0 0 0 0 0 0 0 1 2 0 178 30 29 25 21 4 3 2 1 0 0 3 5 1 0 0 1 0 0 2 0 0 0 6 3 0 0 1 3 0 0 0 0 0 2 1 1 3 7 0 0 3 0 3 0 2 3 8 9 12 75 222 1 16 11 7 0 5 0 2 5 0 120 8 7 2 1
0 2 30 21 0 0 0 1 0 1 1 8 5 2 0 0 0 1 0 0 1 1 1 3 6 0 0 0 148 176 5 1 2 2 15 12 0 1 0 0 1 1 0 0 5 1 0 0 2 0 1 0 8 14 0 1 2 4 2 12 10 0 0 0 0 0 0 0 0 0 1 0 0 0 0 3 0 1 60 0 145 0 1 2 3 1 1 1 1 1 1 110 0 0 3 1
0 1 1 5 20 14 1 0 0 0 0 0 0 0 0 0 0 0 1 0 2 5 8 9 17 18 141 143 1 18 0 1 0 1 1 1 10 5 4 0 0 0 0 12 4 3 0 0 1 6 10 1 0 0 17 2 3 35 29 12 0 7 6 2 0 0 0 0 0 0 0 0 0 0 1 49 51 52 6 140 0 2 0 1 2 0 0 0 0 0 0 101 6 0 0 0
0 0 0 2 1 4 11 0 0 0 0 0 0 0 0 0 1 4 0 0 0 0 1 2 3 4 114 0 0 3 13 0 0 0 0 0 0 0 0 0 0 0 14 0 0 0 0 0 0 0 1 14 0 0 19 3 46 5 4 1 10 3 2 0 0 0 5 8 19 21 23 39 42 43 48 0 2 5 1 136 0 0 0 0 0 0 0 0 0 0 0 100 3 0 0 1
0 0 0 0 0 1 1 9 7 4 1 1 1 1 1 1 2 5 1 1 0 1 0 0 0 1 113 2 1 0 1 11 1 0 0 0 0 0 0 0 1 1 16 1 0 0 0 0 0 0 0 3 20 0 0 81 8 6 0 1 0 5 0 1 0 0 0 0 8 2 13 0 0 0 2 1 0 0 0 134 0 0 0 0 0 0 1 3 5 7 99 0 0 0 0 17
1 0 0 0 0 0 0 0 0 0 1 3 9 15 18 2 3 6 2 2 1 2 4 6 84 88 2 15 3 0 0 0 7 4 3 1 4 6 1 1 2 2 17 3 0 1 1 1 1 0 1 0 0 23 83 0 0 2 1 0 0 1 1 0 0 0 0 7 0 0 2 5 0 1 0 0 1 2 129 0 2 2 0 0 2 4 5 61 64 88 20 0 0 4 12 0
2 1 1 1 1 0 0 0 0 0 0 0 0 2 0 23 31 44 45 58 59 67 70 76 2 2 1 3 6 2 1 0 0 0 0 0 0 0 8 2 5 3 18 4 1 4 0 2 3 0 3 0 0 193 84 1 0 0 0 1 0 0 0 0 1 1 0 0 3 0 1 0 2 0 0 0 0 1 125 0 0 0 8 11 24 50 54 0 1 1 17 0 0 1 4 0
39 46 2 4 0 1 1 1 1 2 0 0 0 0 0 1 3 0 2 2 2 1 1 1 1 1 0 0 1 5 3 2 1 0 0 0 0 0 0 10 9 4 19 5 2 5 1 3 231 225 220 0 216 20 0 81 79 78 60 57 0 0 0 4 2 0 0 0 0 0 0 0 0 0 1 2 0 0 111 10 0 0 1 0 11 24 0 0 0 0 4 11 0 0 3 1
2 0 48 23 17 2 0 5 0 6 2 0 0 0 0 0 1 1 1 0 0 0 0 0 0 0 0 0 0 0 0 0 0 0 1 2 0 0 1 2 24 25 31 58 3 9 0 239 2 1 0 217 0 0 17 0 0 11 4 0 55 13 11 9 3 1 4 2 0 0 0 0 0 0 0 2 100 103 109 8 3 0 0 0 10 23 0 0 0 0 2 0 9 0 0 0
0 0 0 76 0 10 9 1 0 8 0 0 1 1 0 0 0 0 0 0 0 0 0 0 0 0 0 2 0 0 2 0 0 1 3 3 1 1 0 0 0 0 1 59 14 241 240 10 9 8 7 6 0 0 15 3 0 10 1 0 0 39 12 11 10 9 1 0 0 1 1 0 2 0 2 91 0 1 4 0 2 1 1 2 8 21 3 1 0 0 0 0 3 4 1 0
0 0 77 14 0 8 7 1 0 9 2 0 8 3 1 0 0 1 2 2 0 2 1 1 1 0 1 1 4 1 4 0 1 0 2 8 2 2 2 1 0 0 0 62 277 18 17 5 4 3 1 1 1 0 4 3 1 2 6 0 0 1 22 5 4 3 2 0 0 2 7 9 13 15 85 1 0 0 0 2 1 0 0 2 1 2 13 7 4 3 0 0 0 0 0 0
1 4 95 0 13 1 0 3 1 1 16 11 1 0 0 0 0 0 0 3 4 5 0 4 0 1 2 2 0 7 5 1 2 1 3 9 3 3 3 2 1 0 2 343 0 0 0 2 1 0 0 0 0 0 3 2 0 0 0 5 0 4 5 9 5 3 0 0 0 0 0 0 1 59 8 7 5 3 0 1 0 0 0 0 0 1 1 2 0 0 0 0 0 0 0 0
0 104 1 0 1 0 0 0 0 0 0 29 0 0 1 0 1 1 2 4 5 6 1 5 1 2 3 3 1 8 6 2 3 2 4 0 14 9 0 0 5 352 350 0 0 1 3 0 1 0 0 0 1 0 1 0 1 0 3 0 3 0 1 0 0 0 0 0 1 7 11 13 15 40 37 0 0 0 0 0 0 1 1 0 0 0 0 0 0 0 0 0 1 2 1 158
106 0 0 0 0 0 1 0 0 0 0 0 31 1 2 0 4 7 3 9 6 7 0 2 8 3 4 4 2 16 0 0 3 7 0 7 395 369 367 365 362 0 0 0 2 20 15 13 10 9 7 5 2 1 0 0 0 0 0 0 1 1 3 4 11 14 1 0 1 1 0 0 0 0 0 36 1 0 0 0 0 1 6 2 0 0 0 0 0 0 2 0 3 7 154 0
1 0 0 0 0 0 4 1 0 0 1 1 33 2 3 0 1 0 8 0 10 15 1 3 9 4 0 10 3 17 1 1 4 8 0 405 0 0 0 0 0 0 0 3 25 3 2 1 0 2 1 0 0 0 0 0 0 0 0 0 0 0 2 5 0 15 0 1 0 0 0 1 2 3 0 23 9 1 0 1 0 0 0 16 2 0 1 0 2 0 4 6 141 145 0 0
4 0 1 1 1 3 14 4 0 1 2 5 40 44 4 5 6 9 11 21 34 35 54 15 0 0 7 0 15 18 2 0 430 422 412 4 1 0 2 1 0 50 48 43 16 15 14 13 12 8 7 6 4 2 0 3 0 4 1 0 0 1 0 0 0 23 4 0 0 0 1 2 3 4 19 2 6 0 0 4 3 0 0 1 17 19 22 24 28 30 31 133 0 0 0 0
1770301 1770247 5 0 0 0 15 0 0 2 0 0 0 46 0 0 0 1 2 0 0 0 55 16 0 0 0 8 17 464 444 439 5 3 0 0 0 0 3 0 0 51 0 0 3 2 1 0 2 1 0 0 0 0 0 4 0 5 0 0 0 0 0 0 1 28 1 0 0 0 0 0 1 2 8 1 4 0 0 3 14 0 0 0 31 33 35 37 85 88 92 6 3 1 0 0
49 0 1770239 0 142 140 20 3 1 4 1 0 0 0 48 0 1 0 0 3 1 2 56 57 76 1 0 11 484 0 0 0 0 0 0 0 0 5 0 1 65 63 10 7 2 1 0 3 1 0 1 0 2 1 0 5 1 7 1 0 0 2 1 0 1 34 2 1 0 0 2 0 0 0 4 0 2 0 0 1 3 22 25 30 0 0 0 0 46 1 2 0 0 0 0 0
48 0 3 1770233 0 0 116 113 12 11 5 1 0 1 0 50 2 0 1 5 0 5 0 0 77 0 3 502 0 0 0 0 0 0 0 2 0 10 2 67 0 0 3 2 1 0 4 2 0 2 1 3 0 2 7 0 2 8 14 11 8 4 3 0 0 2 38 0 0 12 6 5 2 1 0 0 0 0 0 1 0 2 0 0 0 0 0 45 0 0 0 0 0 0 1 0
46 0 0 1770088 0 0 1 0 98 96 1 0 1 2 1 51 3 1 2 6 0 7 0 82 0 0 0 171 676 3 0 3 0 2 0 3 12 70 69 0 0 5 0 0 6 5 9 5 3 2 4 1 0 11 1 3 0 24 0 0 0 0 0 0 0 0 39 0 2 14 0 0 0 0 0 2 0 0 1 0 0 0 0 0 0 2 42 0 0 0 0 1 0 3 0 0
0 0 0 6086 1763999 0 0 0 0 0 92 87 6 3 2 52 0 5 18 0 1 8 0 0 84 86 166 2 0 681 5 0 0 0 4 90 72 0 0 1 0 7 10 8 0 10 0 0 3 5 2 1 12 2 4 1 0 26 1 1 1 1 1 0 0 1 45 0 0 19 0 0 0 0 0 3 8 2 2 1 2 0 0 0 1 6 1 29 27 24 20 15 13 8 0 0
0 1 6083 1 1763996 0 0 2 0 0 2 1 77 75 73 68 0 0 20 0 3 61 64 65 66 78 0 0 0 683 7 0 2 0 98 1 0 1 2 1 0 19 0 0 11 1 1 4 6 3 2 13 3 5 2 1 0 29 2 2 2 2 1 0 0 1 51 1 0 20 1 0 1 0 2 3 0 15 3 2 3 5 4 2 0 1 0 0 1 1 0 0 2 1 0 0
1 6078 1 0 2 1763991 3 0 0 0 0 0 0 0 0 0 13 0 6 34 47 0 0 4 6 1 1 0 0 33 727 0 5 0 99 0 0 5 2 1 0 21 1 12 2 2 5 7 4 3 14 4 6 3 2 1 0 33 3 0 6 2 1 0 0 0 0 53 1 30 8 5 2 1 0 0 0 1 20 3 16 5 4 3 2 0 0 0 0 0 0 0 1 0 0 0
6071 2 0 0 1 1763985 1 1 0 0 3 2 1 2 5 11 1 1 2 4 4 5 2 0 0 0 0 0 30 0 3 739 0 0 101 0 1 17 10 2 1 24 13 0 6 6 8 5 4 0 20 7 4 3 2 1 0 38 0 8 3 2 1 1 0 1 0 0 92 3 0 0 0 0 3 0 1 2 24 40 18 17 15 1 0 0 0 3 5 6 1 0 0 0 3 0
5 1 0 0 0 7 1763974 1 11 10 4 1 0 1 1 2 0 0 1 3 3 4 1 0 0 0 0 26 0 0 1 2 744 746 889 785 784 0 0 1 0 41 1 0 31 23 6 5 1 21 8 5 4 3 0 3 0 39 10 0 7 0 4 5 3 0 0 95 0 0 0 1 5 8 9 6 0 0 68 1 0 0 0 11 5 2 0 0 0 0 12 13 35 0 2 51
1 0 0 2 4 0 10 1763958 0 0 0 0 0 0 0 0 0 0 0 1 2 3 0 9 19 22 24 0 0 0 0 0 0 0 1639 0 0 761 0 0 0 42 34 32 0 0 6 2 22 9 0 11 4 0 1 5 0 51 1 8 1 5 6 0 0 0 0 96 1 0 0 0 0 0 0 18 0 90 19 18 0 0 0 3 0 0 0 0 0 0 0 18 0 39 42 0
12 0 1 0 1 8 0 8 1763935 0 0 0 0 0 0 0 1 0 0 1 2 1 8 0 6 0 0 0 1 0 0 0 0 1643 2 0 1 1 754 3 0 43 40 4 2 0 35 24 0 11 12 0 5 10 6 1 0 54 9 2 6 7 2 0 1 109 107 6 0 0 0 0 0 0 0 118 98 5 3 15 0 2 0 0 1 0 0 0 2 15 16 0 1 0 0 0
1 11 0 0 0 4 6 0 56 1763875 3 0 1 1 2 2 1 0 0 1 0 1 3 1 4 1 4 9 0 1 0 1652 1649 3 0 0 0 0 0 748 741 737 45 44 42 41 0 0 12 0 14 18 11 0 2 1 0 69 3 7 8 122 118 117 114 3 1 1 2 0 0 130 126 124 122 1 0 0 0 1 14 13 8 6 4 0 0 7 11 0 0 0 0 2 0 0
0 6 3 0 3 1 3 6 48 0 1763869 1763861 2 0 12 5 2 1 0 0 0 2 0 0 0 0 1 0 12 2 1657 2 0 0 0 0 0 0 4 0 2 1 603 0 0 0 3 0 14 0 34 0 5 3 2 2 0 79 8 9 124 0 0 2 1 0 0 0 0 0 0 132 0 0 0 0 0 0 0 0 0 0 0 0 1 0 0 3 2 0 5 7 0 10 20 22
2 2 2 1 0 2 2 2 47 0 5 3 1763851 15 0 1 0 0 0 0 1 0 2 3 0 0 0 1 5 1681 0 0 0 0 0 0 2 0 2 1 1 0 601 586 585 584 583 582 562 35 8 6 0 7 3 1 0 224 143 132 6 5 3 0 1 0 0 0 0 1 230 5 4 3 1 55 53 0 1 0 1 2 1 0 0 0 1 0 0 0 0 0 9 3 0 0
1 1 1 0 1 1 1 1 44 4 1 0 1 1763832 2 0 1 0 2 1 0 0 1 3 9 0 0 1 0 30 1714 1715 1724 1727 3 0 31 0 0 0 0 0 0 11 7 6 4 3 3 524 514 513 9 0 498 0 225 0 0 0 0 0 1 2 0 1 0 0 238 235 0 89 87 85 83 0 0 48 41 35 29 1 0 0 0 0 0 0 0 0 0 0 0 0 1 0
0 0 0 0 0 0 0 0 42 3 0 0 0 4 1763823 4 0 8 3 0 0 0 0 0 11 12 14 15 26 2 0 6 0 0 1732 33 0 25 2 1 0 0 0 0 0 0 1 0 2 2 1 0 501 500 0 494 267 266 263 261 260 258 256 253 249 247 244 241 1 0 0 0 0 0 24 0 0 4 2 0 0 23 2 0 0 2 6 0 2 3 6 3 1 0 0 0
0 0 0 1 5 9 10 26 41 2 0 0 1 0 0 1763816 10 0 0 0 0 0 0 0 1 0 1 2 9 1 2 0 0 0 1734 36 0 20 0 0 0 1 0 0 0 0 4 1 0 1 0 0 0 0 0 0 0 1 0 0 0 1 0 10 9 8 7 6 4 1 0 0 0 0 23 1 0 3 1 0 1 19 0 0 0 0 8 0 0 0 8 5 0 1 0 0
3 0 0 2 0 1 13 0 13 0 0 0 0 0 164 168 1763635 1763632 4 1 1 0 0 1 4 0 1 2 2 0 0 0 0 0 1773 0 0 0 17 7 6 4 0 1 1 6 0 0 0 3 2 0 6 3 1 1 0 2 1 1 2 0 11 4 3 2 1 0 0 1 0 2 5 11 2 8 0 1 0 1 13 0 0 0 2 0 9 2 0 0 0 16 3 0 0 0
0 0 0 0 0 0 11 5 6 0 0 3 158 161 0 2 1 0 1763625 1763618 1763614 2 0 0 5 0 0 0 0 0 0 0 0 1783 6 3 2 0 0 6 0 1 0 0 5 16 1 16 14 9 8 7 0 0 2 1 0 3 4 3 1 12 6 0 3 2 1 0 0 1 0 0 0 0 0 0 7 0 0 6 0 2 0 2 13 12 0 0 5 1 0 17 5 0 1 0
8 6 3 2 8 10 2 1 5 0 3 151 0 0 0 1 0 1 3 2 0 1763607 1763598 1763593 1763587 4 1 0 0 0 0 1792 1789 3 0 1 0 0 0 0 2 0 3 0 0 0 37 1 0 1 0 1 1 0 5 1 0 9 4 0 2 21 0 5 0 0 8 7 5 2 1 0 0 0 0 1 6 0 0 4 1 0 3 6 0 28 0 0 7 3 0 26 1 0 0 4
0 0 1 1 4 0 1 0 4 0 1 8 137 1 0 0 0 0 1 1 3 3 2 3 0 1763574 1763566 1763563 1763558 1798 1796 1 0 0 0 0 0 0 0 0 0 0 1 9 0 38 0 0 2 0 0 6 1 0 10 1 0 15 1 3 22 0 6 0 1 9 14 13 12 11 9 8 6 3 0 0 0 1 3 1 0 0 0 0 0 29 0 0 8 5 27 0 0 0 0 0
0 0 0 0 2 0 0 0 2 0 1 0 2 134 15 0 0 0 0 0 1 2 1 2 3 2 1 2 0 1761756 1 0 0 0 1 1 1 1 0 0 1 3 4 15 0 42 1 0 4 1 7 0 0 1 11 2 0 18 0 4 24 0 7 3 29 18 2 1 0 0 0 0 0 0 0 0 0 0 0 0 0 0 0 0 0 1 33 64 75 111 0 0 1 2 3 0
3 1 0 0 0 0 0 0 0 0 0 1 114 0 1 13 11 2 0 0 0 0 0 1 2 1 0 1 2 0 1761749 1761650 5 2 0 2 6 1 0 0 0 0 0 17 1 43 66 62 55 54 42 41 0 19 16 0 0 19 1 5 25 9 4 30 0 0 0 0 1 0 0 0 0 0 2 2 0 0 0 0 0 2 6 0 0 1 28 0 0 0 112 116 122 133 0 0
0 0 0 0 0 0 3 0 0 0 0 111 0 0 0 0 2 3 0 0 1 0 0 0 0 0 0 0 0 0 96 1 1761641 2 0 10 0 0 1 2 0 0 0 0 20 111 0 2 1 0 0 0 37 11 4 3 0 20 9 0 26 52 41 3 1 1 1 2 1 0 34 31 30 28 25 16 14 10 5 1 0 0 0 8 10 26 1 0 0 0 1 1 1 0 135 2
11 2 0 1 1 0 0 4 2 0 1 87 19 0 0 0 0 0 1 1 3 8 11 13 63 64 65 0 1 95 0 5 1 1761629 1761617 13 0 3 0 5 1 1 1 22 0 115 0 0 0 1 0 2 0 0 4 0 0 0 32 0 81 0 0 0 2 2 3 2 0 37 0 0 0 0 1 0 1 1 0 1 0 2 5 7 8 1 0 0 1 0 0 0 0 1 143 0
1 2 0 0 4 1 1 24 45 46 77 4 3 17 16 10 7 0 0 0 0 0 0 0 48 0 2 70 87 4 4 0 6 3 0 1761601 1761589 12 6 0 0 2 25 0 0 0 117 0 4 0 0 0 0 0 0 0 0 1 2 37 82 0 2 0 6 4 3 1 38 0 1 1 0 0 0 0 0 0 0 0 0 0 0 0 0 0 0 0 6 11 13 14 19 20 166 0
0 0 0 4 12 16 21 1 9 1 26 0 2 2 1 1 1 6 0 1 0 0 22 25 21 0 0 15 2 0 3 5 1 0 3 6 0 1761574 1761567 1761563 1761558 1761552 28 0 0 2 126 7 0 1 0 0 0 0 0 1 2 3 4 5 127 1 3 0 85 10 4 41 1 2 2 1 0 2 0 0 0 0 0 0 1 3 0 0 0 7 0 0 0 2 0 0 2 0 168 1
0 0 0 1 0 2 1 0 8 0 24 0 1 1 0 0 0 5 1 5 13 20 1 0 19 0 12 1 0 0 2 4 0 2 2 2 1 3 2 2 3 0 1761518 1761515 1761513 131 0 0 0 3 0 5 3 0 0 1 3 5 7 8 13 145 4 87 0 65 46 45 2 6 2 1 0 4 1 0 0 2 6 4 2 4 1 12 9 0 2 1 0 1 0 0 0 0 0 180
2 1 0 0 0 0 0 0 7 9 3 9 0 0 0 0 4 0 2 4 2 1 0 0 18 5 3 0 0 1 2 0 1 1 1 0 0 1 1 1 2 0 0 0 0 1761378 1761171 1761170 7 1 6 0 0 0 1 0 0 0 0 3 0 0 153 89 0 0 16 1 0 7 14 2 1 5 2 1 4 7 0 0 0 0 20 0 0 0 0 0 0 0 0 0 0 0 2 185
7 1 0 0 0 0 0 4 0 8 0 1 7 5 3 0 1 1 0 2 1 0 0 14 1 4 0 1 0 0 0 0 0 0 0 0 0 0 0 0 0 0 0 0 0 205 0 0 1761159 1761155 10 1 1 2 0 0 0 0 0 0 0 0 0 244 0 0 6 6 0 0 4 21 25 36 3 7 8 1 0 1 1 0 1 23 0 2 0 1 1 1 1 1 0 1 3 186
0 0 0 1 2 0 0 1 0 6 0 0 0 0 1 0 0 0 0 0 0 5 7 4 0 2 0 0 0 0 0 0 0 0 0 1 3 0 0 0 0 0 193 196 198 3 0 0 1 1 1761141 1761138 8 5 0 1 1 3 0 0 0 0 0 248 0 0 4 1 2 0 1 0 0 0 38 18 9 2 1 2 2 1 2 24 1 3 1 2 2 2 2 2 1 0 0 193
0 1 3 11 8 3 1 0 0 0 4 3 2 1 0 0 0 1 2 3 4 0 0 0 1 0 0 0 1 3 6 8 9 11 13 15 16 21 24 177 182 184 4 0 0 0 0 0 0 0 0 0 1761128 1759371 5 2 0 4 0 1 3 0 0 250 0 2 0 0 0 0 0 0 1 0 39 71 51 50 46 43 39 35 32 28 2 15 10 7 3 15 11 7 3 0 0 0
0 0 76 59 58 0 0 0 0 0 0 0 0 0 0 0 0 0 0 0 0 0 0 0 0 0 0 1 2 3 4 5 6 7 0 0 0 0 150 0 2 0 2 0 1 8 10 11 12 0 0 1744 9 0 1759363 1759357 1759354 7 0 2 4 0 0 251 0 1 0 0 0 0 0 0 2 1 40 90 0 7 6 5 4 1 0 0 0 16 0 0 0 16 0 0 0 0 0 0
0 84 5 4 0 56 52 48 38 36 1 6 4 1 0 1 1 0 1 1 1 1 5 1 0 0 0 0 0 0 0 0 0 0 9 136 140 144 3 0 1 0 0 0 3 1 0 0 0 15 1742 0 1 6 4 1 0 1759343 1759305 1759296 7 0 253 0 0 1 6 0 2 0 0 2 3 2 133 0 15 4 3 0 0 0 2 1 1 17 1 1 1 17 1 1 1 1 1 0
85 1 0 0 1 2 1 1 5 19 11 2 0 0 0 1 4 27 33 38 43 47 48 58 1 1 3 1 97 100 104 0 2 120 134 0 1 1 0 0 0 0 1 2 0 0 0 0 2 1723 4 0 0 5 3 0 29 6 7 0 1759283 1759278 256 0 0 0 0 12 3 3 0 3 4 137 0 0 0 0 0 0 0 4 0 0 20 0 2 2 2 20 0 2 2 4 0 0
5 2 1 0 0 1 0 0 4 1 16 0 0 0 2 18 25 2 1 2 0 0 0 0 78 79 91 93 1 0 0 111 113 0 0 0 0 0 0 0 0 0 0 0 0 0 2 0 1711 1 0 3 4 0 1 9 18 5 6 0 2 7 1759012 2 0 1 14 0 0 4 0 7 13 153 0 0 0 0 0 0 1 5 1 21 0 0 7 0 3 21 1 3 3 5 0 258
26 23 2 1 0 0 0 1 1 0 15 5 0 0 5 5 0 1 0 1 1 5 6 9 15 3 2 0 0 1 4 0 0 1 0 0 0 0 0 1 1 2 201 204 207 210 214 1704 1 2 0 2 3 0 3 4 17 4 5 1 6 0 0 1759006 1758963 19 1 0 0 6 0 0 0 0 1758652 1758496 1758494 1758488 1758485 1758481 1758478 1758473 25 0 1 9 1 4 0 0 22 291 284 279 271 9
2 1 19 0 0 0 0 0 0 0 4 2 3 1 2 1 2 0 0 0 0 1 1 2 1 2 0 0 0 0 0 0 0 0 4 2 0 0 181 188 192 195 0 0 0 0 0 1488 0 0 1 1 2 2 3 4 11 3 4 0 5 16 34 6 0 1758941 1 1 0 7 0 0 0 1758658 2 0 3 0 1 0 1 0 1758439 1758437 13 0 2 0 328 321 319 2 0 0 0 0
0 0 0 17 16 12 7 4 0 2 0 1 2 0 1 0 0 0 0 0 0 0 0 0 0 0 0 0 0 0 0 0 143 153 157 164 173 177 2 0 0 0 0 0 0 0 1253 231 0 0 0 0 1 1 2 3 10 2 3 2 1 15 16 5 0 6 1758931 1758929 10 0 0 1758673 1758670 9 4 0 0 1 0 0 0 0 0 0 1758422 1758047 1758046 1758040 1 0 0 0 0 0 0 0
6 4 2 1 1 2 0 0 0 0 0 0 0 0 0 0 0 0 0 1 1 0 0 0 0 0 0 0 127 130 133 140 7 0 2 0 3 2 0 0 0 0 0 0 1246 1251 8 1 218 0 0 0 0 0 1 2 9 1 2 1 0 14 15 4 0 3 0 0 1758914 1758697 1758696 20 0 2 0 3 0 0 0 0 0 2 268 270 101 0 1 0 1757706 1757703 1757701 2 0 1 2 1
0 0 0 0 0 0 0 0 0 0 0 0 0 0 0 0 1 1 2 0 2 2 52 57 107 112 115 118 4 0 0 4 3 2 1 0 1 1 0 0 0 3 1239 1242 2 0 7 0 3 211 3 0 0 0 0 0 8 0 1 0 0 12 14 3 2 0 0 0 0 214 0 0 17 0 0 0 0 0 0 2 254 264 0 0 1 97 0 0 0 0 1 1757695 1757676 1757674 7 1
0 0 0 0 0 0 0 1 1 1 1 1 1 1 1 0 1 2 23 28 41 47 1 45 1 2 0 1 1 1 0 2 2 1 0 0 0 0 0 1 1 1237 4 1 0 0 6 1 0 0 205 8 5 4 0 0 6 0 0 0 11 13 1 0 1 2 5 201 205 6 0 4 16 0 1 2 3 4 27 249 0 0 6 0 0 2 93 1 0 0 0 16 0 1 1757661 1757647
854 4 1 0 1 1 1 2 2 2 2 18 13 10 2 1 10 14 3 1 5 4 0 44 0 0 0 0 0 0 0 0 1 0 0 1 2 0 1 1208 1210 14 1 3 0 0 4 0 0 1 193 0 0 0 1 0 5 2 3 9 6 5 0 0 1 2 192 0 2 1 2 3 10 4 7 10 14 18 0 219 0 0 0 3 1 1 1 88 2 4 12 2 0 0 11 3
1 846 60 58 56 52 48 44 39 33 24 2 1 1 2 2 2 2 2 0 4 3 0 5 36 28 26 0 0 0 0 0 0 0 0 0 0 3 1199 2 0 9 1 0 2 1 1 0 2 189 0 0 1 0 0 1 1 1 0 2 5 3 0 0 1 0 188 0 1 0 1 2 9 3 1 1 2 2 0 4 212 0 0 0 0 0 0 87 1 0 6 0 0 10 2 10
0 784 0 0 0 0 0 0 1 1 1 1 0 0 1 1 1 1 1 1 1 2 2 1 6 0 1 22 11 3 0 0 0 3 7 8 23 1192 0 0 0 4 3 0 1 0 0 0 0 1 183 3 0 0 0 0 0 0 1 2 1 0 1 0 0 0 185 1 0 0 1 3 4 2 0 0 1 1 1 0 201 7 0 0 0 0 0 86 0 3 0 0 9 1 8 0
34 781 0 0 0 0 0 0 0 0 0 0 0 0 0 0 0 0 0 0 0 1 1 0 5 0 7 1 1 2 0 1 0 0 9 12 0 1164 1 0 0 3 1 0 0 0 0 0 0 1 176 11 9 6 3 1 0 0 0 0 0 0 0 0 0 172 8 1 0 0 2 1 1 0 0 0 0 0 0 0 200 4 0 2 7 11 14 69 0 2 0 5 2 0 7 1
1 4 739 0 1 2 1 0 0 0 0 0 1 1 0 0 0 0 0 0 0 0 0 1 2 3 2 0 0 1 1 3 7 8 0 0 0 0 1160 6 0 2 0 0 0 1 4 35 1 154 1 6 0 0 0 0 0 0 0 0 0 0 0 1 166 2 0 4 0 0 0 0 0 0 0 0 0 0 0 195 2 0 1 1 1 1 1 65 1 1 1 3 1 2 0 0
0 0 10 725 715 6 0 1 1 3 1 22 20 17 14 12 9 8 6 3 1 0 0 0 0 2 0 0 0 0 0 0 0 0 0 0 0 1151 0 3 0 0 0 0 2 3 34 0 41 109 0 0 5 4 3 2 0 0 2 4 7 1 0 158 3 0 0 3 0 1 2 0 0 0 1 4 162 175 188 3 0 0 0 0 0 0 0 64 0 0 0 0 0 0 0 0
3 7 1 8 0 704 697 695 6 0 113 89 87 84 82 1 0 0 0 0 0 0 0 0 0 1 0 0 0 0 0 0 0 2 1126 1130 1134 1149 5 0 0 0 0 8 11 12 24 1 1 79 27 26 24 6 5 4 2 2 3 5 0 11 143 155 5 2 0 2 0 1 0 5 144 147 150 154 0 10 11 1 0 1 2 9 10 14 26 63 1 1 4 5 12 19 25 30
