code/mhm/set_up/GrosseRoeder3_0p0625/mhm_setup/morph/facc.asc
ncols                328
nrows                160
xllcorner            13.46875
yllcorner            51.046875
cellsize             0.001953125
nodata_value         -9999
[rows 0 to 71 of 160, columns 0 to 95 of 328]
0 0 0 2 0 0 0 4 26518 0 1 6 10 0 0 0 29 379 0 0 0 0 0 0 0 0 0 0 0 0 0 0 0 1 3 15 0 6 0 1 1 9 13 11 9 0 179 0 1 0 1 1 15 13 0 0 3 3 1 1 0 3 82 1 0 0 1 14 192 2 0 11 8 7 5 0 4 3 2 0 2 0 0 3 0 4 43 22 19 18 4 1 0 0 1 4
2 1 1 5 1 0 0 1 5 26509 0 0 2 17 21 25 2 377 1 1 0 0 0 0 0 0 0 0 0 0 0 1 0 0 22 0 1 251 242 241 0 24 0 0 0 180 0 1 0 0 0 0 0 1 9 7 1 1 6 13 15 17 19 104 0 0 1 212 1 0 0 0 0 0 0 2 1 0 0 0 0 5 0 0 57 46 1 0 0 0 10 2 0 0 1 2
1 3 4 6 3 1 0 0 4 26505 0 0 0 2 1 1 1 1 372 366 356 0 1 2 0 1 0 1 8 5 2 0 0 295 267 264 263 4 1 0 234 232 203 190 187 186 3 0 0 1 0 0 0 0 0 0 0 0 0 0 0 0 0 0 107 1 217 1 0 1 0 0 0 0 0 0 0 1 1 0 0 91 81 80 2 1 0 0 0 0 0 4 3 0 0 0
226 232 234 254 0 0 0 0 1 26503 0 0 0 0 0 0 0 0 2 5 1 353 350 343 340 335 330 326 312 308 306 304 301 1 1 0 2 0 1 0 0 0 0 11 7 6 5 4 2 0 1 1 1 0 0 0 0 0 0 0 0 0 0 0 0 658 329 328 326 317 314 8 7 5 3 0 1 103 98 96 94 0 0 0 16 8 3 2 0 0 0 1 0 1 0 0
0 0 0 1 257 0 0 0 0 26501 2 0 0 0 0 0 0 1 1 2 0 1 0 1 2 1 1 1 2 0 0 0 0 0 0 0 0 0 0 0 0 0 0 0 1 0 0 0 0 1 4 0 2 0 2 0 1 0 2 1 2 0 0 1 672 9 8 3 0 7 3 302 300 299 296 292 290 1 0 0 0 0 0 1 1 2 3 2 0 2 2 0 3 2 1 0
0 0 0 0 261 1 0 0 0 26496 0 0 3 1 8 5 1 0 0 0 0 0 0 0 0 0 0 0 0 0 0 0 0 2 1 0 0 0 0 1 1 1 1 0 0 29 28 23 22 15 9 8 2 1 5 0 2 1 3 0 5 1 0 677 0 0 2 0 2 1 0 2 0 1 2 0 1 179 177 173 1 0 0 0 0 0 1 0 9 8 1 4 0 0 0 0
6 8 0 0 262 2 0 1 2 26493 0 0 0 17 0 0 0 0 0 1 0 0 0 0 0 0 0 0 0 1 0 2 3 0 0 1 0 0 1 3 2 2 38 34 32 1 0 1 0 2 1 0 0 6 0 0 4 2 0 5 6 0 688 6 0 2 1 1 0 0 0 0 0 0 0 0 0 0 0 0 169 168 142 140 0 135 12 11 0 0 10 8 2 1 1 0
3 1 15 20 284 4 0 0 0 26488 0 0 0 23 0 0 0 0 0 3 0 1 1 2 0 0 2 1 1 2 1 3 4 2 2 0 0 2 2 7 0 43 0 0 0 0 0 1 0 2 1 0 8 0 1 0 5 0 4 0 6 945 247 0 4 0 0 0 0 0 0 0 0 0 0 0 9 6 5 3 0 0 23 0 136 0 121 115 113 111 98 91 88 85 69 66
0 3 0 0 0 294 2 0 0 26485 0 0 1 0 24 26 1 0 1683 1680 1675 1667 1659 1654 1645 1642 1637 1630 5 0 1586 1583 1578 1556 1551 6 3 3 0 9 0 44 1 1 1 0 4 0 4 0 0 9 0 2 0 0 7 1 0 5 962 7 3 245 2 1 0 0 0 0 2 29 25 24 18 15 0 1 0 0 1 0 1 18 12 1 4 0 0 0 5 1 1 9 0 0
0 1 1 2 3 4 300 0 0 26482 0 1 0 0 0 0 1727 1697 11 0 5 4 1 4 0 2 2 0 1620 1617 5 0 15 0 0 1539 1528 1526 1512 1507 1494 1482 1431 6 1 5 0 5 0 0 11 0 4 0 0 2 0 991 980 978 7 1 0 2 241 0 3 0 1 38 33 1 0 1 0 0 3 2 1 0 0 0 0 3 0 8 0 3 1 2 1 0 0 2 5 3
0 0 0 2 4 5 6 308 26478 1 0 0 3 1 0 1733 2 0 6 2 4 3 0 2 0 1 1 0 0 22 0 2 12 1 8 0 0 8 2 1 9 4 0 1420 8 1 6 1 0 1 12 1 0 1035 1028 1026 1016 21 7 0 0 5 0 1 3 235 47 46 45 1 0 0 0 0 0 0 0 0 0 2 0 0 0 2 0 0 6 0 0 0 0 0 0 0 0 0
0 0 0 0 0 0 0 0 26166 0 0 0 1768 1762 1759 21 0 0 5 1 0 2 2 0 0 0 0 6 15 4 0 1 11 0 3 3 6 0 1 0 8 3 0 1 1407 1101 1100 1092 1089 1086 1078 1061 1055 5 0 5 0 7 4 6 2 0 4 0 2 0 181 1 0 1 0 0 0 1 0 1 9 6 4 0 9 7 5 1 0 0 0 3 0 0 0 0 0 0 0 0
0 2 0 0 0 4 0 0 26163 0 1791 1789 18 0 1 0 18 8 6 4 0 0 0 1 0 0 5 1 4 0 3 0 9 0 2 2 4 0 0 1 5 2 0 2 0 300 212 0 0 4 2 2 11 2 0 3 0 3 2 3 2 0 2 0 1 3 29 148 142 0 1 0 1 2 1 53 40 18 17 16 3 1 1 0 0 0 0 0 0 0 4 0 2 0 1 2
24 28 29 32 1 6 0 0 3 26157 1 0 1 14 0 0 1 6 0 5 3 1 0 0 1 3 0 0 2 0 0 1 8 0 1 1 1 1 0 1 2 1 0 0 0 85 209 0 3 0 0 1 2 7 1 0 1 2 1 1 0 1 1 0 2 23 0 2 1 140 81 79 75 73 60 1 0 19 0 0 0 0 0 0 0 3 0 0 1 6 0 9 8 2 0 7
0 0 1 2 38 8 0 0 0 0 24360 0 0 10 1 0 0 0 4 2 1 0 0 0 0 3 2 1 0 1 0 0 1 4 0 0 0 0 0 0 0 0 0 1 83 0 0 208 0 1 0 0 1 0 5 0 0 0 0 0 0 0 0 0 0 22 0 0 0 4 50 0 0 8 0 0 0 0 16 4 3 2 1 0 0 0 5 11 0 21 12 1 0 0 0 10
6 11 12 15 16 66 0 0 0 0 24358 0 1 9 5 2 1 0 3 1 0 0 1 1 1 5 0 6 0 2 1 0 0 0 2 0 0 0 2 4 0 0 0 0 79 5 2 0 207 12 0 1 0 0 4 1 0 0 0 0 1 0 0 1 2 8 12 1 0 3 49 1 0 7 5 2 0 0 10 2 1 0 0 0 0 0 1 13 0 23 0 0 0 0 0 25
2 0 0 0 0 1 69 71 73 0 24355 0 0 0 0 0 0 0 1 0 0 1 2 2 8 0 7 0 4 0 0 0 0 2 0 0 1 0 0 0 18 19 33 35 33 1 1 0 193 0 9 1 0 0 0 0 0 2 0 3 0 0 1 0 0 3 5 3 0 1 1 44 0 0 0 0 0 0 0 3 2 1 0 1 1 0 16 0 0 66 41 40 1 0 29 0
0 1 2 3 4 5 12 13 0 157 24195 0 0 0 0 0 0 0 0 0 0 6 0 12 0 9 3 1 0 3 1 0 0 4 0 0 2 0 1 5 4 0 9 0 8 23 0 0 192 0 0 2 1 0 0 0 1 4 0 5 1 0 3 0 1 0 4 0 1 0 0 41 0 0 0 0 0 0 0 0 0 0 3 0 0 3 17 2 67 0 0 0 35 34 0 0
0 0 1 2 3 5 0 0 15 80 24193 0 1 1 1 1 1 1 1 1 1 7 0 15 0 14 0 0 4 0 1 1 0 5 0 1 3 0 2 1 1 1 5 0 6 0 22 0 4 186 0 0 1 2 0 1 2 19 13 11 0 6 0 2 1 0 0 2 0 0 0 0 38 36 25 22 19 15 3 0 1 1 5 0 0 1 97 72 0 2 1 1 0 0 0 0
1 3 4 5 46 47 48 49 62 0 2 24188 0 7 2 0 4 0 2 4 0 8 0 18 0 16 0 1 5 3 2 0 7 1 0 6 0 0 0 0 0 0 2 1 1 3 0 20 3 3 180 8 6 0 0 5 20 0 0 0 0 13 5 1 0 0 1 0 0 0 0 0 0 3 4 0 0 1 9 2 0 0 8 1 1 0 98 0 0 5 5 2 1 0 1 0
25 0 1 38 0 4 7 11 0 0 0 24173 10 0 0 0 6 1 0 268 1 0 226 196 195 192 162 149 140 139 130 13 11 0 10 1 1 0 1 0 0 0 0 0 0 0 0 19 2 2 10 159 31 30 29 21 0 2 0 0 0 14 1 0 0 2 0 0 0 1 5 1 0 1 0 3 2 1 0 5 0 10 0 0 2 6 7 109 1 13 0 0 0 0 2 0
1 33 34 0 0 2 1 0 0 0 0 24172 0 0 0 2 283 275 271 0 256 240 11 1 0 9 0 11 0 3 0 111 101 78 63 62 57 2 0 1 0 0 0 0 0 0 0 18 1 1 9 9 116 83 82 81 80 78 2 0 0 19 0 1 3 2 0 2 2 6 0 0 0 0 0 0 1 0 0 0 1 0 16 18 0 0 0 0 112 17 2 0 1 1 4 0
4 0 0 0 0 0 0 0 1 0 23708 461 0 0 293 291 0 0 0 1 14 0 8 0 0 8 0 8 0 1 0 8 0 20 2 0 0 52 45 44 33 28 8 6 4 0 6 10 0 0 8 8 2 28 2 1 0 0 69 65 64 42 41 40 4 0 20 19 15 2 0 1 0 0 2 4 1 0 0 0 0 0 1 0 20 24 0 0 113 18 0 0 4 5 0 1
1 3 6 8 10 0 0 0 0 23697 7 0 459 299 3 1 2 0 0 1 3 4 0 5 0 5 0 7 5 3 0 6 0 0 18 1 0 1 1 7 2 14 1 0 1 0 3 9 0 0 7 7 1 4 19 18 10 9 6 2 1 0 0 0 27 26 4 3 0 1 0 2 1 17 12 6 5 4 2 0 0 0 0 1 3 5 34 35 153 175 0 1 5 6 1 2
0 0 262 266 268 281 282 285 23672 20 0 5 0 158 0 0 0 0 0 0 1 1 1 2 0 2 1 0 0 0 1 1 3 0 17 0 0 0 0 6 1 2 10 0 0 0 0 7 0 3 1 6 0 3 0 2 3 0 0 5 4 3 1 0 0 0 0 0 1 0 0 6 0 18 0 0 1 0 0 0 1 0 0 0 0 0 0 0 0 0 176 3 208 193 185 4
0 259 0 2 0 0 0 23384 0 5 12 0 2 156 0 2 1 0 0 0 0 0 0 0 0 0 0 0 0 0 0 0 0 0 15 11 10 2 1 5 0 0 0 9 5 0 2 0 2 1 0 5 0 0 0 1 0 2 1 0 0 0 0 1 1 0 3 0 0 1 0 7 0 26 5 3 0 1 0 1 0 2 2 0 0 0 0 0 0 0 0 393 0 7 0 174
247 257 0 0 0 0 0 23381 0 4 11 0 0 4 149 1 0 1 0 1 0 0 0 0 0 0 0 1 0 2 0 0 1 0 1 0 1 4 0 0 4 2 0 1 2 0 1 0 0 0 0 0 1 0 0 2 0 0 0 0 2 0 1 4 6 4 0 1 0 2 9 1 0 27 0 0 0 2 3 0 1 6 0 0 2 0 2 1 1 1 397 1 1 4 0 13
6 0 0 0 0 2 23374 4 0 3 0 9 2 0 0 142 127 118 109 108 94 1 0 3 0 0 11 8 4 0 0 3 0 0 0 0 0 0 1 0 0 0 0 0 0 0 0 0 0 0 0 0 0 0 0 3 0 2 0 0 4 3 0 12 0 1 0 0 6 0 13 0 1 28 1 2 0 7 1 0 11 1 0 0 1 5 7 13 2 401 0 0 0 0 2 12
5 0 1 0 2 23369 9 0 1 2 2 5 0 0 1 11 7 2 1 6 2 90 81 71 62 61 44 42 18 17 12 11 5 3 0 0 0 1 0 0 0 0 0 0 0 0 1 2 7 0 2 7 0 0 6 0 1 3 1 35 33 22 20 18 2 0 0 2 24 15 0 73 72 68 35 30 27 18 15 13 0 0 2 1 0 0 0 0 422 2 1 0 0 1 0 1
0 2 3 7 23353 1 1 8 0 1 1 2 1 0 8 1 6 1 0 5 1 7 3 1 5 2 0 1 20 0 1 0 2 1 0 2 2 0 0 1 1 2 1 0 0 1 0 0 0 8 0 8 0 1 0 58 46 45 40 1 0 0 0 0 0 0 2 110 0 0 74 0 0 0 0 0 0 6 5 3 0 0 1 3 2 2 1 432 6 5 2 1 2 0 0 0
0 0 0 23341 0 0 0 0 7 0 0 1 0 6 0 0 5 0 3 0 0 6 2 0 4 0 0 0 0 18 6 5 1 0 0 0 9 1 1 0 5 3 11 8 5 2 0 0 1 2 12 23 1 2 0 60 0 0 0 0 0 0 0 0 1 1 115 0 80 78 2 0 0 3 1 0 8 0 0 0 0 0 1 4 12 3 436 0 0 0 0 9 8 3 1 0
0 0 23330 8 6 4 2 0 1 4 0 0 0 5 0 0 4 0 2 0 3 5 1 0 3 0 1 0 0 0 9 7 3 1 0 0 11 0 2 0 0 10 12 0 0 0 0 0 0 0 0 24 2 3 0 61 0 19020 19017 19015 19012 19009 3 0 2 118 0 0 0 0 0 1 0 4 0 0 11 1 0 0 1 2 0 1 15 4 438 0 0 0 0 10 0 0 1 0
7 23323 3 0 0 0 0 0 0 0 1 0 0 0 0 0 0 0 0 0 0 0 0 0 0 0 3 0 4 0 0 2 0 0 0 0 0 12 5 0 1 0 25 0 2 1 0 0 1 19150 19147 19145 19118 19113 19106 19101 19037 12 0 0 0 0 19002 18995 123 0 2 0 1 5 3 0 1 5 1 13 1 0 0 0 0 0 3 0 16 444 0 0 1 1 12 0 1 4 0 1
23313 0 0 0 0 0 0 0 0 0 0 0 0 0 0 0 0 0 0 0 0 0 0 0 1 2 3 4 8 2 1 0 0 0 3 19875 19873 19867 19846 19827 19824 19200 19198 19171 19169 19165 19162 19160 19158 3 0 0 0 1 2 0 1 3 6 5 0 0 4 0 18869 18865 7 2 7 0 35 33 30 29 22 19 2 1 0 0 2 0 5 1 17 446 0 1 2 15 0 3 5 0 0 2
0 0 0 0 23224 23222 23220 23217 3 0 1 1 1 1 1 0 23043 23040 23038 23033 3 0 1 0 0 0 0 4 16 1 0 0 0 0 19881 0 3 6 11 0 0 619 610 606 602 2 1 0 0 0 0 1 0 0 1 0 0 1 0 0 2 0 3 0 1 0 18855 9 0 0 40 3 2 1 0 0 0 0 0 2 3838 3834 3831 3822 3817 3797 3342 3339 3335 3320 6 0 6 1 1 3
23271 23269 23250 23232 4 0 0 3 23207 23138 23072 23068 23064 23060 23055 23051 4 0 2 0 23026 22735 22732 22728 3 0 0 23 0 0 0 0 0 19887 2 0 2 5 4 5 3 3 2 2 0 597 594 590 1 0 2 0 0 0 0 1 0 0 0 0 0 0 0 0 0 0 0 18842 18839 18837 0 0 0 0 0 0 18761 18758 3845 3843 0 0 1 1 0 6 0 0 10 0 3295 3277 3275 5 0 10
0 16 15 0 0 1 2 0 66 64 0 0 0 1 0 0 0 1 1 9 279 1 0 0 22721 22716 22712 19935 19910 19908 19906 19902 19899 6 1 0 1 4 3 4 2 2 1 1 0 0 2 1 585 0 0 399 394 392 4 0 0 0 1 1 0 0 0 0 0 0 0 0 0 0 18792 18790 18787 18784 18781 18778 13 1 14908 1 0 0 0 0 0 0 3 0 9 4 11 0 1 3259 3254 3243
14 0 13 0 0 0 0 14 50 1 61 46 0 0 0 0 0 0 7 0 267 10 0 0 2 2 0 2773 1 0 1 0 2 0 2 0 0 3 2 3 1 1 0 0 0 1 0 0 151 431 418 15 0 0 384 377 333 331 329 326 321 318 314 4 1 0 0 0 0 0 0 0 0 0 0 0 12 0 0 14904 2 0 6 5 4 0 0 0 8 3 10 0 2 0 9 0
13 2 8 0 5 6 13 5 43 0 7 5 44 28 27 5 0 0 5 0 266 3 5 2 1 1 1 0 2767 0 0 0 0 0 0 0 0 1 1 2 0 0 0 1 2 3 21 148 0 11 0 4 8 0 4 0 41 30 2 1 0 1 0 306 2 0 0 247 244 2 0 6 5 3 0 0 11 0 0 0 14898 8 0 1 0 1 1 3 3 2 9 0 0 0 5 2
0 0 7 0 3 5 3 0 42 3 2 4 1 12 18 0 2 3 0 0 263 2 1 1 0 0 0 2 36 2728 2 1 0 0 0 0 0 0 0 0 0 0 1 2 3 12 3 125 0 5 3 3 1 5 3 4 4 3 22 1 0 0 2 0 298 264 257 6 0 238 8 0 0 0 0 1 1 4 0 0 0 14886 14883 0 0 0 0 0 2 1 7 4 3 0 4 1
3 3 2 2 2 1 2 0 40 2 1 3 0 11 15 1 1 2 0 216 45 0 0 0 0 0 1 30 1 2723 0 2 1 0 2 1 0 0 0 0 0 0 1 4 7 1 0 124 1 2 2 2 0 4 2 3 3 2 3 17 0 0 0 5 26 5 0 0 4 2 225 0 0 0 0 0 0 0 1 0 0 0 14879 0 0 0 0 0 0 0 0 0 0 1 2 0
2 2 1 1 1 0 1 10 28 1 0 2 1 8 14 0 0 1 0 213 44 0 0 0 2 3 29 0 0 4 2716 3 2 0 5 0 1 1 1 1 1 0 1 0 0 0 122 0 0 1 1 1 1 1 1 2 2 1 2 5 10 0 4 16 8 1 2 3 1 0 6 216 210 209 203 0 0 0 1 0 0 0 14877 14873 14871 3 0 0 0 0 0 1 0 0 1 0
1 1 0 0 0 0 7 1 27 0 1 0 7 0 11 0 0 0 1 210 42 1 0 0 0 0 23 0 1 0 2708 0 0 40 39 26 22 19 15 4 0 0 1 2 3 121 1 0 0 0 0 0 0 0 0 1 1 0 1 4 9 1 0 15 7 0 1 2 0 2 1 1 1 1 0 201 18 16 12 2 0 0 0 0 0 14864 14207 14205 14202 14198 3 0 0 0 0 0
0 0 0 0 1 6 0 0 25 0 0 6 2 7 1 0 1 3 208 0 1 37 30 2 0 21 0 0 7 8 2706 62 59 1 0 3 0 1 0 7 0 0 2 3 29 0 88 1 0 0 0 0 0 0 0 0 0 0 1 1 8 0 11 2 1 4 0 1 0 0 0 0 0 0 0 0 179 4 0 8 1 0 0 0 651 3 0 0 1 0 14191 14185 14178 14175 14172 14167
0 3 2 0 3 0 2 8 15 0 4 1 1 1 0 0 0 196 1 4 0 5 0 23 0 20 0 5 0 0 2633 0 0 15 0 0 1 0 0 0 3 0 1 7 0 10 85 3 1 4 2 0 2 0 4 2 0 0 0 4 2 1 8 1 0 2 0 0 0 1 13 82 86 87 89 162 10 1 0 1 3 2 5 10 639 2 1 0 0 0 3 4 0 0 2 0
8 1 0 1 1 0 1 4 14 1 0 0 0 0 0 1 135 59 0 1 1 1 2 0 21 19 1 1 0 5 2625 0 0 0 14 11 10 3 1 0 1 0 0 3 0 8 2 77 6 0 0 0 4 10 4 2 0 1 3 1 0 5 1 0 0 0 4 6 8 10 1 65 2 0 1 69 2 6 0 0 2 1 0 2 638 0 514 513 0 0 0 0 3 1 1 1
0 1 0 0 0 0 0 0 13 0 0 1 2 3 4 5 126 57 0 0 0 0 0 0 20 18 0 0 0 0 5 2617 1 0 0 0 0 4 0 0 0 0 1 0 7 0 0 44 24 23 22 19 13 1 0 0 1 0 0 0 4 0 0 1 2 3 0 0 0 0 0 63 1 0 23 44 0 0 5 0 0 0 0 0 78 557 1 0 511 2 1 0 0 0 0 0
0 1 0 0 1 2 5 10 12 1 2 3 73 102 108 113 125 56 21 4 0 0 3 7 19 17 1 1 2 4 2 22 2590 0 0 4 3 0 3 1 1 2 4 6 0 1 3 43 26 24 22 0 2 1 0 0 0 0 0 1 3 0 1 2 11 15 0 1 2 3 5 62 0 0 22 43 0 1 4 0 0 1 2 3 77 39 1 0 2 504 1 0 1 0 0 0
2 1 0 0 0 1 2 0 0 0 64 68 27 3 0 3 10 26 6 15 2 0 1 2 10 14 0 0 0 1 0 18 2587 7 5 0 0 0 0 0 0 0 0 0 0 0 0 9 0 0 0 20 13 11 1 1 0 0 0 0 0 0 2 7 2 0 18 20 0 0 0 55 13 17 2 40 0 0 0 2 5 6 23 25 46 0 35 0 1 6 494 4 1 0 1 1
3 0 0 1 0 0 0 2 50 63 0 1 26 2 0 1 9 25 5 0 13 0 0 1 9 4 8 1 0 1 4 11 0 2577 1 0 0 0 0 0 0 0 0 0 1 1 1 0 8 7 5 0 2 0 8 3 0 2 1 0 0 0 0 2 1 0 0 3 43 44 53 4 7 2 1 14 24 0 0 0 1 12 2 0 45 1 16 16 0 5 4 483 26 23 22 3
55 49 45 35 10 4 1 11 34 11 0 23 1 1 0 7 0 24 3 0 10 1 0 0 7 3 5 0 0 1 4 5 2 0 2570 4 1 1 0 0 2 0 1 1 3 5 0 2 1 0 2 0 0 0 0 0 0 0 6 2 0 0 0 0 0 0 2 13 2 3 3 3 6 1 0 13 9 12 0 0 0 10 1 26 15 0 1 13 15 4 3 455 0 1 0 13
4 2 5 22 4 3 0 10 33 8 1 22 0 0 3 2 22 0 2 2 2 3 0 4 1 2 3 0 0 3 2 1 1 2 0 2560 4 1 0 0 4 0 3 2 4 6 7 2 0 0 0 0 0 0 0 0 0 0 7 3 2 0 0 0 0 0 9 2 1 2 2 2 5 0 7 4 8 6 3 1 9 0 15 9 2 11 0 12 14 3 2 2 450 448 279 278
3 1 4 21 3 2 9 4 27 7 0 16 4 0 1 1 0 20 1 1 1 1 0 3 0 1 1 0 2 1 0 0 0 0 0 0 2552 1 0 1 5 1 4 3 5 16 0 0 0 0 0 0 0 988 985 983 2 8 0 7 0 1 1 1 3 1 8 1 0 1 1 1 4 0 5 3 7 5 2 0 6 11 2 8 1 10 0 10 13 2 1 1 0 5 161 9
2 0 3 20 2 1 8 3 26 6 9 2 2 3 0 0 15 3 0 0 0 0 0 0 0 0 0 0 0 0 0 0 0 0 0 5 1 2541 10 6 2 0 5 4 24 0 4 3 1 0 0 3 994 3 0 0 977 974 962 959 946 4 0 6 1 0 0 7 0 0 0 0 3 0 3 2 6 4 1 4 0 10 1 7 0 9 5 3 12 1 0 0 3 0 150 1
1 2 16 2 1 0 7 2 25 5 8 1 1 2 4 14 2 1 4 5 0 0 0 0 0 0 0 0 0 0 0 1 1 1 3 0 0 0 2528 4 0 1 11 0 35 9 2 0 0 0 1 1002 0 0 0 0 0 1 0 3 0 938 934 10 0 1 0 0 6 1 0 0 1 0 1 1 5 3 0 3 6 2 0 6 1 6 4 2 11 0 0 1 0 0 148 0
1 12 2 1 0 6 1 11 12 4 7 0 0 1 3 8 1 0 1 1 9 14 16 1 1 1 1 1 0 1 3 7 2 0 1 2 0 1013 0 1506 1501 1499 1495 40 2 0 0 0 0 0 1 1008 4 3 2 1 0 0 1 0 0 1 1 919 3 0 2 0 0 3 0 0 0 0 0 1 2 2 2 2 2 1 2 2 0 5 3 1 10 0 2 5 11 21 124 0
0 10 1 0 5 0 4 5 11 3 4 1 0 2 4 2 0 0 0 0 0 0 56 76 82 83 111 3 0 0 0 0 9 3 0 0 1008 3 0 3 0 0 0 1440 0 0 0 0 0 1086 1083 70 47 44 1 0 0 1 0 0 0 0 3 2 907 3 0 1 0 0 1 0 0 0 0 0 0 1 1 1 1 0 1 1 4 2 0 2 6 0 1 4 2 5 89 33
2 6 0 0 3 3 4 6 3 2 3 0 1 1 1 1 0 29 31 34 36 55 0 0 0 21 0 116 0 2 1 0 0 10 4 981 1002 3 1 1 0 0 8 1429 0 0 0 1097 1094 3 0 1 19 1 41 38 35 34 0 0 0 2 1 0 1 899 891 888 1 0 0 2 0 1 0 0 0 0 0 0 0 0 0 2 0 1 1 1 3 0 1 1 1 4 88 0
1 2 2 2 2 3 2 2 2 1 2 0 0 0 0 16 27 0 1 0 0 16 0 15 20 0 2 3 117 137 142 145 1 1 979 3 0 10 2 0 0 3 2 4 1422 1419 1103 2 1 0 1 0 3 14 0 1 0 13 16 15 3 1 0 0 1 4 0 6 875 1 0 4 0 2 1 2 0 0 0 0 0 0 0 0 0 0 0 1 0 0 0 0 3 2 80 3
0 1 1 1 1 2 1 1 1 0 1 2 3 10 15 4 4 0 4 8 15 0 10 2 3 0 2 7 17 0 0 8 156 962 1 0 1 6 2 1 2 1 2 0 1 313 0 0 0 0 0 0 1 0 12 1 0 9 2 0 7 2 0 0 1 1 0 4 1 869 106 105 8 6 0 48 44 39 1 1 2 0 0 0 0 0 0 0 1 0 1 2 0 0 79 2
0 0 0 0 0 1 0 0 0 0 1 2 5 3 3 0 2 3 2 1 3 0 7 1 2 1 0 2 4 0 6 0 2 798 0 0 0 5 1 0 1 0 1 0 4 312 20 19 18 0 0 0 0 2 2 3 0 8 2 1 6 0 0 0 0 0 3 0 0 760 1 0 89 87 50 0 0 1 35 31 28 16 1 1 1 4 0 0 2 0 1 70 75 78 0 0
0 0 0 0 0 0 0 0 0 0 1 1 2 1 0 1 2 1 0 1 0 3 2 0 1 0 1 1 1 1 2 1 0 790 2 1 0 0 3 0 0 0 1 3 1 277 5 2 0 16 8 3 1 1 1 1 0 2 1 1 0 5 0 0 0 1 2 4 6 756 0 0 0 0 34 1 0 0 0 1 1 5 12 1 0 0 7 10 63 65 67 1 1 0 0 23
2 1 5 3 0 0 1 6 0 0 0 0 0 0 0 0 0 0 0 0 1 0 0 0 0 0 0 0 0 0 0 0 0 0 786 2 1 0 0 1 0 0 0 0 0 275 0 0 0 6 0 0 0 0 0 0 0 0 0 0 0 0 2 0 0 1 0 0 0 747 0 0 0 0 31 3 2 1 0 0 0 4 2 4 0 0 0 0 46 0 0 0 0 0 22 0
0 0 6 0 0 0 0 7 0 0 0 0 0 0 1 2 0 0 0 0 1 0 0 0 0 0 0 0 0 0 0 0 1 2 782 0 0 0 0 1 0 0 0 2 5 274 5 2 0 5 2 0 0 0 0 0 0 0 0 0 0 0 0 0 0 0 0 1 3 744 734 3 0 0 25 5 4 3 2 0 0 3 1 3 1 0 0 42 45 1 3 6 7 15 18 1
0 0 8 2 0 1 1 10 0 1 1 1 0 1 0 0 3 1 1 1 0 2 2 1 1 1 0 1 2 0 2 0 0 1 4 772 0 2 2 0 3 2 0 1 1 257 1 1 0 0 0 0 236 234 227 3 0 2 1 1 1 0 0 1 5 2 0 0 0 3 2 726 0 0 0 16 11 1 0 0 0 0 0 0 0 0 40 0 0 0 0 1 1 4 1 0
0 1 10 5 1 2 14 0 0 2 2 2 1 2 0 2 15 21 22 27 31 36 0 6 2 0 3 75 81 83 90 1 0 0 0 769 19 18 8 5 0 0 0 0 0 0 254 0 0 0 239 238 0 2 1 221 218 215 3 0 2 1 13 11 2 1 0 0 2 1 1 720 3 1 0 0 2 8 5 4 3 0 0 1 0 1 26 10 0 0 0 0 3 0 4 16
1 20 6 0 3 15 0 0 1 0 6 5 0 4 5 6 0 1 1 0 6 8 48 49 65 66 67 0 0 2 1 94 98 100 101 748 0 1 0 0 0 0 0 0 3 2 0 253 250 249 5 4 1 1 0 1 1 1 203 198 172 166 4 3 2 1 0 0 0 0 1 14 700 0 0 0 0 0 1 0 0 0 0 2 6 9 23 2 5 3 1 2 1 3 1 8
21 0 0 1 20 1 0 4 2 1 13 0 0 0 0 0 0 0 2 5 0 1 0 3 0 0 1 0 1 0 0 0 0 15 17 644 1 0 0 0 1 1 1 87 81 0 0 0 0 0 0 0 0 0 0 0 0 0 3 0 20 2 146 145 141 8 0 0 0 0 13 3 12 685 2 0 0 0 1 0 0 0 0 0 1 2 9 1 0 1 0 0 0 0 7 4
0 2 2 32 10 7 5 0 0 2 14 1 1 1 1 1 0 1 0 0 0 0 1 0 1 2 3 6 7 8 0 12 13 0 0 623 0 0 0 0 105 101 88 0 8 70 69 64 1 0 0 0 1 0 0 0 0 0 1 16 2 0 0 2 131 5 0 0 10 12 2 6 0 0 680 676 0 3 0 0 2 1 0 0 0 0 5 2 0 0 0 1 2 6 1 1
43 37 33 0 0 0 1 1 0 0 18 2 2 2 2 4 0 0 0 0 1 2 3 15 18 19 20 21 22 0 10 0 1 0 0 620 0 1 185 183 74 4 7 3 0 7 0 3 61 56 49 41 25 18 14 3 0 0 9 5 0 0 0 0 130 4 0 1 4 0 1 3 1 1 0 2 669 1 1 0 7 1 0 0 1 3 0 1 0 0 0 0 1 0 0 0
0 0 0 1 2 0 4 0 1 1 19 3 10 6 6 0 1 0 0 2 3 4 10 0 1 0 1 2 3 27 64 65 66 69 414 0 202 197 2 0 1 66 3 1 1 2 2 2 3 4 5 12 0 4 1 8 0 7 0 0 3 0 1 63 129 0 2 0 0 2 0 2 0 0 0 0 662 2 11 9 0 0 0 0 0 0 1 0 0 0 1 1 2 0 0 0
0 0 0 4 17 8 1 0 2 2 68 43 31 7 0 3 0 0 0 2 3 4 0 0 1 0 1 29 31 33 1 0 1 2 341 0 1 0 6 1 0 65 2 0 0 1 1 1 2 3 4 6 4 3 0 1 5 2 3 0 1 36 60 0 0 61 0 1 0 0 0 0 0 0 0 1 658 12 0 0 1 1 1 0 0 0 0 3 1 0 3 0 1 14 9 7
