code/mhm/output/Chemnitz2_0p0625/mhm_setup/morph/soil_class.asc
ncols                168
nrows                208
xllcorner            12.6875
yllcorner            50.59375
cellsize             0.001953125
nodata_value         -9999
[rows 0 to 36 of 208, columns 0 to 84 of 168]
1700 1700 1700 1700 1700 1700 1700 1700 1700 1700 1700 1868 1868 1868 1868 1931 1868 1700 1864 1864 1864 1864 1864 1864 1931 1931 1700 1931 1700 1700 1700 1931 1900 1700 1700 1700 1931 1931 1694 1694 1929 1929 1876 1876 1694 1694 907 907 2646 2646 1694 1694 1694 1931 1694 1694 1694 1933 1694 1694 1694 1700 1700 1700 1700 1700 1700 1700 1700 1700 1700 1700 1700 1700 1700 1700 1700 1700 1700 1700 1931 1931 1700 1700 1700
1694 1700 1700 1700 1700 1700 1700 1700 1700 1700 1700 1700 1700 1868 1868 1931 1868 1700 1864 1864 1864 1864 1931 1700 1700 1900 1900 1931 1700 1700 1900 1900 1700 1700 1700 1700 1700 1700 1694 1694 1929 1929 1876 1876 1694 1694 907 2646 2646 2646 1694 1694 1694 1694 1694 1694 1694 1694 1694 1694 1694 1700 1700 1700 1700 1700 1700 1700 1700 1700 1700 1700 1700 1700 1701 1700 1700 1700 1727 1727 1727 1931 1700 1700 1700
1700 1700 1700 1700 1700 1700 1700 1700 1700 1700 1700 1700 1868 1868 1868 1931 1868 1864 1864 1694 1864 1700 1864 1700 1700 1900 1900 1900 1931 1700 1700 1700 1700 1700 1700 1700 1700 1700 1694 1724 1724 1727 1727 1876 1876 1694 1694 1694 1694 1694 1694 1694 1694 1694 1694 1700 1700 1700 1694 1694 1700 1700 1700 1700 1700 1694 1727 1694 1727 1727 1727 1700 1700 1700 1700 1700 1727 1727 1727 1700 1700 1700 1700 1700 1700
1700 1700 1700 1700 1700 1700 1700 1700 1700 1700 1700 1694 1694 1694 1868 1931 1868 1700 1700 1694 1694 1700 1700 1700 1700 1700 1700 1700 1900 1700 1700 1727 1727 1727 1700 1700 1700 1700 1700 1694 1694 1694 1727 1727 1876 1694 1694 1858 1694 1694 1694 1694 1694 1694 1694 1694 1727 1727 1727 1727 1700 1700 1694 1694 1724 1694 1694 1700 1727 1727 1727 1724 1700 1700 1700 1727 1727 1700 1700 1700 1700 1700 1931 1700 1700
1858 1694 1858 1694 1700 1700 1700 1694 1727 1694 1694 1694 1694 1694 1931 1868 1694 1700 1700 1700 1700 1700 1700 1700 1700 1700 1700 1700 1700 1700 1700 1694 1717 1727 1717 1717 1724 1694 1694 1718 1718 1694 1694 1722 1876 1694 1694 1858 1858 1700 1694 1694 1724 1724 1694 1694 1858 1694 1727 1694 1694 1724 1694 1694 1694 1694 1694 1700 1700 1700 1700 1700 1700 1700 1700 1700 1701 1700 1700 1700 1701 1700 1700 1700 1700
1724 1724 1724 1694 1694 1727 1727 1727 1727 1727 1727 1727 1727 1727 1694 1694 1694 1700 1700 1700 1700 1694 1694 1700 1700 1717 1694 1694 1694 1717 1717 1717 1717 1859 1724 1694 1694 1694 1694 1694 1694 1694 1718 1694 1876 1694 1694 1858 1858 1700 1727 1694 1694 1694 1694 1694 1694 1694 1694 1724 1694 1700 1700 1700 1700 1700 1700 1700 1700 1700 1700 1700 1700 1700 1700 1700 1700 1700 1700 1700 1701 1700 1700 1700 1931
1700 1858 1858 1694 1724 1694 1694 1694 1694 1694 1694 1694 1694 1694 1727 1694 1694 1700 1700 1700 1694 1694 1717 1717 1717 1717 1717 1717 1717 1694 1694 1694 1694 1694 1694 1694 1694 1694 1694 1700 1700 1694 1694 1694 1876 1694 1694 1858 1858 1858 1700 1694 1724 1694 1694 1694 1694 1724 1694 1858 1858 1858 1858 1694 1700 1694 1694 1694 1700 1700 1700 1700 1700 1700 1700 1700 1700 1700 1857 1700 1700 1700 1700 1700 1700
1700 1700 1700 1700 1700 1724 1694 1694 1694 1694 1694 1694 1694 1694 1700 1700 1694 1694 1694 1694 1694 1694 1694 1694 1694 1727 1727 1700 1700 1700 1694 1694 1694 1694 1694 1694 1694 1694 1861 1861 1700 1700 1718 1718 1713 1718 1722 1722 1722 1713 1858 1700 1727 1727 1694 1724 1724 1727 1694 1727 1694 1727 1727 1727 1858 1694 1694 1694 1700 1700 1700 1700 1700 1700 1700 1700 1700 1700 1700 1700 1700 1700 1700 1700 1700
1700 1700 1700 1700 1700 1700 1694 1694 1700 1700 1700 1700 1700 1700 1700 1700 1700 1700 1694 1700 1700 1700 1700 1700 1700 1700 1700 1700 1700 1700 1858 1858 1858 1694 1694 1861 1727 1727 1861 1861 1861 1694 1718 1722 1694 1694 1694 1694 1722 1718 1694 1694 1694 1700 1700 1694 1694 1694 1694 1694 1694 1700 1700 1694 1727 1727 1727 1694 1700 1700 1700 1858 1858 1700 1700 1700 1700 1700 1700 1857 1700 1700 1700 1700 1700
1700 1700 1700 1700 1700 1700 1700 1861 1861 1700 1700 1700 1700 1700 1700 1700 1700 1700 1700 1700 1700 1700 1700 1700 1860 1860 1860 1860 1694 1694 1694 1858 1858 1694 1859 1861 1861 1861 1694 1694 1694 1718 1722 1718 1694 1694 1694 1722 1859 1859 1694 1694 1700 1700 1700 1700 1700 1700 1700 1700 1700 1700 1700 1700 1700 1700 1700 1700 1700 1700 1700 1858 1700 1700 1700 1724 1857 1700 1700 1700 1700 1700 1700 1700 1700
1700 1700 1700 1700 1700 1700 1861 1861 1694 1700 1694 1700 1700 1694 1694 1700 1700 1700 1700 1700 1700 1700 1700 1700 1860 1860 1860 1860 1694 1694 1694 1694 1694 1694 1724 1718 1717 1717 1713 1717 1694 1718 1718 1694 1694 1694 1713 1722 1718 1858 1858 1858 1694 1694 1694 1694 1700 1700 1700 1700 1700 1700 1700 1700 1700 1700 1858 1858 1700 1700 1857 1857 1700 1694 1694 1700 1700 1700 1700 1700 1700 1700 1700 1700 1700
1858 1700 1700 1700 1700 1700 1700 1694 1694 1694 1694 1694 1694 1694 1700 1700 1700 1900 1900 1900 1700 1700 1700 1700 1700 1727 1727 1700 1694 1694 1694 1694 1858 1700 1858 1858 1718 1722 1694 1694 1861 1861 1694 1694 1694 1694 1718 1718 1718 1718 1718 1718 1713 270 1722 1694 1694 1694 1700 1700 1700 1718 1700 1700 1858 1858 1700 1700 1858 1694 1694 1724 1861 1861 1861 1700 1514 1514 1700 1727 1700 1700 1700 1700 1700
1858 1700 1700 1700 1700 1700 1700 1700 1694 1694 1724 1694 1694 1700 1700 1700 1700 1724 1900 1716 1700 1700 1700 1700 1700 1724 1727 1724 1724 1724 1694 1694 1700 1700 1700 1700 1722 1694 1694 1694 1694 1694 1700 1694 1694 1694 1858 1718 1718 1713 1722 1718 1718 270 1722 1694 1694 1718 1718 1718 1718 1718 1718 1700 1700 1718 1722 1718 1718 1724 1861 1861 1861 1861 1694 1694 1514 1727 1514 1727 1700 1900 1857 1857 1700
1700 1700 1700 1700 1700 1700 1700 1700 1861 1694 1694 1864 1700 1700 1700 1694 1727 1724 1716 1700 1700 1700 1694 1858 1880 1880 1858 1858 1858 1858 1700 1700 1700 1700 1700 1700 1718 1722 1718 1694 1694 1880 1858 1727 1727 1880 1858 1718 1718 1694 1694 1859 1860 1722 1722 1694 1694 1718 1724 1718 1718 1724 1718 1718 1724 1724 1718 1718 1694 1694 1861 1861 1694 1694 1694 1727 1727 1727 1514 1727 1727 1727 1857 1700 1700
1700 1700 1700 1700 1711 1711 1711 1861 1861 1727 1727 1864 1694 1694 1694 1724 1716 1716 1700 1700 1700 1694 1694 1861 1880 1861 1861 1861 1861 1700 1700 1700 1700 1700 1700 1700 1700 1717 1722 1713 1858 1880 1880 1700 1700 1700 1700 1718 1700 1700 1700 1727 1860 1722 1722 1722 1694 1718 1694 1694 1694 1718 1718 1718 1718 1718 1694 1694 1727 1727 1727 1727 1727 1727 1727 1694 1727 1727 1727 1727 1727 1727 1727 1727 1727
1900 1700 1700 1700 1711 1711 1711 1727 1727 1694 1727 1727 1727 1864 1694 1724 1716 1716 1716 1700 1694 1694 1861 1861 1858 1724 1861 1861 1700 1700 1700 1700 1700 1727 1700 1700 1700 1717 1722 1713 1858 1858 1858 1858 1727 1700 1700 1700 1700 1700 1727 1727 1727 1694 1694 1722 1718 1694 1694 1694 1694 1694 1694 1694 1694 1700 1700 1700 1694 1870 1727 1727 1694 1694 1694 1694 1694 1700 1700 1700 1700 1700 1700 1700 1700
1700 1700 1700 1700 1700 1711 1700 1700 1694 1861 1861 1694 1694 1727 1724 1727 1727 1727 1694 1860 1860 1694 1861 1858 1858 1860 1700 1700 1700 1700 1700 1700 1700 1727 1718 1718 1718 1722 1718 1727 1727 1694 1724 1700 1700 1519 1519 1519 1700 1700 1694 1694 1727 1727 1694 1694 1694 1727 1718 1718 1718 1718 1700 1700 1700 1700 1700 1700 1724 1861 1700 1727 1727 1694 1694 1694 1700 1700 1700 1700 1700 1700 1700 1700 1700
1700 1700 1700 1700 1700 1700 1700 1700 1694 1694 1694 1694 1694 1694 1694 1858 1717 1717 1727 1727 1727 1727 1861 1858 1724 1700 1724 1700 1700 1700 1700 1727 1727 1727 1727 1722 1722 1727 1694 1694 1694 1694 1700 1700 1861 1861 1700 1861 1700 1700 1700 1694 1900 1694 1694 1694 1694 1704 1718 1718 1704 1694 1700 1700 1700 1700 1700 1700 1861 1700 1700 1700 1700 1724 1694 1694 1694 1700 1700 1700 1700 1700 1700 1700 1700
1700 1694 1694 1700 1700 1700 1694 1694 1694 1694 1694 1694 1694 1724 1858 1717 1717 1700 1700 1700 1694 1694 1694 1727 1727 1700 1700 1700 1700 1700 1700 1727 1727 1800 1800 1722 1727 1694 1694 1694 1694 1700 1700 1700 1700 1724 1700 1700 1700 1700 1861 1900 1900 1700 1700 1694 1694 1718 1713 1722 1718 1700 1700 1700 1700 1700 1700 1700 1700 1700 1700 1700 1700 1724 1700 1701 1861 1861 1861 1700 1700 1700 1700 1700 1700
1694 1694 1694 1694 1694 1694 1694 1694 1694 1724 1694 1694 1861 1861 1700 1700 1700 1700 1700 1700 1700 1700 1694 1694 1727 1727 1727 1800 1800 1727 1700 1727 1727 1727 1526 1722 1727 1694 1704 1694 1700 1700 1727 1727 1700 1700 1700 1700 1700 1700 1861 1900 1700 1700 1700 1694 1704 1694 1704 1713 1713 1704 1694 1700 1700 1700 1700 1700 1700 1700 1700 1700 1724 1700 1700 1700 1900 1701 1701 1861 1700 1700 1700 1857 1700
1694 1694 1694 1694 1694 1694 1724 1724 1861 1861 1861 1700 1700 1700 1700 1700 1700 1700 1700 1700 1700 1700 1700 1700 1694 1724 1855 1718 1718 1727 1727 1727 1727 1727 1526 1722 1694 1694 1704 1694 1700 1700 1727 1727 1694 1694 1694 1700 1700 1700 1700 1700 1700 1700 1857 1857 1694 1694 1694 1713 1718 1718 1704 1694 1700 1700 1700 1700 1700 1700 1700 1700 1700 1700 1700 1700 1700 1700 1700 1701 1861 1700 1700 1700 1700
1694 1694 1694 1861 1861 1861 1861 1694 1861 1861 1861 1700 1700 1700 1694 1700 1700 1724 1700 1700 1700 1700 1700 1700 1724 1858 1858 1694 1855 1855 1855 1855 1727 1526 1526 1482 1718 1694 1718 1694 1694 1694 1694 1694 1694 1694 1694 1700 1700 1858 1858 1858 1858 1700 1694 1694 1694 1718 1718 1722 1718 1718 1704 1694 1694 1700 1700 1700 1700 1700 1700 1700 1700 1700 1700 1700 1700 1700 1700 1700 1861 1700 1700 1700 1700
1694 1700 1700 1880 1861 1861 1880 1880 1880 1861 1861 1700 1700 1694 1694 1694 1857 1724 1694 1858 1700 1694 1694 1724 1694 1858 1694 1700 1700 1694 1900 1900 1694 1694 1718 1722 1727 1694 1694 1718 1718 1694 1727 1724 1727 1727 1694 1694 1694 1858 1858 1858 1858 1700 1694 1694 1694 1694 1704 1718 1718 1718 1694 1694 1694 1694 1700 1700 1700 1700 1700 1700 1700 1700 1700 1700 1700 1700 1700 1700 1700 1700 1700 1700 1700
1880 1880 1880 1700 1861 1880 1880 1880 1694 1880 1880 1700 1700 1700 1700 1700 1700 1694 1724 1694 1724 1694 1694 1694 1694 1900 1900 1700 1900 1900 1900 1694 1694 1694 1713 1876 1727 1694 1718 1718 1858 1858 1727 1694 1694 1694 1694 1694 1694 1858 1858 1700 1700 1700 1700 1700 1694 1694 1718 1722 1722 1727 1704 1704 1727 1727 1727 1727 1727 1727 1727 1727 1727 1700 1700 1700 1700 1700 1700 1700 1700 1700 1700 1700 1700
1880 1700 1880 1880 1880 1880 1880 1694 1694 1880 1880 1700 1700 1700 1700 1700 1694 1700 1700 1700 1694 1694 1694 1694 1700 1700 1700 1700 1900 1900 1694 1694 1704 1704 1718 1718 1718 1722 1722 1722 1713 1858 1717 1694 1694 1694 1694 1694 1858 1858 1858 1858 1858 1858 1900 1900 1694 1694 1704 1718 1718 1718 1694 1694 1727 1694 1694 1727 1694 1694 1700 1700 1700 1700 1700 1700 1700 1700 1700 1701 1701 1700 1700 1700 1700
1880 1700 1880 1880 1880 1880 1700 1700 1700 1700 1700 1700 1700 1700 1700 1700 1700 1700 1700 1700 1700 1694 1727 1727 1727 1694 1700 1700 1694 1694 1694 1694 1694 1694 1704 1704 1718 1718 1718 1718 1727 1722 1713 1713 1718 1694 1694 1694 1858 1858 1858 1858 1858 1858 1900 1900 1900 1694 1704 1718 1722 1718 1704 1704 1694 1694 1694 1700 1700 1700 1700 1700 1700 1700 1700 1724 1724 1780 1780 1780 1700 1700 1700 1700 1700
1700 1700 1880 1880 1880 1700 1700 1700 1700 1711 1711 1700 1700 1700 1700 1700 1700 1700 1857 1857 1700 1694 1727 1727 1694 1700 1700 1700 1700 1694 1694 1700 1694 1694 1858 1694 1694 1727 1727 1694 1694 1718 1718 1718 1876 1718 1718 1694 1694 1694 1858 1858 1858 1858 1900 1900 1694 1694 1694 1704 1718 1722 1718 1694 1694 1694 1694 1700 1700 1700 1700 1704 1724 1724 1780 1780 1780 1780 1780 1780 1700 1700 1700 1857 1700
1700 1700 1880 1880 1861 1861 1727 1727 1700 1711 1861 1880 1880 1861 1700 1700 1857 1857 1857 1700 1700 1694 1727 1727 1857 1857 1700 1700 1700 1700 1700 1700 1858 1858 1858 1694 1694 1713 1727 1727 1727 1694 1694 1718 1722 1718 1858 1858 1858 1858 1694 1694 1694 1694 1694 1694 1694 1694 1694 1704 1718 1722 1704 1704 1694 1704 1694 1694 1694 1718 1704 1780 1780 1780 1780 1780 1879 1879 1879 1780 1780 1700 1700 1857 1700
1700 1700 1700 1861 1861 1861 1861 1727 1711 1711 1880 1880 1880 1880 1700 1700 1857 1857 1700 1700 1700 1700 1694 1727 1694 1694 1694 1700 1700 1700 1700 1700 1727 1727 1694 1713 1713 1722 1722 1713 1727 1694 1694 1718 1722 1718 1858 1858 1858 1858 1858 1858 1858 1694 1694 1694 1857 1694 1694 1718 1718 1718 1722 1722 1722 1718 1718 1718 1718 1718 1718 1718 1718 1855 1855 1879 1879 1879 1879 1718 1780 1700 1727 1727 1727
1880 1880 1880 1880 1880 1880 1861 1861 1694 1727 1727 1711 1711 1711 1700 1700 1700 1700 1700 1700 1700 1700 1727 1857 1857 1857 1694 1700 1700 1700 1700 1700 1694 1713 1722 1718 1704 1718 1713 1713 1718 1718 1718 1718 1718 1718 1724 1724 1858 1858 1858 1858 1694 1694 1694 1694 1694 1694 1694 1694 1858 1858 1718 1704 1704 1859 1859 1718 1482 1727 1727 1482 1876 1879 1879 1879 1879 1876 1722 1713 1718 1780 1718 1727 1700
1700 1700 1880 1880 1880 1727 1704 1724 1694 1727 1711 1711 1700 1700 1700 1700 1700 1694 1694 1694 1694 1724 1694 1694 1694 1857 1694 1700 1700 1870 1870 1870 1713 1718 1718 1704 1700 1700 1861 1718 1718 1718 1698 1713 1718 1858 1858 1858 1858 1858 1858 1858 1858 1858 1858 1694 1694 1694 1700 1700 1700 1700 1700 1694 1859 1859 1694 1694 1724 1718 1704 1718 1718 1718 1718 1718 1704 1704 1722 1713 1724 1859 1780 1900 1900
1700 1700 1694 1694 1880 941 941 1704 1724 1727 1800 1800 1800 1704 1700 1700 1700 1700 1700 1694 1724 1694 1694 1700 1700 1700 1700 1700 1700 1870 1870 1694 1718 1718 1722 1718 1718 1861 1861 1700 1700 1724 1718 1713 1718 1718 1858 1858 1858 1718 1718 1718 1718 1858 1858 1701 1694 1694 1694 1861 1861 1700 1700 1694 1724 1694 1694 1724 1700 1700 1727 1727 1704 1704 1704 1704 1780 1722 270 1859 1859 1780 1859 1718 1718
1700 1694 1694 1694 1727 941 941 1727 1727 1727 1704 1704 1704 1727 1704 1700 1700 1700 1700 1700 1700 1700 1700 1700 1700 1700 1700 1700 1700 1694 1713 1713 1722 1718 1718 1718 1872 1861 1700 1727 1700 1724 1694 1694 1718 1718 1718 1718 1718 1694 1694 1724 1724 1718 1727 1701 1694 1694 1694 1694 1694 1700 1700 1694 1694 1694 1694 1694 1694 1694 1727 1727 1780 1780 1780 1780 1780 1711 1722 1722 1722 1722 1722 1722 1722
1694 1694 1694 1694 941 941 934 934 934 1722 1722 1727 1727 1727 1704 1704 1694 1700 1700 1700 1694 1694 1694 1694 1694 1694 1694 1694 1718 1713 1722 1718 1718 1718 1718 1700 1700 1700 1727 1727 1694 1694 1724 1858 1858 1694 1724 1718 1724 1694 1700 1724 1694 1858 1727 1727 1727 1727 1727 1694 1694 1861 1700 1700 1700 1700 1694 1724 1724 1694 1694 1727 1780 1700 1780 1780 1780 1780 1780 1780 1780 1780 1780 1722 1722
1859 1859 941 934 934 934 934 934 1722 1727 1727 1727 1722 1713 1704 1694 1700 1700 1704 1704 1718 1704 1694 1718 1718 1718 1722 1713 1713 1722 1718 1700 1700 1861 1861 1700 1700 1727 1694 1694 1694 1694 1858 1858 1858 1694 1718 1700 1700 1700 1700 1857 1700 1694 1700 1700 1700 1724 1727 1694 1694 1861 1694 1700 1861 1700 1694 1694 1694 1694 1727 1727 1780 1700 1780 1700 1700 1700 1700 1700 1700 1700 1780 1717 1722
1724 1727 934 934 934 934 1722 1727 1727 1727 1727 1727 1727 1722 1713 1704 1704 1704 1718 1722 1694 1722 1718 1727 1722 1718 1718 1718 1718 1718 1700 1700 1861 1861 1861 1700 1861 1861 1694 1694 1861 1861 1724 1858 1700 1724 1724 1700 1700 1700 1857 1700 1700 1700 1700 1700 1700 1700 1694 1694 1724 1694 1694 1694 1861 1861 1700 1700 1694 1727 1727 1700 1861 1700 1700 1700 1700 1700 1700 1700 1700 1780 1717 1722 1860
1694 1727 1727 1727 1727 1727 1727 1727 1727 1727 1727 1727 1727 1727 1722 1718 1718 1718 1718 1718 1694 1694 1694 1718 1718 1724 1718 1704 1700 1700 1700 1700 1700 1861 1861 1694 1694 1694 1694 1700 1700 1700 1700 1700 1700 1700 1700 1700 1700 1700 1700 1700 1700 1700 1700 1700 1700 1700 1727 1727 1694 1694 1700 1700 1800 1727 1861 1694 1694 1694 1727 1727 1900 1700 1700 1700 1700 1724 1700 1700 1700 1700 1700 1722 270
