code/mhm/output/Chemnitz2_0p0625/mhm_setup/morph/soil_class.asc
ncols                168
nrows                208
xllcorner            12.6875
yllcorner            50.59375
cellsize             0.001953125
nodata_value         -9999
[rows 37 to 73 of 208, columns 0 to 84 of 168]
1694 1694 1857 1857 1694 1700 1694 1694 1727 1727 1727 1727 1727 1727 1727 1718 1722 1722 1713 1694 1694 1694 1700 1700 1700 1700 1718 1713 1704 1700 1700 1717 1717 1717 1717 1694 1694 1861 1861 1861 1694 1700 1700 1700 1727 1700 1700 1694 1700 1700 1700 1700 1700 1857 1857 1724 1857 1700 1727 1727 1700 1700 1800 1700 1700 1727 1700 1694 1694 1694 1727 1727 1700 1700 1700 1700 1700 1724 1780 1700 1700 1700 1722 270 270
1722 1700 1857 1857 1857 1700 1700 1694 1694 1727 1727 1727 1727 1727 1800 1800 1727 1718 1718 1694 1700 1700 1700 1700 1700 1700 1700 1700 1713 1718 1724 1724 1724 1724 1717 1717 1718 1718 1861 1718 1861 1694 1694 1694 1694 1694 1694 1694 1694 1694 1700 1700 1700 1700 1857 1700 1700 1700 1727 1727 1694 1700 1700 1700 1727 1727 1727 1727 1727 1694 1694 1727 1858 1700 1700 1700 1700 1900 1700 1700 1700 1780 1519 1482 270
1718 1718 1700 1861 1861 1700 1700 1700 1700 1700 1700 1727 1727 1727 1727 1727 1727 1704 1704 1870 1724 1870 1700 1700 1700 1700 1700 1700 1526 1526 1694 1694 1694 1727 1724 1724 1718 1724 1718 1718 1724 1718 1694 1694 1694 1724 1694 1694 1694 1694 1694 1694 1700 1700 1700 1700 1700 1700 1700 1727 1727 1800 1800 1727 1727 1727 1727 1727 1727 1694 1727 1858 1858 1700 1700 1700 1900 1700 1700 1700 1700 1780 1780 1519 270
1718 1718 1700 1700 1700 1700 1694 1700 1700 1700 1700 1700 1700 1727 1700 1727 1694 1694 1694 1694 1694 1724 1700 1700 1700 1700 1700 1700 1700 1694 1519 1727 1727 1694 1694 1724 1694 1694 1694 1694 1724 1724 1718 1718 1724 1718 1694 1694 1859 1724 1694 1694 1700 1700 1700 1700 1694 1694 1727 1519 1519 1519 1727 1727 1519 1727 1727 1727 1800 1694 1724 1711 1711 1711 1700 1700 1700 1700 1727 1700 1700 1780 1519 270 1780
1722 1718 1718 1718 1718 1718 1718 1694 1700 1700 1700 1700 1700 1700 1700 1700 1694 1694 1694 1694 1694 1700 1870 1861 1861 1861 1724 1700 1700 1727 1727 1727 1694 1694 1704 1700 1700 1700 1700 1700 1700 1700 1694 1694 1694 1859 1859 1859 1700 1700 1694 1694 1727 1727 1727 1700 1727 1727 1727 1519 1519 1519 1519 1519 1519 1519 1800 1800 1724 1800 1800 1700 1711 1700 1700 1780 1780 1727 1727 1727 1727 1519 270 270 1704
1722 1857 1861 1861 1861 1718 1876 1876 1694 1694 1694 1700 1700 1519 1700 1700 1727 1700 1700 1700 1700 1700 1700 1700 1700 1727 1727 1727 1727 1727 1704 1694 1694 1694 1724 1694 1724 1724 1700 1700 1700 1859 1859 1859 1879 1694 1700 1700 1700 1700 1700 1700 1700 1700 1700 1700 1727 1727 1727 1519 1519 1727 1519 1519 1519 1727 1727 1727 1727 1727 1727 1727 1727 1700 1780 1780 1780 1727 1727 1727 1727 1700 1700 1519 1700
1727 1727 1857 1857 1700 1694 1857 1857 1694 1694 1694 1694 1876 1519 1700 1727 1700 1700 1700 1700 1700 1700 1700 1700 1700 1700 1700 1694 1694 1700 1704 1700 1700 1700 1694 1694 1859 1859 1859 1694 1694 1694 1694 1859 1859 1724 1859 1724 1724 1694 1724 1700 1700 1700 1700 1700 1694 1727 1727 1519 1727 1519 1727 1519 1519 1694 1694 1694 1700 1860 1727 1700 1700 1700 1780 1780 1727 1727 1780 1727 1727 1700 1700 1700 1704
1727 1727 1700 1700 1700 1700 1700 1700 1700 1700 1700 1700 1700 1727 1727 1727 1727 1727 1727 1727 1727 1700 1700 1700 1700 1700 1700 1700 1700 1700 1700 1700 1700 1700 1700 1694 1724 1727 1727 1694 1694 1694 1694 1694 1859 1859 1694 1694 1694 1724 1694 1724 1724 1700 1700 1700 1700 1727 1519 1727 1727 1727 1727 1727 1694 1800 1694 1700 1860 1860 1700 1700 1700 1700 1700 1727 1727 1727 1727 1780 1704 1780 1700 1857 1780
1857 1857 1857 1700 1700 1700 1700 1701 1701 1861 1861 1861 1700 1700 1700 1857 1700 1700 1858 1700 1727 1727 1727 1700 1724 1700 1700 1700 1700 1704 1704 1700 1700 1700 1700 1859 1694 1727 1727 1718 1704 1704 1694 1694 1857 1857 1857 1694 1857 1724 1694 1694 1694 1724 1694 1694 1727 1727 1727 1727 1727 1727 1727 1727 1694 1700 1860 1860 1860 1700 1700 1700 1700 1700 1727 1727 1727 1727 1700 1727 1700 1700 1700 1700 1700
1694 1700 1700 1700 1700 1700 1700 1701 1694 1861 1861 1694 1700 1700 1857 1700 1700 1700 1700 1700 1700 1858 1700 1700 1700 1700 1700 1700 1700 1700 1700 1700 1700 1700 1700 1694 1694 1694 1727 1727 1727 1704 1704 1700 1694 1857 1694 1857 1857 1857 1857 1694 1694 1724 1694 1694 1727 1727 1727 1727 1727 1727 1727 1727 1727 1727 1727 1860 1700 1700 1700 1700 1700 1700 1700 1727 1727 1700 1700 1700 1700 1700 1700 1700 1700
1717 1717 1717 1717 1717 1724 1724 1694 1694 1694 1694 1858 1858 1700 1700 1700 1700 1858 1858 1858 1700 1700 1700 1700 1700 1700 1700 1700 1700 1700 1700 1700 1700 1700 1700 1700 1700 1700 1694 1727 1704 1704 1700 1700 1700 1700 1700 1857 1857 1857 1857 1694 1694 1694 1724 1694 1727 1727 1727 1727 1727 1694 1694 1694 1694 1860 1860 1860 1694 1694 1694 1700 1700 1700 1700 1727 1727 1700 1700 1700 1700 1700 1700 1700 1700
1724 1724 1724 1724 1694 1694 1694 1694 1858 1858 1858 1858 1858 1858 1700 1700 1700 1858 1880 1880 1858 1861 1700 1700 1700 1700 1700 1700 1700 1700 1700 1700 1700 1727 1700 1700 1700 1700 1727 1727 1727 1727 1700 1700 1700 1700 1700 1700 1857 1857 1694 1694 1694 1724 1694 1859 1694 1694 1727 1727 1727 1694 1694 1724 1724 1724 1860 1860 1860 1860 1694 1694 1700 1700 1700 1727 1700 1700 1700 1700 1700 1700 1700 1700 1700
1700 1694 1724 1718 1718 1718 1694 1694 1718 1718 1718 1718 1718 1694 1694 1857 1857 1858 1858 1858 1858 1858 1861 1861 1700 1700 1700 1700 1700 1700 1700 1700 1700 1700 1727 1694 1694 1694 1727 1727 1727 1704 1704 1700 1700 1700 1700 1700 1694 1694 1694 1694 1694 1694 1694 1694 1694 1694 1694 1694 1727 1727 1727 1727 1694 1694 1694 1694 1694 1724 1694 1694 1700 1700 1700 1700 1700 1700 1700 1700 1700 1700 1700 1700 1700
1700 1694 1694 1724 1724 1718 1718 1724 1724 1724 1724 1718 1857 1857 1724 1857 1724 1704 1704 1694 1694 1694 1900 1900 1900 1694 1694 1861 1861 1861 1861 1700 1700 1700 1727 1727 1727 1727 1718 1718 1704 1704 1718 1727 1704 1700 1700 1700 1694 1704 1704 1694 1694 1694 1694 1694 1700 1700 1700 1694 1727 1727 1694 1694 1864 1864 1864 1864 1694 1694 1694 1694 1700 1700 1700 1700 1700 1700 1700 1900 1700 1700 1700 1700 1700
1700 1700 1694 1718 1724 1724 1724 1718 1694 1694 1694 1857 1857 1694 1694 1857 1857 1727 1727 1900 1900 1900 1900 1900 1900 1700 1861 1861 1861 1861 1700 1700 1857 1857 1857 1694 1727 1727 1727 1727 1727 1727 1727 1727 1727 1727 1727 1519 1519 1700 1700 1694 1694 1694 1700 1700 1694 1724 1694 1727 1727 1727 1694 1519 1700 1700 1700 1700 1700 1700 1694 1694 1700 1700 1700 1700 1700 1700 1701 1701 1701 1701 1780 1700 1700
1700 1700 1700 1694 1694 1718 1724 1724 1694 1694 1694 1694 1694 1694 1857 1727 1727 1727 1727 1694 1694 1694 1694 1694 1694 1694 1694 1694 1700 1694 1700 1700 1857 1857 1857 1727 1727 1727 1727 1718 1718 1727 1727 1694 1727 1727 1727 1727 1700 1700 1700 1700 1700 1727 1727 1727 1727 1694 1727 1727 1727 1694 1694 1700 1519 1860 1700 1700 1700 1700 1700 1700 1700 1700 1700 1700 1700 1727 1700 1700 1700 1724 1724 1780 1724
1700 1700 1700 1700 1700 1694 1694 1870 1694 1694 1694 1694 1694 1694 1694 1694 1857 1727 1857 1857 1857 1694 1694 1694 1694 1694 1694 1694 1694 1694 1694 1694 1694 1694 1727 1780 1727 1727 1727 1727 1718 1704 1704 1700 1700 1700 1700 1700 1700 1700 1700 1700 1727 1727 1727 1727 1727 1727 1727 1694 1860 1860 1694 1860 1860 1700 1700 1700 1694 1694 1694 1871 1871 1700 1700 1700 1700 1700 1857 1724 1857 1780 1780 1780 1700
1700 1700 1700 1700 1700 1700 1700 1700 1724 1704 1704 1704 1704 1694 1694 1694 1694 1694 1727 1704 1694 1694 1694 1694 1694 1694 1694 1700 1700 1700 1700 1700 1700 1700 1694 1694 1780 1727 1724 1724 1718 1718 1718 1704 1704 1700 1700 1700 1700 1700 1700 1700 1700 1700 1694 1694 1727 1727 1727 1694 1694 1727 1727 1694 1694 1694 1724 1694 1871 1727 1727 1727 1700 1700 1700 1700 1700 1700 1724 1870 1870 1780 1780 1700 1700
1700 1700 1700 1700 1700 1700 1700 1700 1700 1870 1870 1704 1704 1694 1694 1900 1900 1727 1704 1704 1694 1694 1694 1694 1694 1694 1700 1700 1700 1700 1700 1700 1700 1700 1700 1694 1694 1694 1727 1727 1727 1727 1718 1694 1700 1700 1700 1700 1700 1700 1700 1700 1700 1694 1694 1727 1727 1727 1694 1700 1700 1694 1724 1694 1694 1724 1694 1718 1871 1727 1727 1727 1727 1727 1700 1700 1700 1700 1857 1870 1870 1870 1780 1780 1780
1700 1700 1700 1700 1700 1700 1700 1700 1700 1700 1870 1704 1704 1900 1900 1870 1870 1704 1727 1727 1694 1718 1718 1727 1857 1857 1857 1857 1700 1700 1700 1700 1700 1700 1700 1694 1694 1780 1724 1724 1718 1859 1859 1694 1694 1700 1700 1700 1700 1859 1859 1694 1724 1694 1727 1727 1727 1727 1700 1874 1700 1700 1724 1874 1718 1718 1718 1724 1727 1727 1727 1727 1727 1700 1700 1700 1700 1857 1857 1870 1870 1780 1701 1780 1780
1727 1727 1700 1700 1700 1700 1700 1700 1700 1700 1700 1700 1700 1700 1694 1870 1870 1870 1724 1694 1727 1727 1727 1727 1718 1704 1704 1700 1700 1700 1700 1700 1700 1700 1857 1857 1694 1694 1694 1724 1724 1694 1694 1694 1694 1700 1700 1700 1700 1700 1700 1859 1700 1727 1727 1727 1727 1727 1700 1700 1700 1700 1874 1694 1694 1700 1700 1700 1900 1900 1700 1727 1700 1700 1700 1700 1700 1800 1700 1700 1780 1780 1780 1780 1780
1694 1727 1727 1694 1727 1727 1727 1700 1700 1700 1700 1700 1700 1700 1700 1870 1724 1694 1694 1694 1858 1694 1727 1727 1718 1704 1704 1700 1700 1700 1700 1700 1700 1700 1700 1700 1694 1694 1694 1780 1694 1694 1700 1700 1700 1700 1700 1700 1700 1700 1700 1727 1727 1727 1727 1727 1727 1727 1727 1727 1700 1874 1694 1694 1700 1700 1700 1700 1700 1700 1700 1700 1700 1727 1727 1727 1727 1727 1700 1700 1700 1780 1780 1780 1870
1700 1694 1694 1694 1700 1700 1727 1727 1700 1700 1700 1700 1700 1700 1700 1724 1700 1700 1704 1700 1700 1700 1694 1727 1727 1727 1704 1700 1800 1800 1700 1700 1700 1700 1700 1700 1700 1694 1724 1694 1700 1700 1700 1700 1700 1700 1700 1700 1700 1700 1700 1780 1727 1727 1727 1727 1727 1727 1727 1727 1800 1727 1700 1874 1874 1780 1780 1780 1780 1700 1700 1700 1519 1519 1519 1519 1700 1700 1727 1780 1780 1780 1780 1780 1780
1700 1694 1694 1700 1700 1700 1700 1700 1700 1700 1700 1724 1694 1694 1694 1694 1704 1704 1700 1700 1700 1700 1700 1694 1727 1727 1727 1700 1727 1727 1855 1724 1855 1700 1700 1700 1700 1694 1780 1694 1718 1718 1718 1718 1718 1718 1718 1700 1700 1700 1700 1700 1780 1780 1780 1724 1724 1727 1727 1727 1800 1800 1800 1727 1780 1727 1780 1780 1727 1727 1727 1727 1727 1519 1694 1700 1700 1780 1727 1870 1857 1780 1780 1867 1727
1704 1700 1700 1700 1700 1700 1700 1700 1700 1700 1700 1700 1700 1700 1700 1700 1857 1857 1700 1700 1704 1704 1700 1700 1694 1694 1727 1727 1727 1727 1727 1855 1700 1700 1700 1700 1700 1694 1724 1694 1694 1700 1700 1700 1879 1879 1718 1718 1700 1700 1717 1717 1700 1724 1780 1724 1694 1727 1727 1727 1727 1800 1800 1879 1879 1727 1727 1727 1727 1727 1727 1727 1727 1694 1694 1700 1700 1724 1857 1870 1727 1727 1727 1727 1727
1700 1700 1700 1724 1700 1700 1700 1700 1700 1700 1700 1700 1700 1700 1700 1700 1857 1857 1700 1700 1700 1700 1700 1700 1700 1694 1694 1694 1694 1727 1727 1855 1855 1700 1700 1700 1700 1694 1694 1724 1694 1694 1700 1700 1700 1879 1879 1718 1700 1700 1700 1700 1700 1704 1724 1694 1694 1694 1727 1727 1727 1727 1727 1879 1879 1879 1727 1727 1727 1694 1694 1694 1694 1694 1701 1701 1727 1727 1870 1870 1727 1701 1869 1869 1869
1704 1704 1704 1704 1704 1700 1700 1694 1694 1700 1700 1700 1704 1700 1700 1700 1700 1700 1700 1700 1700 1700 1700 1700 1700 1700 1700 1694 1727 1727 1727 1724 1780 1700 1700 1700 1700 1694 1694 1724 1694 1724 1879 1879 1879 1879 1694 1694 1694 1694 1694 1694 1704 1704 1864 1864 1864 1864 1727 1700 1700 1727 1700 1700 1727 1879 1519 1519 1519 1700 1694 1694 1700 1700 1700 1727 1727 1727 1727 1780 1780 1869 1716 1716 1716
1704 1704 1704 1694 1694 1694 1694 1694 1694 1700 1700 1704 1704 1704 1700 1700 1700 1700 1700 1700 1700 1700 1700 1700 1700 1700 1724 1724 1694 1694 1519 1727 1855 1780 1780 1780 1700 1700 1694 1694 1694 1694 1727 1724 1724 1780 1780 1780 1780 1780 1704 1704 1864 1864 1864 1864 1727 1727 1727 1700 1700 1700 1727 1700 1700 1519 1519 1519 1780 1780 1700 1700 1700 1700 1700 1700 1700 1700 1780 1780 1900 1869 1869 1869 1869
1727 1704 1694 1694 1727 1694 1694 1727 1727 1727 1704 1700 1700 1700 1700 1704 1704 1704 1704 1700 1700 1700 1700 1700 1727 1724 1694 1694 1694 1694 1694 1727 1727 1727 1780 1780 1700 1700 1700 1727 1694 1694 1727 1694 1880 1880 1724 1880 1880 1694 1694 1864 1864 1864 1694 1694 1727 1700 1700 1700 1700 1700 1700 1519 1519 1519 1519 1780 1780 1780 1700 1700 1700 1700 1700 1700 1700 1700 1780 1780 1780 1724 1869 1869 1869
1694 1727 1727 1727 1727 1694 1727 1727 1704 1704 1727 1727 1727 1727 1700 1700 1700 1700 1700 1700 1700 1700 1700 1700 1727 1727 1694 1718 1718 1718 1694 1727 1727 1855 1881 1718 1718 1718 1727 1727 1718 1718 1718 1694 1880 1880 1880 1694 1694 1694 1694 1694 1694 1700 1700 1727 1700 1700 1700 1700 1700 1700 1700 1700 1780 1780 1780 1780 1780 1727 1700 1700 1700 1700 1700 1780 1780 1780 1780 1780 1780 1780 1780 1857 1869
1724 1862 1694 1724 1704 1694 1694 1694 1694 1704 1700 1694 1727 1704 1700 1700 1700 1700 1700 1700 1700 1700 1700 1700 1727 1727 1718 1718 1718 1718 1718 1727 1727 1724 1855 1700 1700 1700 1700 1718 1700 1700 1727 1727 1727 1860 1860 1860 1800 1860 1860 1700 1700 1700 1700 1700 1700 1700 1700 1700 1700 1700 1700 1900 1900 1900 1900 1780 1724 1780 1700 1700 1780 1780 1780 1780 1701 1780 1780 1780 1780 1780 1869 1869 1869
1694 1862 1694 1694 1694 1724 1704 1694 1700 1700 1700 1700 1727 1704 1704 1700 1700 1700 1700 1727 1727 1700 1700 1700 1700 1727 1700 1727 1727 1727 1727 1727 1727 1700 1700 1724 1724 1724 1700 1700 1700 1700 1727 1727 1727 1727 1800 1800 1860 1860 1700 1780 1780 1700 1780 1780 1780 1700 1700 1700 1700 1700 1900 1900 1780 1780 1780 1780 1727 1780 1780 1780 1780 1780 1780 1701 1780 1780 1780 1780 1780 1780 1780 1519 1519
1694 1694 1694 1694 1694 1724 1704 1704 1700 1700 1700 1700 1700 1700 1727 1727 1700 1700 1727 1727 1700 1700 1519 1700 1727 1727 1727 1727 1727 1727 1727 1727 1727 148 148 1727 1800 1800 1727 1727 1727 148 148 1727 1727 1727 1727 1724 1860 1860 1780 1780 1724 1780 1704 1704 1704 1780 1780 1780 1780 1780 1780 1780 1780 1727 1727 1727 1727 1727 1704 1704 1780 1780 1701 1780 1780 1780 1703 1703 1780 1869 1727 1519 1519
1694 1694 1694 1694 1694 1704 1704 1704 1704 1700 1700 1700 1700 1700 1700 1700 1724 1700 1700 1700 1700 1700 1727 1727 1727 1727 1727 1727 1727 1727 1727 148 148 1727 1727 1727 1727 1727 1727 148 1727 1727 148 1860 1860 1727 1727 1724 1860 1860 1724 1724 1724 1724 1780 1780 1780 1724 1780 1727 1727 1780 1780 1727 1727 1727 1727 1703 1703 1703 1727 1727 1727 1727 1703 1727 1703 1727 1703 1727 1703 1703 1727 1727 1727
1700 1700 1700 1694 1694 1724 1704 1704 1704 1700 1700 1700 1700 1700 1700 1700 1857 1724 1724 1857 1857 1700 1800 1727 1727 1727 1727 1727 1519 148 148 1727 148 148 148 1727 148 148 148 1727 1727 148 1727 1727 1727 1727 1860 1724 1780 1780 1900 1900 1780 1780 1727 1780 1724 1780 1780 1727 1727 1727 1727 1727 1703 1703 1703 1703 1703 1727 1703 1701 1727 1727 1727 1727 1727 1727 1727 1727 1727 1727 1727 1727 1727
1700 1700 1858 1694 1694 1694 1724 1704 1694 1700 1700 1700 1700 1700 1700 1700 1857 1857 1857 1857 1800 1800 1700 1700 1700 1700 1700 1727 1727 1727 1727 148 148 148 148 148 148 148 148 1727 148 1727 148 1727 148 1727 148 148 1780 1780 1727 1727 1727 1780 1727 1727 1727 1727 1727 1727 1871 1727 1727 1727 1727 1727 1727 1703 1703 1703 1703 1860 1860 1700 1700 1700 1727 1727 1700 1700 1700 1700 1700 1700 1700
1700 1700 1700 1700 1694 1694 1698 1724 1694 1700 1700 1700 1700 1700 1700 1700 1700 1700 1857 1857 1800 1700 1700 1700 1700 1700 1700 1700 1700 1727 1727 1727 148 148 148 148 1727 1727 148 1727 148 148 148 148 148 148 148 1727 1780 1780 1780 1780 1727 1727 1727 1727 1727 1727 1871 1860 1727 1727 1727 1727 1727 1727 1727 1860 1860 1860 1860 1703 1700 1900 1700 1700 1700 1700 1700 1700 1700 1700 1700 1700 1700
