code/mhm/output/Chemnitz2_0p0625/mhm_setup/morph/soil_class.asc
ncols                168
nrows                208
xllcorner            12.6875
yllcorner            50.59375
cellsize             0.001953125
nodata_value         -9999
[rows 74 to 110 of 208, columns 0 to 84 of 168]
1694 1694 1694 1694 1694 1694 1694 1698 1724 1694 1700 1700 1700 1700 1700 1700 1700 1700 1700 1700 1700 1700 1700 1700 1694 1700 1700 1727 1727 1727 1519 1727 1727 148 1727 1727 1727 1727 1727 1727 148 148 148 1727 1727 148 148 1727 1727 1780 1727 1727 1727 1727 1727 1727 1860 1703 1703 1703 1857 1703 1703 1703 1703 1703 1716 1860 1860 1703 1703 1703 1700 1700 1700 1700 1700 1700 1700 1708 1857 1700 1700 1700 1700
1704 1704 1694 1700 1700 1700 1700 1698 1724 1870 1694 1700 1700 1704 1704 1700 1700 1700 1700 1700 1700 1727 1700 1694 1727 1727 1727 1727 1727 1727 1700 1724 1704 1704 1704 1727 1727 1727 1727 1727 1727 1727 1727 1727 1727 1727 1727 1727 1727 1727 1727 1727 1727 1727 1727 1703 1703 1703 1703 1857 1703 1703 1703 1716 1716 1716 1716 1703 1703 1703 1703 1724 1703 1703 1703 1703 1708 1708 1708 1708 1708 1857 1700 1727 1727
1694 1704 1700 1700 1700 1700 1700 1700 1694 1724 1724 1727 1700 1700 1727 1700 1727 1700 1700 1727 1727 1727 1727 1727 1694 1700 1700 1700 1700 1700 1700 1724 1724 1724 1724 1704 1704 1727 1704 1704 1704 1704 1704 1704 1527 1727 1727 1727 1727 1727 148 1527 1727 1727 1703 1703 1703 1716 1716 1716 1700 1724 1724 1703 1703 1703 1703 1703 1703 1703 1703 1703 1703 1703 1724 1724 1724 1724 1724 1724 1724 1727 1727 1722 1783
1694 1694 1694 1694 1700 1700 1700 1700 1700 1700 1694 1727 1727 1727 1727 1727 1727 1727 1727 1727 1727 1727 1727 1727 1694 1700 1700 1700 1724 1700 1700 1700 1700 1700 1724 1724 1724 1724 1724 1724 1724 1700 1800 1800 1800 1727 1727 1727 1724 1727 1727 1527 1724 1703 1703 1703 1716 1716 1716 1716 1716 1700 1700 1724 1700 1700 1724 1703 1703 1703 1703 1703 1703 1724 1703 1780 1857 1700 1700 1700 1708 1864 1727 1783 1785
1870 1694 1694 1694 1700 1700 1700 1700 1700 1700 1727 1727 1727 1700 1700 1700 1700 1727 1727 1727 1700 1727 1727 1727 1694 1700 1700 1700 1874 1700 1700 1700 1700 1724 1724 1724 1724 1724 1724 1700 1700 1700 1700 1727 1727 1727 1727 1724 1727 1727 1703 1703 1703 1724 1703 1703 1703 1703 1716 1716 1700 1700 1703 1700 1700 1700 1724 1867 1867 1867 1867 1724 1724 1703 1703 1703 1780 1700 1700 1708 1864 1722 1722 1722 1722
1694 1694 1694 1694 1694 1694 1700 1700 1700 1700 1700 1724 1700 1700 1700 1700 1700 1700 1700 1727 1694 1871 1871 1727 1727 1871 1694 1700 1700 1700 1700 1700 1724 1724 1724 1724 1900 1700 1724 1700 1700 1700 1700 1727 1727 1703 1724 1855 1716 1716 1703 1703 1703 1724 1703 1716 1716 1716 1716 1716 1716 1716 1703 1700 1700 1724 1703 1703 1703 1703 1867 1867 1724 1703 1703 1703 1700 1700 1700 1708 1864 1722 1722 1711 1785
1704 1704 1704 1704 1724 1724 1694 1700 1700 1700 1700 1700 1724 1700 1700 1700 1724 1700 1871 1871 1871 1871 1694 1694 1694 1694 1700 1700 1700 1700 1724 1724 1700 1700 1900 1900 1900 1900 1700 1700 1700 1700 1727 1727 1703 1727 1724 1724 1703 1716 1716 1716 1716 1716 1703 1703 1716 1716 1716 1700 1724 1703 1724 1724 1703 1703 1703 1703 1703 1867 1867 1867 1724 1703 1703 1703 1700 1700 1700 1708 1711 1722 1703 1785 1785
1727 1727 1727 1724 1704 1704 1700 1700 1700 1700 1700 1700 1694 1694 1694 1694 1694 1694 1694 1694 1694 1694 1874 1694 1694 1724 1724 1724 1700 1700 1700 1724 1871 1900 1700 1860 1860 1860 1700 1700 1700 1727 1703 1703 1727 1724 1727 1703 1716 1716 1716 1716 1716 1716 1716 1716 1716 1716 1716 1703 1703 1703 1703 1703 1703 1703 1703 1703 1867 1867 1867 1867 1780 1780 1703 1703 1700 1700 1864 1864 1711 1722 1783 1708 1708
1900 1727 1900 1727 1727 1704 1727 1700 1700 1700 1700 1700 1694 1694 1694 1694 1694 1694 1694 1700 1700 1700 1700 1871 1862 1862 1871 1862 1862 1862 1700 1724 1724 1700 1700 1700 1700 1700 1700 1700 1703 1703 1727 1727 1727 1727 1727 1703 1716 1716 1716 1716 1716 1716 1716 1716 1703 1700 1700 1700 1703 1703 1703 1703 1703 1703 1703 1703 1867 1724 1780 1780 1716 1780 1703 1708 1708 1864 1864 1711 1864 1722 1783 1708 1708
1694 1694 1900 1724 1724 1727 1727 1874 1874 1874 1700 1700 1857 1724 1871 1871 1857 1694 1862 1862 1862 1700 1700 1700 1700 1700 1700 1700 1700 1700 1724 1700 1700 1700 1716 1716 1716 1716 1800 1703 1727 1727 1703 1724 1703 1703 1727 1724 1724 1780 1703 1703 1716 1716 1716 1703 1703 1703 1703 1703 1700 1700 1724 1724 1724 1703 1703 1703 1703 1716 1716 1716 1716 1703 1703 1703 1703 1703 1701 1701 1722 1722 1708 1783 1783
1694 1694 1724 1694 1694 1694 1694 1694 1727 1727 1871 1800 1860 1860 1860 1694 1694 1727 1727 1727 1727 1727 1700 1700 1700 1700 1700 1724 1716 1716 1716 1716 1716 1716 1716 1716 1716 1703 1727 1727 1727 1703 1703 1703 1724 1703 1703 1727 1724 1703 1703 1716 1716 1716 1700 1700 1700 1700 1700 1700 1716 1716 1716 1716 1716 1727 1724 1703 1703 1780 1780 1716 1716 1780 1727 1727 1727 1727 1727 1727 1727 1708 1708 1727 1727
1879 1724 1694 1694 1694 1700 1700 1700 1700 1727 1727 1701 1701 1860 1860 1871 1871 1862 1716 1716 1716 1727 1716 1716 1716 1716 1716 1716 1716 1716 1716 1716 1716 1716 1716 1703 1703 1703 1727 1727 1703 1703 1703 1703 1724 1703 1703 1703 1703 1780 1703 1716 1716 1716 1700 1700 1703 1859 1716 1716 1716 1716 1716 1716 1716 1780 1780 1724 1727 1780 1780 1780 1703 1703 1703 1727 1727 1727 1727 1727 1703 1727 1727 1724 1724
1724 1724 1862 1724 1700 1704 1704 1704 1727 1700 1727 1727 1694 1694 1701 1701 1701 1701 1716 1716 1716 1716 1716 1716 1716 1727 1716 1716 1716 1716 1703 1716 1716 1703 1703 1727 1727 1724 1727 1703 1703 1703 1703 1703 1703 1703 1703 1703 1703 1703 1703 1703 1703 1703 1703 1703 1703 1859 1859 1859 1716 1716 1780 1716 1716 1716 1780 1727 1780 1727 1727 1727 1727 1727 1727 1703 1727 1727 1727 1727 1727 1867 1727 1785 1800
1698 1724 1862 1862 1724 1704 1874 1700 1718 1718 1718 1727 1694 1694 1717 1717 1717 1701 1701 1701 1701 1716 1716 1716 1716 1703 1724 1727 1727 1727 1727 1724 1727 1727 1703 1727 1727 1703 1703 1703 1703 1703 1703 1703 1703 1703 1866 1866 1866 1866 1703 1703 1703 1703 1703 1703 1716 1716 1716 1716 1716 1716 1716 1780 1716 1727 1727 1727 1727 1727 1727 1727 1727 1727 1727 1727 1727 1785 1785 1785 1867 1785 1785 1785 1785
1698 1874 1874 1874 1866 1724 1704 1718 1718 1718 1718 1718 1727 1703 1703 1703 1703 1703 1703 1703 1703 1703 1724 1724 1866 1866 1866 1866 1866 1780 1716 1780 1727 1703 1703 1703 1703 1703 1703 1703 1703 1716 1716 1716 1703 1866 1716 1716 1716 1716 1716 1703 1703 1703 1703 1703 1703 1703 1716 1716 1716 1716 1703 1724 1727 1727 1727 1727 1727 1727 1727 1727 1727 1727 1727 1727 1727 1700 1700 1785 1785 1785 1785 1785 1727
1862 1874 1874 1874 1866 1866 1724 1704 1704 1718 1717 1703 1703 1703 1703 1703 1703 1716 1716 1716 1724 1716 1716 1716 1716 1716 1716 1780 1724 1716 1716 1724 1703 1703 1703 1703 1703 1703 1703 1703 1703 1716 1716 1716 1716 1716 1716 1716 1716 1716 1716 1716 1716 1703 1703 1703 1703 1711 1703 1716 1703 1703 1698 1698 1727 1727 1727 1727 1700 1700 1727 1700 1700 1727 1727 1727 1727 1700 1700 1700 1785 1727 1727 1785 1785
1724 1862 1862 1874 1866 1866 1724 1704 1704 1704 1704 1703 1703 1703 1703 1716 1716 1716 1716 1716 1716 1703 1716 1716 1780 1724 1724 1780 1724 1716 1716 1780 1780 1703 1703 1703 1703 1703 1703 1703 1703 1716 1855 1855 1855 1716 1716 1716 1703 1703 1703 1703 1703 1703 1703 1703 1703 1703 1711 1724 1716 1716 1698 1698 1785 1700 1727 1727 1700 1700 1727 1724 1724 1700 1727 1727 1727 1727 1727 1727 1727 1727 1727 1727 1727
1724 1862 1862 1862 1700 1700 1700 1700 1700 1704 1704 1703 1703 1716 1716 1716 1716 1716 1716 1716 1716 1703 1703 1703 1703 1703 1703 1703 1780 1780 1716 1724 1780 1703 1703 1703 1716 1716 1716 1716 1716 1716 1716 1716 1716 1716 1703 1875 1875 1875 1875 1703 1703 1703 1703 1711 1711 1711 1694 1698 1698 1724 1785 1785 1785 1700 1700 1700 1700 1700 1727 1700 1700 1727 1727 1727 1727 1727 1727 1727 1727 1727 1727 1727 1727
1724 1879 1862 1862 1700 1700 1700 1700 1700 1700 1704 1704 1703 1716 1716 1716 1716 1716 1716 1703 1703 1703 1724 1724 1703 1703 1703 1703 1780 1780 1780 1780 1703 1703 1703 1703 1703 1703 1703 1703 1703 1703 1703 1703 1703 1703 1703 1703 1703 1703 1875 1875 1703 1711 1711 1711 1694 1727 1724 1694 1694 1694 1698 1698 1698 1727 1700 1700 1700 1700 1727 1727 1727 1727 1727 1727 1727 1727 1727 1727 1727 1727 1727 1727 1716
1874 1874 1694 1724 1694 1694 1700 1700 1700 1700 1704 1704 1703 1716 1716 1716 1703 1703 1703 1703 1703 1703 1703 1703 1703 1703 1703 1703 1703 1703 1703 1703 1703 1703 1703 1703 1703 1703 1703 1711 1703 1703 1703 1703 1703 1703 1703 1703 1703 1703 1873 1875 1724 1694 1694 1694 1727 1727 1785 1724 1785 1724 1700 1700 1727 1727 1727 1727 1724 1727 1700 1700 1727 1727 1727 1727 1727 1541 1727 1727 1727 1727 1541 1541 1541
1694 1694 1694 1859 1859 1724 1724 1724 1724 1724 1704 1694 1694 1694 1694 1703 1703 1703 1703 1703 1727 1703 1703 1703 1703 1703 1703 1703 1703 1703 1703 1703 1703 1703 1703 1703 1703 1703 1703 1703 1711 1727 1727 1703 1703 1703 1703 1711 1711 1727 1727 1727 1727 1900 1727 1727 1727 1727 1727 1785 1724 1727 1727 1727 1783 1727 1727 1727 1700 1700 1700 1727 1727 1727 1727 1727 1541 1541 1541 1541 1541 1541 1541 1541 1541
1866 1866 1866 1694 1694 1694 1694 1694 1694 1694 1694 1724 1724 1694 1694 1703 1703 1703 1703 1703 1727 1703 1727 1727 1727 1869 1869 1869 1727 1727 1727 1703 1703 1703 1703 1703 1703 1724 1703 1703 1727 1727 1727 1727 1793 1793 1793 1793 1793 1793 1793 1727 1727 1727 1727 1727 1727 1727 1727 1727 1727 1727 1727 1783 1727 1783 1727 1727 1727 1727 1727 1727 1727 1727 1727 1727 1727 1727 1727 1541 1541 1541 1541 1541 1541
1866 1866 1866 1694 1694 1694 1694 1694 1694 1703 1703 1694 1694 1703 1703 1703 1703 1703 1703 1703 1703 1703 1703 1703 1703 1703 1703 1703 1869 1869 1727 1727 1703 1703 1703 1703 1703 1711 1711 1711 1724 1727 1727 1727 1727 1727 1727 1727 1727 1727 1727 1727 1727 1727 1727 1727 1530 1530 1530 1530 1530 1530 1530 1530 1783 1783 1783 1727 1727 1727 1727 1727 1727 1727 1727 1727 1727 1727 1530 1530 1530 1530 1530 1530 1530
1703 1703 1694 1724 1694 1694 1694 1703 1703 1703 1703 1703 1703 1703 1800 1800 1703 1703 1703 1703 1703 1703 1703 1703 1703 1703 1703 1703 1703 1703 1727 1727 1727 1711 1711 1727 1727 1727 1793 1793 1793 1727 1727 1727 1727 1727 1727 1727 1727 1727 1727 1727 1727 1727 1800 1530 1530 1530 1868 1724 1724 1724 1785 1724 1785 1785 1785 1785 1727 1727 1727 1727 1727 1727 1727 1727 1727 1727 1727 1530 1530 1530 1530 1530 1724
1716 1800 1703 1694 1694 1694 1694 1703 1703 1703 1703 1703 1703 1703 1703 1703 1703 1703 1703 1606 1703 1703 1703 1703 1703 1780 1780 1703 1727 1869 1727 1727 1727 1727 1727 1727 1727 1727 1727 1793 1783 1783 1783 1783 1783 1783 1783 1783 1783 1783 1868 1724 1724 1724 1785 1785 1785 1785 1727 1727 1785 1785 1724 1785 1780 1780 1780 1785 1727 1727 1727 1785 1785 1785 1785 1727 1727 1727 1530 1530 1530 1530 1530 1785 1785
1716 1716 1716 1606 1606 1716 1716 1606 1606 1703 1703 1703 1703 1703 1703 1703 1606 1606 1703 1606 1606 1703 1606 1606 1606 1780 1780 1780 1727 1727 1727 1694 1727 1727 1727 1727 1727 1785 1785 1785 1785 1785 1785 1724 1785 1785 1785 1785 1785 1785 1785 1783 1783 1785 1724 1785 1780 1727 1727 1727 1727 1727 1793 1780 1780 1785 1785 1724 1724 1785 1785 1727 1727 1785 1785 1785 1785 1727 1530 1530 1727 1785 1785 1785 1785
1703 1703 1703 1703 1606 1716 1606 1606 1606 1606 1606 1606 1716 1716 1716 1716 1716 1606 1606 1606 1606 1606 1606 1606 1606 1606 1780 1724 1873 1694 1694 1694 1727 1727 1694 1727 1727 1530 1530 1727 1727 1785 1616 1616 1616 1785 1724 1785 1783 1783 1783 1785 1785 1711 1711 1711 1780 1780 1785 1785 1727 1793 1793 1793 1724 1785 1785 1785 1724 1785 1785 1714 1714 1785 1785 1785 1785 1785 1785 1785 1724 1785 1785 1785 1785
1714 1714 1606 1606 1606 1606 1606 1606 1606 148 148 148 148 148 1606 1606 1606 1606 1606 1606 1606 1606 148 1606 1881 1724 1724 1724 1694 1694 1724 1694 1694 1694 1694 1694 1727 1727 1727 1783 1783 1785 1727 1727 1727 1783 1783 1783 1785 1785 1785 1785 1785 1711 1783 1780 1780 1727 1727 1727 1727 1727 1793 1724 1785 1785 1785 1857 1724 1785 1714 1714 1714 1785 1785 1785 1785 1785 1724 1701 1727 1785 1785 1785 1714
1606 1606 1606 1606 1606 1606 1606 1606 148 148 148 148 148 148 148 148 148 1606 1606 1606 148 148 148 148 1881 1694 1694 1694 1694 1606 1878 1694 1694 1694 1694 1694 1783 1783 1783 1783 1785 1785 1783 1783 1783 1727 1783 1785 1785 1783 1783 1783 1783 1783 1780 1727 1727 1727 1727 1727 1727 1780 1793 1724 1780 1780 1780 1785 1785 1785 1785 1714 1714 1785 1785 1785 1785 1785 1785 1785 1701 1785 1714 1714 1785
1714 1606 1606 1606 1606 1606 148 148 148 148 148 148 1606 1606 1606 1606 1785 1606 1606 148 148 148 148 148 148 1780 1780 1780 1780 1606 1606 1780 1780 1780 1780 1780 1783 1783 1783 1785 1785 1783 1783 1783 1783 1727 1727 1783 1783 1783 1783 1783 1783 1783 1727 1727 1727 1780 1780 1780 1780 1793 1724 1780 1780 1780 1785 1724 1724 1785 1785 1785 1785 1785 1785 1785 1785 1785 1785 1785 1785 1701 1701 1785 1785
1600 1606 1606 148 148 148 1530 148 148 1606 1530 1530 1530 1530 1606 1606 1606 1785 1785 1701 1785 1785 1600 1600 1780 1780 1780 1780 1600 1606 1606 1780 1780 1780 1780 1606 1780 1724 1724 1785 1785 1724 1724 1783 1783 1783 1786 1786 1786 1727 1783 1783 1727 1727 1727 1785 1785 1780 1780 1793 1724 1780 1780 1780 1724 1785 1785 1785 1785 1785 1785 1785 1785 1785 1785 1785 1785 1785 1785 1785 1601 1601 1785 1785 1785
1600 1606 1606 1606 148 1606 1606 1606 1606 1604 1530 1530 1530 1601 1785 1785 1785 1785 1701 1785 1785 1785 1785 1601 1600 1600 1600 1701 1600 1530 1606 1780 1780 1780 1606 1606 1724 1785 1785 1785 1785 1785 1785 1786 1786 1786 1786 1786 1786 1786 1727 1727 1727 1785 1785 1785 1785 1785 1724 1785 1785 1785 1701 1785 1785 1785 1785 1785 1785 1785 1785 1785 1785 1785 1785 1785 1785 1785 1785 1601 1785 1785 1785 1785 1785
1600 1530 1530 1530 1530 1606 1604 1604 1601 1601 1612 1601 1785 1785 1785 1785 1785 1785 1785 1701 1785 1785 1785 1601 1600 1600 1600 1600 1701 1530 1530 1530 1530 1530 909 909 1606 1606 1785 1785 1785 1701 1786 1786 1786 1786 1786 1786 1786 1727 1727 1727 1785 1785 1785 1785 1785 1785 1785 1785 1785 1785 1785 1785 1785 1785 1785 1785 1785 1724 1724 1785 1785 1785 1785 1785 1785 1785 1785 1785 1785 1785 1785 1785 1785
1530 1530 1530 1530 1606 1604 1785 1785 1612 1612 1612 1612 1785 1785 1785 1785 1601 1530 1785 1785 1601 909 1601 1601 1601 1601 909 909 909 909 909 909 909 909 1600 1606 1606 1600 1606 1701 1786 1786 1786 1786 1701 1786 1786 1727 1727 1786 1727 1727 1785 1785 1785 1785 1785 1701 1701 1785 1785 1701 1785 1785 1785 1785 1785 1724 1601 1785 1785 1785 1785 1701 1701 1785 1785 1785 1785 1785 1785 1785 1785 1785 1785
1530 1530 1530 1606 1606 1785 1785 1612 1612 1612 1612 1785 1785 1601 1785 1785 1785 1530 1530 909 909 909 909 909 909 909 909 909 909 909 909 909 909 1785 1785 1600 1606 1600 1600 1724 1606 1786 1701 1786 1786 1786 1786 1786 1786 1786 1786 1786 1786 1785 1785 1785 1785 1785 1785 1785 1785 1785 1785 1785 1785 1724 1724 1785 1785 1785 1785 1785 1701 1785 1785 1785 1785 1600 1600 1606 1606 1606 1785 1606 1785
1530 1530 1606 1606 1785 1785 1785 1785 1785 1785 1785 1785 1785 1785 1601 1601 1601 1530 1530 909 909 909 909 1530 1530 1612 1612 1612 1612 1612 1612 1612 1701 1785 1785 1785 1785 1785 1600 1701 1724 1606 1724 1724 1724 1724 1724 1724 1786 1786 1786 1786 1785 1785 1785 1785 1785 1785 1785 1785 1785 1785 1785 1724 1601 1601 1601 1785 1785 1785 1785 1785 1785 1785 1785 1785 1606 1785 1600 1600 1600 1606 1606 1606 1785
1606 1530 1606 1606 1785 1785 1785 1785 1785 1601 1601 1601 1601 909 909 909 909 909 909 1530 1530 1530 1724 1612 1612 1612 1612 1612 1612 1612 1612 1786 1786 1786 1785 1785 1785 1785 1785 1701 1724 1785 1785 1785 1785 1785 1785 1785 1724 1724 1785 1785 1785 1785 1785 1785 1785 1785 1785 1791 1791 1786 1786 1786 1785 1785 1601 1785 1785 1785 1785 1785 1785 1785 1785 1785 1785 1785 1785 1785 1600 1600 1606 1606 1606
